2.18	-1.0201	-1.3381	0.8980
2.67	-0.9095	-1.1765	0.8880
3.03	-0.8268	-1.0553	0.8755
3.30	-0.7624	-0.9659	0.8698
3.73	-0.6544	-0.8208	0.8662
4.08	-0.5660	-0.7023	0.8640
4.66	-0.4125	-0.5076	0.8567
5.14	-0.2834	-0.3438	0.8482
5.71	-0.1526	-0.1702	0.8370
6.11	-0.1000	-0.1061	0.8341
6.74	-0.0712	-0.0856	0.8401
7.28	-0.0576	-0.0887	0.8538
7.73	-0.0655	-0.1153	0.8651
8.36	-0.0993	-0.1756	0.8341
8.74	-0.1234	-0.2154	0.6964
9.33	-0.1604	-0.2811	0.4062
9.98	-0.1988	-0.3672	0.1270
10.55	-0.2490	-0.4420	0.0703
10.85	-0.2542	-0.4482	0.0702
11.34	-0.2550	-0.4485	0.0702
2.29	-0.9944	-1.3014	0.8973
2.52	-0.9437	-1.2271	0.8929
2.99	-0.8365	-1.0692	0.8768
3.37	-0.7439	-0.9410	0.8687
3.78	-0.6419	-0.8040	0.8658
4.20	-0.5356	-0.6630	0.8631
4.76	-0.3856	-0.4735	0.8554
5.23	-0.2595	-0.3127	0.8460
5.56	-0.1809	-0.2075	0.8393
6.22	-0.0917	-0.0975	0.8344
6.81	-0.0692	-0.0859	0.8416
7.26	-0.0578	-0.0883	0.8534
7.66	-0.0626	-0.1094	0.8637
8.18	-0.0889	-0.1573	0.8624
8.86	-0.1313	-0.2280	0.6403
9.39	-0.1642	-0.2892	0.3747
9.90	-0.1938	-0.3567	0.1529
10.38	-0.2365	-0.4274	0.0710
10.92	-0.2544	-0.4483	0.0702
11.23	-0.2549	-0.4485	0.0702
2.24	-1.0073	-1.3199	0.8978
2.57	-0.9323	-1.2102	0.8914
2.93	-0.8521	-1.0917	0.8791
3.37	-0.7439	-0.9410	0.8687
3.79	-0.6398	-0.8012	0.8658
4.07	-0.5682	-0.7051	0.8641
4.63	-0.4193	-0.5159	0.8574
5.23	-0.2595	-0.3127	0.8460
5.58	-0.1775	-0.2031	0.8391
6.33	-0.0842	-0.0906	0.8351
6.81	-0.0692	-0.0859	0.8416
7.36	-0.0568	-0.0907	0.8562
7.79	-0.0684	-0.1204	0.8663
8.29	-0.0948	-0.1678	0.8489
8.72	-0.1217	-0.2127	0.7079
9.39	-0.1637	-0.2882	0.3786
9.82	-0.1886	-0.3453	0.1848
10.41	-0.2387	-0.4306	0.0706
10.99	-0.2547	-0.4484	0.0702
11.22	-0.2549	-0.4485	0.0702
2.18	-1.0201	-1.3381	0.8980
2.64	-0.9152	-1.1849	0.8889
3.02	-0.8307	-1.0609	0.8760
3.36	-0.7459	-0.9437	0.8689
3.77	-0.6440	-0.8068	0.8659
4.23	-0.5291	-0.6545	0.8629
4.68	-0.4058	-0.4990	0.8565
5.11	-0.2922	-0.3551	0.8490
5.58	-0.1775	-0.2031	0.8391
6.29	-0.0867	-0.0928	0.8348
6.61	-0.0739	-0.0852	0.8382
7.20	-0.0588	-0.0873	0.8517
7.86	-0.0718	-0.1264	0.8676
8.26	-0.0934	-0.1654	0.8528
8.76	-0.1251	-0.2181	0.6847
9.39	-0.1637	-0.2882	0.3786
9.91	-0.1943	-0.3578	0.1499
10.47	-0.2440	-0.4367	0.0706
10.90	-0.2544	-0.4482	0.0702
11.25	-0.2549	-0.4485	0.0701
2.31	-0.9907	-1.2960	0.8972
2.50	-0.9474	-1.2329	0.8933
3.05	-0.8209	-1.0469	0.8748
3.35	-0.7480	-0.9464	0.8689
3.64	-0.6774	-0.8518	0.8668
4.17	-0.5422	-0.6714	0.8633
4.66	-0.4103	-0.5047	0.8567
5.12	-0.2899	-0.3523	0.8487
5.68	-0.1585	-0.1778	0.8374
6.14	-0.0978	-0.1037	0.8341
6.85	-0.0680	-0.0860	0.8425
7.16	-0.0599	-0.0868	0.8503
7.68	-0.0632	-0.1108	0.8641
8.35	-0.0987	-0.1747	0.8359
8.79	-0.1268	-0.2208	0.6728
9.27	-0.1571	-0.2740	0.4345
9.83	-0.1891	-0.3464	0.1815
10.47	-0.2425	-0.4354	0.0709
10.96	-0.2545	-0.4483	0.0702
11.23	-0.2549	-0.4485	0.0702
2.21	-1.0128	-1.3277	0.8979
2.67	-0.9095	-1.1765	0.8880
3.01	-0.8326	-1.0637	0.8763
3.32	-0.7562	-0.9576	0.8694
3.71	-0.6607	-0.8293	0.8663
4.05	-0.5725	-0.7107	0.8642
4.68	-0.4058	-0.4990	0.8565
5.04	-0.3097	-0.3776	0.8505
5.63	-0.1677	-0.1900	0.8383
6.29	-0.0867	-0.0928	0.8348
6.74	-0.0712	-0.0856	0.8401
7.21	-0.0586	-0.0874	0.8519
7.70	-0.0644	-0.1130	0.8647
8.35	-0.0987	-0.1747	0.8359
8.78	-0.1262	-0.2199	0.6768
9.36	-0.1623	-0.2852	0.3904
9.83	-0.1891	-0.3464	0.1815
10.36	-0.2339	-0.4250	0.0728
10.98	-0.2546	-0.4484	0.0702
11.41	-0.2550	-0.4485	0.0702
2.23	-1.0091	-1.3225	0.8978
2.52	-0.9437	-1.2271	0.8929
3.09	-0.8129	-1.0357	0.8739
3.44	-0.7274	-0.9188	0.8681
3.66	-0.6711	-0.8434	0.8666
4.18	-0.5400	-0.6686	0.8633
4.57	-0.4351	-0.5357	0.8583
5.16	-0.2769	-0.3354	0.8476
5.58	-0.1775	-0.2031	0.8391
6.26	-0.0888	-0.0947	0.8347
6.84	-0.0685	-0.0859	0.8421
7.29	-0.0574	-0.0888	0.8541
7.70	-0.0644	-0.1130	0.8647
8.26	-0.0929	-0.1646	0.8540
8.79	-0.1268	-0.2208	0.6728
9.47	-0.1684	-0.2987	0.3399
9.98	-0.1988	-0.3672	0.1270
10.52	-0.2473	-0.4404	0.0703
10.87	-0.2543	-0.4482	0.0702
11.44	-0.2551	-0.4485	0.0702
2.29	-0.9962	-1.3041	0.8974
2.59	-0.9284	-1.2048	0.8908
3.07	-0.8169	-1.0413	0.8743
3.28	-0.7665	-0.9715	0.8700
3.63	-0.6795	-0.8546	0.8668
4.18	-0.5400	-0.6686	0.8633
4.74	-0.3901	-0.4793	0.8556
5.15	-0.2790	-0.3382	0.8478
5.56	-0.1809	-0.2075	0.8393
6.09	-0.1024	-0.1088	0.8340
6.65	-0.0730	-0.0853	0.8387
7.38	-0.0567	-0.0913	0.8567
7.80	-0.0692	-0.1220	0.8667
8.18	-0.0889	-0.1573	0.8624
8.91	-0.1346	-0.2334	0.6152
9.28	-0.1576	-0.2749	0.4305
9.95	-0.1971	-0.3637	0.1353
10.40	-0.2381	-0.4297	0.0705
11.00	-0.2547	-0.4484	0.0702
11.36	-0.2550	-0.4485	0.0702
2.21	-1.0128	-1.3277	0.8979
2.62	-0.9209	-1.1935	0.8898
3.09	-0.8129	-1.0357	0.8739
3.28	-0.7665	-0.9715	0.8700
3.71	-0.6607	-0.8293	0.8663
4.05	-0.5725	-0.7107	0.8642
4.70	-0.3990	-0.4907	0.8559
5.26	-0.2508	-0.3013	0.8453
5.56	-0.1809	-0.2075	0.8393
6.08	-0.1033	-0.1097	0.8340
6.83	-0.0688	-0.0859	0.8419
7.21	-0.0586	-0.0874	0.8519
7.86	-0.0718	-0.1264	0.8676
8.33	-0.0973	-0.1721	0.8413
8.79	-0.1268	-0.2208	0.6728
9.39	-0.1642	-0.2892	0.3747
9.83	-0.1891	-0.3464	0.1815
10.55	-0.2490	-0.4420	0.0703
10.85	-0.2542	-0.4482	0.0702
11.26	-0.2549	-0.4485	0.0702
2.20	-1.0146	-1.3304	0.8979
2.51	-0.9455	-1.2300	0.8931
2.92	-0.8541	-1.0945	0.8793
3.34	-0.7521	-0.9520	0.8692
3.72	-0.6565	-0.8237	0.8662
4.18	-0.5400	-0.6686	0.8633
4.61	-0.4260	-0.5246	0.8575
5.13	-0.2855	-0.3466	0.8484
5.74	-0.1484	-0.1647	0.8367
6.10	-0.1008	-0.1070	0.8340
6.65	-0.0730	-0.0853	0.8387
7.28	-0.0576	-0.0887	0.8538
7.68	-0.0632	-0.1108	0.8641
8.41	-0.1022	-0.1807	0.8214
8.78	-0.1262	-0.2199	0.6768
9.48	-0.1693	-0.3010	0.3320
9.80	-0.1872	-0.3420	0.1948
10.52	-0.2473	-0.4404	0.0703
10.83	-0.2542	-0.4481	0.0702
11.36	-0.2550	-0.4485	0.0702
2.27	-0.9999	-1.3093	0.8976
2.69	-0.9057	-1.1710	0.8874
2.93	-0.8521	-1.0917	0.8791
3.36	-0.7459	-0.9437	0.8689
3.67	-0.6691	-0.8406	0.8665
4.05	-0.5746	-0.7136	0.8642
4.61	-0.4260	-0.5246	0.8575
5.19	-0.2703	-0.3269	0.8470
5.65	-0.1630	-0.1837	0.8379
6.17	-0.0956	-0.1015	0.8342
6.66	-0.0728	-0.0853	0.8389
7.20	-0.0588	-0.0873	0.8517
7.86	-0.0722	-0.1272	0.8677
8.43	-0.1033	-0.1824	0.8167
8.81	-0.1279	-0.2226	0.6647
9.30	-0.1590	-0.2780	0.4184
10.00	-0.2001	-0.3697	0.1215
10.45	-0.2411	-0.4337	0.0710
10.87	-0.2543	-0.4482	0.0702
11.29	-0.2549	-0.4485	0.0702
2.21	-1.0128	-1.3277	0.8979
2.59	-0.9284	-1.2048	0.8908
3.02	-0.8288	-1.0580	0.8758
3.31	-0.7583	-0.9604	0.8695
3.73	-0.6544	-0.8208	0.8662
4.12	-0.5574	-0.6910	0.8638
4.66	-0.4125	-0.5076	0.8567
5.14	-0.2834	-0.3438	0.8482
5.74	-0.1484	-0.1647	0.8367
6.21	-0.0923	-0.0982	0.8344
6.85	-0.0680	-0.0860	0.8425
7.16	-0.0599	-0.0868	0.8503
7.91	-0.0744	-0.1309	0.8684
8.21	-0.0907	-0.1605	0.8591
8.72	-0.1217	-0.2127	0.7079
9.41	-0.1655	-0.2925	0.3628
10.01	-0.2007	-0.3709	0.1189
10.47	-0.2425	-0.4354	0.0709
11.01	-0.2547	-0.4484	0.0702
11.33	-0.2550	-0.4485	0.0702
2.19	-1.0165	-1.3330	0.8979
2.67	-0.9095	-1.1765	0.8880
3.06	-0.8189	-1.0441	0.8745
3.44	-0.7274	-0.9188	0.8681
3.78	-0.6419	-0.8040	0.8658
4.12	-0.5574	-0.6910	0.8638
4.76	-0.3856	-0.4735	0.8554
5.12	-0.2899	-0.3523	0.8487
5.56	-0.1809	-0.2075	0.8393
6.14	-0.0978	-0.1037	0.8341
6.85	-0.0680	-0.0860	0.8425
7.26	-0.0579	-0.0881	0.8531
7.71	-0.0647	-0.1137	0.8648
8.29	-0.0948	-0.1678	0.8489
8.78	-0.1262	-0.2199	0.6768
9.43	-0.1665	-0.2944	0.3553
9.91	-0.1943	-0.3578	0.1499
10.36	-0.2339	-0.4250	0.0728
10.98	-0.2546	-0.4484	0.0702
11.25	-0.2549	-0.4485	0.0701
2.29	-0.9962	-1.3041	0.8974
2.53	-0.9418	-1.2243	0.8927
2.93	-0.8502	-1.0888	0.8788
3.30	-0.7603	-0.9631	0.8697
3.74	-0.6523	-0.8180	0.8661
4.14	-0.5509	-0.6826	0.8636
4.54	-0.4441	-0.5473	0.8585
5.21	-0.2638	-0.3184	0.8464
5.59	-0.1758	-0.2008	0.8389
6.31	-0.0852	-0.0915	0.8351
6.80	-0.0694	-0.0858	0.8414
7.16	-0.0599	-0.0868	0.8503
7.80	-0.0692	-0.1220	0.8667
8.43	-0.1033	-0.1824	0.8167
8.71	-0.1211	-0.2118	0.7117
9.30	-0.1586	-0.2769	0.4225
9.82	-0.1886	-0.3453	0.1848
10.36	-0.2347	-0.4263	0.0721
10.88	-0.2543	-0.4482	0.0702
11.26	-0.2549	-0.4485	0.0702
2.16	-1.0237	-1.3433	0.8980
2.53	-0.9418	-1.2243	0.8927
2.89	-0.8599	-1.1028	0.8802
3.42	-0.7315	-0.9243	0.8683
3.62	-0.6816	-0.8574	0.8669
4.07	-0.5682	-0.7051	0.8641
4.61	-0.4260	-0.5246	0.8575
5.18	-0.2725	-0.3297	0.8472
5.66	-0.1614	-0.1818	0.8377
6.11	-0.1000	-0.1061	0.8341
6.78	-0.0701	-0.0858	0.8409
7.19	-0.0592	-0.0871	0.8512
7.71	-0.0647	-0.1137	0.8648
8.21	-0.0907	-0.1605	0.8591
8.91	-0.1346	-0.2334	0.6152
9.43	-0.1665	-0.2944	0.3553
9.87	-0.1916	-0.3521	0.1652
10.50	-0.2452	-0.4381	0.0703
10.81	-0.2541	-0.4480	0.0702
11.33	-0.2550	-0.4485	0.0702
2.20	-1.0146	-1.3304	0.8979
2.58	-0.9304	-1.2075	0.8911
2.90	-0.8580	-1.1000	0.8799
3.40	-0.7356	-0.9298	0.8684
3.68	-0.6670	-0.8378	0.8665
4.20	-0.5356	-0.6630	0.8631
4.70	-0.3990	-0.4907	0.8559
5.09	-0.2965	-0.3608	0.8494
5.76	-0.1456	-0.1612	0.8364
6.18	-0.0943	-0.1001	0.8343
6.64	-0.0733	-0.0852	0.8386
7.16	-0.0597	-0.0869	0.8505
7.75	-0.0667	-0.1175	0.8656
8.34	-0.0977	-0.1730	0.8395
8.81	-0.1284	-0.2235	0.6608
9.39	-0.1642	-0.2892	0.3747
9.90	-0.1932	-0.3556	0.1559
10.32	-0.2299	-0.4185	0.0750
10.84	-0.2543	-0.4482	0.0702
11.37	-0.2550	-0.4485	0.0702
2.29	-0.9962	-1.3041	0.8974
2.61	-0.9228	-1.1962	0.8900
2.93	-0.8521	-1.0917	0.8791
3.44	-0.7274	-0.9188	0.8681
3.64	-0.6774	-0.8518	0.8668
4.23	-0.5268	-0.6515	0.8629
4.52	-0.4509	-0.5557	0.8590
5.19	-0.2703	-0.3269	0.8470
5.68	-0.1585	-0.1778	0.8374
6.09	-0.1024	-0.1088	0.8340
6.69	-0.0722	-0.0854	0.8393
7.33	-0.0571	-0.0898	0.8553
7.75	-0.0667	-0.1175	0.8656
8.29	-0.0948	-0.1678	0.8489
8.91	-0.1346	-0.2334	0.6152
9.30	-0.1590	-0.2780	0.4184
9.88	-0.1922	-0.3533	0.1621
10.47	-0.2440	-0.4367	0.0706
10.85	-0.2542	-0.4482	0.0702
11.41	-0.2550	-0.4485	0.0702
2.31	-0.9907	-1.2960	0.8972
2.66	-0.9114	-1.1793	0.8883
2.90	-0.8580	-1.1000	0.8799
3.40	-0.7356	-0.9298	0.8684
3.68	-0.6670	-0.8378	0.8665
4.14	-0.5509	-0.6826	0.8636
4.76	-0.3856	-0.4735	0.8554
5.19	-0.2703	-0.3269	0.8470
5.68	-0.1585	-0.1778	0.8374
6.21	-0.0923	-0.0982	0.8344
6.74	-0.0712	-0.0856	0.8401
7.36	-0.0568	-0.0907	0.8562
7.75	-0.0667	-0.1175	0.8656
8.41	-0.1022	-0.1807	0.8214
8.74	-0.1234	-0.2154	0.6964
9.49	-0.1698	-0.3020	0.3281
9.87	-0.1916	-0.3521	0.1652
10.50	-0.2452	-0.4381	0.0703
10.99	-0.2547	-0.4484	0.0702
11.25	-0.2549	-0.4485	0.0701
2.18	-1.0201	-1.3381	0.8980
2.58	-0.9304	-1.2075	0.8911
3.03	-0.8268	-1.0553	0.8755
3.30	-0.7603	-0.9631	0.8697
3.74	-0.6523	-0.8180	0.8661
4.07	-0.5682	-0.7051	0.8641
4.57	-0.4351	-0.5357	0.8583
5.26	-0.2508	-0.3013	0.8453
5.68	-0.1585	-0.1778	0.8374
6.31	-0.0852	-0.0915	0.8351
6.79	-0.0699	-0.0858	0.8411
7.26	-0.0579	-0.0881	0.8531
7.76	-0.0671	-0.1182	0.8658
8.19	-0.0894	-0.1580	0.8616
8.96	-0.1379	-0.2388	0.5899
9.35	-0.1618	-0.2842	0.3943
9.85	-0.1900	-0.3487	0.1749
10.50	-0.2452	-0.4381	0.0703
10.99	-0.2547	-0.4484	0.0702
11.29	-0.2549	-0.4485	0.0702
2.29	-0.9944	-1.3014	0.8973
2.68	-0.9076	-1.1738	0.8877
2.92	-0.8541	-1.0945	0.8793
3.42	-0.7315	-0.9243	0.8683
3.71	-0.6586	-0.8264	0.8663
4.18	-0.5400	-0.6686	0.8633
4.64	-0.4170	-0.5131	0.8572
5.11	-0.2922	-0.3551	0.8490
5.79	-0.1403	-0.1544	0.8360
6.18	-0.0943	-0.1001	0.8343
6.63	-0.0735	-0.0852	0.8384
7.26	-0.0579	-0.0881	0.8531
7.74	-0.0659	-0.1160	0.8654
8.24	-0.0921	-0.1630	0.8562
8.94	-0.1368	-0.2371	0.5983
9.49	-0.1703	-0.3030	0.3245
9.87	-0.1916	-0.3521	0.1652
10.52	-0.2467	-0.4396	0.0702
11.01	-0.2547	-0.4484	0.0702
11.41	-0.2550	-0.4485	0.0702
2.17	-1.0219	-1.3406	0.8980
2.54	-0.9399	-1.2216	0.8924
2.96	-0.8424	-1.0777	0.8777
3.39	-0.7398	-0.9354	0.8686
3.71	-0.6607	-0.8293	0.8663
4.26	-0.5203	-0.6433	0.8625
4.58	-0.4328	-0.5331	0.8579
5.21	-0.2638	-0.3184	0.8464
5.76	-0.1456	-0.1612	0.8364
6.31	-0.0852	-0.0915	0.8351
6.70	-0.0719	-0.0855	0.8396
7.33	-0.0571	-0.0898	0.8553
7.73	-0.0655	-0.1153	0.8651
8.38	-0.1002	-0.1773	0.8300
8.84	-0.1302	-0.2262	0.6485
9.35	-0.1618	-0.2842	0.3943
9.93	-0.1954	-0.3601	0.1440
10.55	-0.2490	-0.4420	0.0703
10.87	-0.2543	-0.4482	0.0702
11.23	-0.2549	-0.4485	0.0702
2.25	-1.0036	-1.3147	0.8976
2.52	-0.9437	-1.2271	0.8929
2.96	-0.8443	-1.0805	0.8779
3.41	-0.7336	-0.9271	0.8683
3.66	-0.6711	-0.8434	0.8666
4.14	-0.5509	-0.6826	0.8636
4.70	-0.3990	-0.4907	0.8559
5.24	-0.2573	-0.3098	0.8459
5.59	-0.1758	-0.2008	0.8389
6.28	-0.0872	-0.0933	0.8348
6.84	-0.0685	-0.0859	0.8421
7.31	-0.0572	-0.0894	0.8547
7.80	-0.0692	-0.1220	0.8667
8.33	-0.0973	-0.1721	0.8413
8.83	-0.1296	-0.2253	0.6526
9.27	-0.1571	-0.2740	0.4345
9.97	-0.1982	-0.3660	0.1297
10.39	-0.2372	-0.4279	0.0705
10.88	-0.2543	-0.4482	0.0702
11.28	-0.2549	-0.4485	0.0701
2.16	-1.0237	-1.3433	0.8980
2.58	-0.9304	-1.2075	0.8911
3.05	-0.8228	-1.0497	0.8750
3.35	-0.7480	-0.9464	0.8689
3.67	-0.6691	-0.8406	0.8665
4.04	-0.5767	-0.7164	0.8643
4.64	-0.4170	-0.5131	0.8572
5.23	-0.2595	-0.3127	0.8460
5.66	-0.1614	-0.1818	0.8377
6.26	-0.0882	-0.0942	0.8347
6.74	-0.0712	-0.0856	0.8401
7.36	-0.0568	-0.0907	0.8562
7.66	-0.0626	-0.1094	0.8637
8.41	-0.1022	-0.1807	0.8214
8.76	-0.1251	-0.2181	0.6847
9.49	-0.1703	-0.3030	0.3245
9.90	-0.1938	-0.3567	0.1529
10.36	-0.2347	-0.4263	0.0721
10.92	-0.2544	-0.4483	0.0702
11.39	-0.2550	-0.4485	0.0701
2.18	-1.0201	-1.3381	0.8980
2.58	-0.9304	-1.2075	0.8911
3.02	-0.8288	-1.0580	0.8758
3.28	-0.7665	-0.9715	0.8700
3.63	-0.6795	-0.8546	0.8668
4.21	-0.5335	-0.6600	0.8632
4.71	-0.3968	-0.4876	0.8561
5.15	-0.2790	-0.3382	0.8478
5.56	-0.1809	-0.2075	0.8393
6.29	-0.0867	-0.0928	0.8348
6.76	-0.0705	-0.0857	0.8406
7.26	-0.0578	-0.0883	0.8534
7.74	-0.0659	-0.1160	0.8654
8.19	-0.0894	-0.1580	0.8616
8.84	-0.1302	-0.2262	0.6485
9.46	-0.1680	-0.2976	0.3437
9.79	-0.1867	-0.3409	0.1981
10.34	-0.2322	-0.4225	0.0739
10.98	-0.2546	-0.4484	0.0702
11.42	-0.2550	-0.4485	0.0702
2.18	-1.0201	-1.3381	0.8980
2.54	-0.9399	-1.2216	0.8924
3.01	-0.8326	-1.0637	0.8763
3.33	-0.7541	-0.9548	0.8693
3.65	-0.6753	-0.8490	0.8667
4.02	-0.5810	-0.7221	0.8644
4.57	-0.4351	-0.5357	0.8583
5.14	-0.2834	-0.3438	0.8482
5.73	-0.1497	-0.1665	0.8367
6.11	-0.1000	-0.1061	0.8341
6.63	-0.0735	-0.0852	0.8384
7.33	-0.0571	-0.0898	0.8553
7.80	-0.0692	-0.1220	0.8667
8.18	-0.0889	-0.1573	0.8624
8.79	-0.1268	-0.2208	0.6728
9.37	-0.1633	-0.2871	0.3826
10.01	-0.2007	-0.3709	0.1189
10.36	-0.2347	-0.4263	0.0721
10.84	-0.2543	-0.4482	0.0702
11.39	-0.2550	-0.4485	0.0701
2.17	-1.0219	-1.3406	0.8980
2.56	-0.9342	-1.2130	0.8917
2.98	-0.8385	-1.0720	0.8771
3.32	-0.7562	-0.9576	0.8694
3.78	-0.6419	-0.8040	0.8658
4.23	-0.5291	-0.6545	0.8629
4.63	-0.4193	-0.5159	0.8574
5.11	-0.2922	-0.3551	0.8490
5.61	-0.1709	-0.1942	0.8385
6.14	-0.0978	-0.1037	0.8341
6.85	-0.0680	-0.0860	0.8425
7.29	-0.0574	-0.0888	0.8541
7.86	-0.0718	-0.1264	0.8676
8.40	-0.1017	-0.1799	0.8236
8.83	-0.1296	-0.2253	0.6526
9.30	-0.1590	-0.2780	0.4184
9.87	-0.1916	-0.3521	0.1652
10.36	-0.2347	-0.4263	0.0721
10.96	-0.2545	-0.4483	0.0702
11.36	-0.2550	-0.4485	0.0702
2.20	-1.0146	-1.3304	0.8979
2.61	-0.9228	-1.1962	0.8900
3.06	-0.8189	-1.0441	0.8745
3.36	-0.7459	-0.9437	0.8689
3.79	-0.6398	-0.8012	0.8658
4.21	-0.5335	-0.6600	0.8632
4.56	-0.4396	-0.5416	0.8583
5.19	-0.2703	-0.3269	0.8470
5.71	-0.1526	-0.1702	0.8370
6.14	-0.0978	-0.1037	0.8341
6.78	-0.0701	-0.0858	0.8409
7.21	-0.0586	-0.0874	0.8519
7.88	-0.0731	-0.1287	0.8681
8.43	-0.1033	-0.1824	0.8167
8.72	-0.1217	-0.2127	0.7079
9.49	-0.1703	-0.3030	0.3245
9.85	-0.1905	-0.3498	0.1717
10.33	-0.2314	-0.4212	0.0743
10.81	-0.2541	-0.4480	0.0702
11.26	-0.2549	-0.4485	0.0702
2.25	-1.0036	-1.3147	0.8976
2.68	-0.9076	-1.1738	0.8877
2.90	-0.8580	-1.1000	0.8799
3.30	-0.7624	-0.9659	0.8698
3.68	-0.6670	-0.8378	0.8665
4.08	-0.5660	-0.7023	0.8640
4.66	-0.4103	-0.5047	0.8567
5.04	-0.3097	-0.3776	0.8505
5.71	-0.1526	-0.1702	0.8370
6.23	-0.0905	-0.0964	0.8345
6.70	-0.0719	-0.0855	0.8396
7.26	-0.0579	-0.0881	0.8531
7.73	-0.0655	-0.1153	0.8651
8.33	-0.0973	-0.1721	0.8413
8.96	-0.1379	-0.2388	0.5899
9.39	-0.1637	-0.2882	0.3786
9.82	-0.1886	-0.3453	0.1848
10.36	-0.2339	-0.4250	0.0728
10.98	-0.2546	-0.4484	0.0702
11.42	-0.2550	-0.4485	0.0702
2.19	-1.0165	-1.3330	0.8979
2.59	-0.9284	-1.2048	0.8908
2.99	-0.8365	-1.0692	0.8768
3.30	-0.7603	-0.9631	0.8697
3.78	-0.6419	-0.8040	0.8658
4.05	-0.5746	-0.7136	0.8642
4.64	-0.4170	-0.5131	0.8572
5.18	-0.2725	-0.3297	0.8472
5.63	-0.1677	-0.1900	0.8383
6.26	-0.0882	-0.0942	0.8347
6.74	-0.0712	-0.0856	0.8401
7.29	-0.0574	-0.0888	0.8541
7.73	-0.0655	-0.1153	0.8651
8.31	-0.0963	-0.1704	0.8445
8.74	-0.1234	-0.2154	0.6964
9.43	-0.1665	-0.2944	0.3553
9.83	-0.1891	-0.3464	0.1815
10.36	-0.2347	-0.4263	0.0721
10.95	-0.2545	-0.4483	0.0702
11.26	-0.2549	-0.4485	0.0702
2.32	-0.9888	-1.2933	0.8971
2.66	-0.9114	-1.1793	0.8883
3.08	-0.8149	-1.0385	0.8741
3.30	-0.7603	-0.9631	0.8697
3.72	-0.6565	-0.8237	0.8662
4.23	-0.5268	-0.6515	0.8629
4.56	-0.4396	-0.5416	0.8583
5.06	-0.3031	-0.3693	0.8499
5.73	-0.1497	-0.1665	0.8367
6.29	-0.0867	-0.0928	0.8348
6.69	-0.0722	-0.0854	0.8393
7.14	-0.0602	-0.0867	0.8498
7.74	-0.0659	-0.1160	0.8654
8.19	-0.0894	-0.1580	0.8616
8.79	-0.1268	-0.2208	0.6728
9.41	-0.1655	-0.2925	0.3628
9.85	-0.1905	-0.3498	0.1717
10.47	-0.2425	-0.4354	0.0709
10.95	-0.2545	-0.4483	0.0702
11.43	-0.2550	-0.4485	0.0702
2.24	-1.0055	-1.3173	0.8977
2.58	-0.9304	-1.2075	0.8911
2.95	-0.8463	-1.0833	0.8782
3.30	-0.7624	-0.9659	0.8698
3.79	-0.6398	-0.8012	0.8658
4.05	-0.5725	-0.7107	0.8642
4.76	-0.3856	-0.4735	0.8554
5.26	-0.2530	-0.3041	0.8455
5.69	-0.1570	-0.1758	0.8374
6.31	-0.0852	-0.0915	0.8351
6.74	-0.0712	-0.0856	0.8401
7.38	-0.0567	-0.0913	0.8567
7.83	-0.0705	-0.1242	0.8671
8.35	-0.0987	-0.1747	0.8359
8.79	-0.1268	-0.2208	0.6728
9.48	-0.1693	-0.3010	0.3320
9.85	-0.1905	-0.3498	0.1717
10.38	-0.2365	-0.4274	0.0710
10.94	-0.2545	-0.4483	0.0702
11.30	-0.2549	-0.4485	0.0702
2.19	-1.0183	-1.3356	0.8980
2.67	-0.9095	-1.1765	0.8880
3.02	-0.8288	-1.0580	0.8758
3.30	-0.7624	-0.9659	0.8698
3.75	-0.6503	-0.8152	0.8661
4.16	-0.5443	-0.6742	0.8634
4.68	-0.4058	-0.4990	0.8565
5.20	-0.2660	-0.3211	0.8466
5.76	-0.1456	-0.1612	0.8364
6.29	-0.0867	-0.0928	0.8348
6.83	-0.0688	-0.0859	0.8419
7.14	-0.0602	-0.0867	0.8498
7.91	-0.0744	-0.1309	0.8684
8.18	-0.0889	-0.1573	0.8624
8.91	-0.1352	-0.2343	0.6110
9.35	-0.1618	-0.2842	0.3943
9.85	-0.1905	-0.3498	0.1717
10.41	-0.2387	-0.4306	0.0706
10.92	-0.2544	-0.4483	0.0702
11.34	-0.2550	-0.4485	0.0702
2.22	-1.0110	-1.3251	0.8979
2.50	-0.9474	-1.2329	0.8933
3.02	-0.8288	-1.0580	0.8758
3.37	-0.7439	-0.9410	0.8687
3.76	-0.6482	-0.8124	0.8660
4.15	-0.5466	-0.6770	0.8635
4.63	-0.4193	-0.5159	0.8574
5.15	-0.2790	-0.3382	0.8478
5.68	-0.1585	-0.1778	0.8374
6.24	-0.0900	-0.0958	0.8346
6.68	-0.0724	-0.0854	0.8391
7.36	-0.0568	-0.0907	0.8562
7.79	-0.0684	-0.1204	0.8663
8.29	-0.0948	-0.1678	0.8489
8.83	-0.1296	-0.2253	0.6526
9.41	-0.1655	-0.2925	0.3628
9.90	-0.1938	-0.3567	0.1529
10.38	-0.2365	-0.4274	0.0710
10.91	-0.2544	-0.4483	0.0702
11.23	-0.2549	-0.4485	0.0702
2.24	-1.0055	-1.3173	0.8977
2.63	-0.9190	-1.1906	0.8894
3.02	-0.8307	-1.0609	0.8760
3.32	-0.7562	-0.9576	0.8694
3.71	-0.6607	-0.8293	0.8663
4.16	-0.5443	-0.6742	0.8634
4.66	-0.4103	-0.5047	0.8567
5.14	-0.2834	-0.3438	0.8482
5.58	-0.1775	-0.2031	0.8391
6.18	-0.0943	-0.1001	0.8343
6.63	-0.0735	-0.0852	0.8384
7.33	-0.0571	-0.0898	0.8553
7.75	-0.0667	-0.1175	0.8656
8.21	-0.0907	-0.1605	0.8591
8.84	-0.1302	-0.2262	0.6485
9.49	-0.1703	-0.3030	0.3245
9.83	-0.1891	-0.3464	0.1815
10.36	-0.2347	-0.4263	0.0721
10.80	-0.2542	-0.4480	0.0702
11.44	-0.2551	-0.4485	0.0702
2.18	-1.0201	-1.3381	0.8980
2.62	-0.9209	-1.1935	0.8898
2.92	-0.8541	-1.0945	0.8793
3.38	-0.7418	-0.9381	0.8687
3.66	-0.6711	-0.8434	0.8666
4.18	-0.5400	-0.6686	0.8633
4.64	-0.4170	-0.5131	0.8572
5.12	-0.2899	-0.3523	0.8487
5.71	-0.1526	-0.1702	0.8370
6.28	-0.0872	-0.0933	0.8348
6.74	-0.0712	-0.0856	0.8401
7.26	-0.0578	-0.0883	0.8534
7.89	-0.0735	-0.1294	0.8682
8.30	-0.0958	-0.1696	0.8460
8.71	-0.1211	-0.2118	0.7117
9.35	-0.1618	-0.2842	0.3943
9.85	-0.1900	-0.3487	0.1749
10.38	-0.2365	-0.4274	0.0710
10.80	-0.2542	-0.4480	0.0702
11.31	-0.2549	-0.4485	0.0702
2.29	-0.9962	-1.3041	0.8974
2.60	-0.9247	-1.1990	0.8903
3.09	-0.8129	-1.0357	0.8739
3.39	-0.7398	-0.9354	0.8686
3.65	-0.6732	-0.8462	0.8667
4.16	-0.5443	-0.6742	0.8634
4.63	-0.4193	-0.5159	0.8574
5.21	-0.2638	-0.3184	0.8464
5.65	-0.1630	-0.1837	0.8379
6.15	-0.0963	-0.1022	0.8342
6.60	-0.0741	-0.0851	0.8381
7.29	-0.0574	-0.0888	0.8541
7.83	-0.0705	-0.1242	0.8671
8.43	-0.1033	-0.1824	0.8167
8.81	-0.1279	-0.2226	0.6647
9.41	-0.1655	-0.2925	0.3628
9.80	-0.1872	-0.3420	0.1948
10.55	-0.2490	-0.4420	0.0703
11.01	-0.2547	-0.4484	0.0702
11.40	-0.2550	-0.4485	0.0702
2.25	-1.0036	-1.3147	0.8976
2.64	-0.9152	-1.1849	0.8889
3.02	-0.8288	-1.0580	0.8758
3.30	-0.7603	-0.9631	0.8697
3.64	-0.6774	-0.8518	0.8668
4.17	-0.5422	-0.6714	0.8633
4.68	-0.4058	-0.4990	0.8565
5.28	-0.2466	-0.2956	0.8450
5.56	-0.1826	-0.2098	0.8395
6.11	-0.1000	-0.1061	0.8341
6.85	-0.0680	-0.0860	0.8425
7.34	-0.0570	-0.0900	0.8555
7.66	-0.0626	-0.1094	0.8637
8.18	-0.0889	-0.1573	0.8624
8.96	-0.1379	-0.2388	0.5899
9.44	-0.1670	-0.2954	0.3515
9.95	-0.1965	-0.3625	0.1381
10.50	-0.2457	-0.4386	0.0703
10.85	-0.2542	-0.4482	0.0702
11.38	-0.2550	-0.4485	0.0702
2.15	-1.0255	-1.3458	0.8980
2.69	-0.9057	-1.1710	0.8874
2.96	-0.8424	-1.0777	0.8777
3.27	-0.7685	-0.9743	0.8702
3.71	-0.6607	-0.8293	0.8663
4.04	-0.5767	-0.7164	0.8643
4.71	-0.3968	-0.4876	0.8561
5.21	-0.2638	-0.3184	0.8464
5.79	-0.1403	-0.1544	0.8360
6.31	-0.0852	-0.0915	0.8351
6.63	-0.0735	-0.0852	0.8384
7.18	-0.0593	-0.0870	0.8510
7.66	-0.0626	-0.1094	0.8637
8.31	-0.0963	-0.1704	0.8445
8.86	-0.1313	-0.2280	0.6403
9.30	-0.1586	-0.2769	0.4225
9.80	-0.1877	-0.3430	0.1914
10.36	-0.2339	-0.4250	0.0728
10.98	-0.2546	-0.4484	0.0702
11.31	-0.2549	-0.4485	0.0702
2.22	-1.0110	-1.3251	0.8979
2.56	-0.9342	-1.2130	0.8917
2.89	-0.8599	-1.1028	0.8802
3.35	-0.7501	-0.9492	0.8691
3.65	-0.6753	-0.8490	0.8667
4.09	-0.5639	-0.6994	0.8640
4.57	-0.4351	-0.5357	0.8583
5.18	-0.2725	-0.3297	0.8472
5.56	-0.1809	-0.2075	0.8393
6.23	-0.0905	-0.0964	0.8345
6.85	-0.0680	-0.0860	0.8425
7.20	-0.0588	-0.0873	0.8517
7.84	-0.0710	-0.1249	0.8672
8.19	-0.0894	-0.1580	0.8616
8.84	-0.1302	-0.2262	0.6485
9.48	-0.1693	-0.3010	0.3320
9.90	-0.1938	-0.3567	0.1529
10.39	-0.2372	-0.4279	0.0705
10.97	-0.2546	-0.4483	0.0702
11.28	-0.2549	-0.4485	0.0701
2.19	-1.0165	-1.3330	0.8979
2.66	-0.9114	-1.1793	0.8883
3.06	-0.8189	-1.0441	0.8745
3.31	-0.7583	-0.9604	0.8695
3.63	-0.6795	-0.8546	0.8668
4.08	-0.5660	-0.7023	0.8640
4.68	-0.4058	-0.4990	0.8565
5.16	-0.2769	-0.3354	0.8476
5.68	-0.1585	-0.1778	0.8374
6.09	-0.1024	-0.1088	0.8340
6.66	-0.0728	-0.0853	0.8389
7.26	-0.0578	-0.0883	0.8534
7.69	-0.0636	-0.1115	0.8643
8.31	-0.0963	-0.1704	0.8445
8.86	-0.1318	-0.2288	0.6361
9.40	-0.1651	-0.2914	0.3668
10.03	-0.2020	-0.3733	0.1138
10.38	-0.2365	-0.4274	0.0710
10.94	-0.2545	-0.4483	0.0702
11.39	-0.2550	-0.4485	0.0701
2.28	-0.9981	-1.3067	0.8975
2.58	-0.9304	-1.2075	0.8911
2.99	-0.8365	-1.0692	0.8768
3.40	-0.7356	-0.9298	0.8684
3.69	-0.6649	-0.8349	0.8664
4.13	-0.5531	-0.6854	0.8637
4.60	-0.4283	-0.5274	0.8577
5.06	-0.3031	-0.3693	0.8499
5.71	-0.1526	-0.1702	0.8370
6.19	-0.0936	-0.0994	0.8343
6.71	-0.0717	-0.0855	0.8397
7.26	-0.0578	-0.0883	0.8534
7.80	-0.0692	-0.1220	0.8667
8.18	-0.0889	-0.1573	0.8624
8.81	-0.1279	-0.2226	0.6647
9.46	-0.1680	-0.2976	0.3437
9.97	-0.1982	-0.3660	0.1297
10.52	-0.2473	-0.4404	0.0703
10.90	-0.2544	-0.4482	0.0702
11.37	-0.2550	-0.4485	0.0702
2.29	-0.9962	-1.3041	0.8974
2.63	-0.9190	-1.1906	0.8894
3.05	-0.8228	-1.0497	0.8750
3.42	-0.7315	-0.9243	0.8683
3.65	-0.6732	-0.8462	0.8667
4.02	-0.5810	-0.7221	0.8644
4.73	-0.3923	-0.4821	0.8556
5.14	-0.2834	-0.3438	0.8482
5.69	-0.1570	-0.1758	0.8374
6.08	-0.1033	-0.1097	0.8340
6.70	-0.0719	-0.0855	0.8396
7.23	-0.0583	-0.0877	0.8524
7.81	-0.0697	-0.1227	0.8668
8.31	-0.0963	-0.1704	0.8445
8.84	-0.1302	-0.2262	0.6485
9.46	-0.1680	-0.2976	0.3437
9.80	-0.1877	-0.3430	0.1914
10.33	-0.2314	-0.4212	0.0743
10.86	-0.2542	-0.4482	0.0702
11.39	-0.2550	-0.4485	0.0701
