1.00	1	-200.6658	168.6874	68.4142
2.00	1	-178.6658	148.7938	76.3763
3.00	1	-158.1689	135.5557	82.2400
4.00	1	-136.1689	114.3555	88.0642
5.00	1	-114.8259	92.3555	84.2790
6.00	1	-98.1670	80.1023	89.0323
7.00	1	-78.0559	65.7989	91.7586
8.00	1	-56.0559	43.7989	82.7586
9.00	1	-34.0559	21.7989	77.6085
10.00	1	-25.1072	14.1071	77.9249
11.00	1	-27.9572	18.4093	69.3825
12.00	1	-22.6179	15.8474	60.8370
13.00	1	-13.7289	11.4401	56.8790
14.00	1	-9.2247	10.4811	54.3909
15.00	1	-14.1821	8.8348	52.2188
16.00	1	-17.2009	7.3100	46.0149
17.00	1	-13.5580	3.1291	39.9937
18.00	1	-10.8539	7.0746	30.9937
19.00	1	-9.0327	6.7660	21.9937
20.00	1	-6.5991	3.4867	12.9937
21.00	2	176.7082	-166.6765	72.7732
22.00	2	154.7082	-144.6765	73.8652
23.00	2	137.7298	-129.2406	68.9599
24.00	2	116.3139	-108.6046	76.4027
25.00	2	94.3139	-86.8168	72.2302
26.00	2	80.1023	-76.7213	72.9755
27.00	2	65.0308	-63.9292	79.9638
28.00	2	45.6363	-44.5648	83.3328
29.00	2	23.6363	-25.2394	84.9601
30.00	2	18.5726	-20.2143	82.2988
31.00	2	16.3675	-20.8179	78.5295
32.00	2	15.9233	-25.4812	75.4481
33.00	2	20.4983	-29.4728	73.1426
34.00	2	17.9849	-24.3948	65.5380
35.00	2	12.2873	-24.8659	61.8050
36.00	2	7.7746	-18.6686	55.6924
37.00	2	12.8209	-16.1907	46.6924
38.00	2	10.3798	-11.9686	37.6924
39.00	2	-1.5747	-4.8596	28.6924
40.00	2	-5.6647	-2.0258	19.6924
41.00	3	-188.9541	-207.5154	80.6008
42.00	3	-166.9541	-185.5154	77.9516
43.00	3	-149.7165	-163.5154	85.1231
44.00	3	-127.7165	-142.9893	86.2363
45.00	3	-107.0800	-120.9893	90.1150
46.00	3	-85.0800	-98.9893	85.3028
47.00	3	-63.0800	-76.9893	79.7414
48.00	3	-47.9356	-58.2521	84.2937
49.00	3	-25.9356	-36.3527	78.2750
50.00	3	-21.4162	-36.8873	69.2750
51.00	3	-26.3373	-27.6928	60.2750
52.00	3	-25.7487	-26.5377	51.2750
53.00	3	-23.4366	-17.9774	44.4550
54.00	3	-22.3514	-13.6089	36.3804
55.00	3	-24.2999	-12.9775	27.3804
56.00	3	-15.7751	-15.8034	23.8217
57.00	3	-12.9822	-12.6855	14.8217
58.00	3	-14.5503	-10.5303	5.8217
59.00	3	-2.1299	-7.2116	0.0000
60.00	3	-5.3446	1.5097	0.0000
61.00	4	162.3597	212.5221	66.3084
62.00	4	142.6969	190.5221	61.2874
63.00	4	124.1506	168.5221	55.9428
64.00	4	106.0634	151.9110	58.8824
65.00	4	94.3059	129.9110	66.7206
66.00	4	73.6435	107.9110	64.2341
67.00	4	56.4688	85.9110	60.4738
68.00	4	45.0347	63.9110	65.5419
69.00	4	24.7095	41.9110	62.0412
70.00	4	29.6872	40.9641	53.0412
71.00	4	30.6937	38.6117	52.7162
72.00	4	32.0369	33.5931	53.0793
73.00	4	22.9869	32.6538	47.1103
74.00	4	21.8899	33.0146	41.3314
75.00	4	12.5267	21.7816	32.3314
76.00	4	15.2543	20.5731	23.3314
77.00	4	13.5065	14.9216	20.1172
78.00	4	6.9638	14.7506	11.1172
79.00	4	1.7042	14.8397	8.6358
80.00	4	5.4722	7.2574	1.3653
81.00	5	-214.4816	193.2537	69.5343
82.00	5	-195.4065	171.2537	68.5597
83.00	5	-176.1352	149.2537	66.3512
84.00	5	-154.1352	127.2537	67.1352
85.00	5	-135.6139	105.2537	63.1268
86.00	5	-113.6139	83.2537	62.6189
87.00	5	-91.6139	61.2537	71.1512
88.00	5	-69.6139	39.2537	78.5206
89.00	5	-47.6139	25.4653	71.4179
90.00	5	-45.3010	23.9531	62.4179
91.00	5	-42.1467	16.7104	54.5947
92.00	5	-41.3190	21.6259	55.1999
93.00	5	-30.7524	11.5898	55.4124
94.00	5	-33.3980	16.0934	50.0764
95.00	5	-32.5662	15.4143	48.7262
96.00	5	-21.0781	9.8239	39.7262
97.00	5	-8.8072	3.4007	30.7262
98.00	5	-9.3240	4.5240	26.9678
99.00	5	-10.6794	-2.1534	19.9743
100.00	5	-5.4957	-2.3861	10.9743
101.00	6	221.4333	-137.4321	71.2340
102.00	6	203.9525	-119.3843	65.4601
103.00	6	181.9525	-101.1818	62.7348
104.00	6	161.7601	-81.6062	58.9065
105.00	6	139.7601	-63.0023	63.3400
106.00	6	118.1309	-47.1152	68.7304
107.00	6	96.1309	-38.4717	68.2782
108.00	6	74.1309	-26.3278	75.6100
109.00	6	52.1309	-7.5393	73.4047
110.00	6	43.6292	-3.1193	65.0583
111.00	6	37.5172	-6.3611	59.9231
112.00	6	31.4508	-10.1710	55.0981
113.00	6	25.6701	-12.2952	49.6719
114.00	6	17.9239	-12.6256	49.1649
115.00	6	10.7904	-11.8056	47.7639
116.00	6	5.9938	-7.4059	39.5815
117.00	6	11.3769	-10.9925	30.5815
118.00	6	7.3457	-11.0644	21.5815
119.00	6	4.0540	-9.1132	17.2050
120.00	6	1.1723	-4.0238	8.2050
121.00	7	-175.3604	-153.0634	65.4906
122.00	7	-153.3604	-143.4140	61.9569
123.00	7	-135.9898	-132.1094	57.3289
124.00	7	-113.9898	-117.1688	65.0192
125.00	7	-91.9898	-103.2722	58.6739
126.00	7	-76.8306	-81.2722	58.8003
127.00	7	-60.3480	-65.1982	59.8772
128.00	7	-39.5433	-43.1982	66.2005
129.00	7	-18.9081	-21.1982	65.2497
130.00	7	-11.6808	-24.6893	57.6578
131.00	7	-8.6495	-28.6079	58.1373
132.00	7	-14.6114	-21.3891	49.1373
133.00	7	-7.4529	-13.4067	48.2199
134.00	7	-5.4630	-7.7338	46.4539
135.00	7	-11.6972	-13.3477	37.4539
136.00	7	-14.0655	-6.3580	28.4539
137.00	7	-3.9631	-8.6620	25.0643
138.00	7	-4.7707	-11.6779	19.6534
139.00	7	-7.3905	-9.7385	10.7871
140.00	7	-0.8560	-2.7593	1.7871
141.00	8	178.0204	225.2924	79.0461
142.00	8	156.0204	203.7743	74.3355
143.00	8	139.7473	181.7743	78.4421
144.00	8	117.7473	163.0225	80.2008
145.00	8	95.7473	141.4091	77.5576
146.00	8	73.7473	119.4091	82.5036
147.00	8	56.7646	97.4091	84.8545
148.00	8	42.3679	75.4091	85.4093
149.00	8	21.1237	53.4091	76.4093
150.00	8	23.4616	43.9777	67.4093
151.00	8	19.9138	33.5779	58.4093
152.00	8	17.0445	26.0984	54.6273
153.00	8	21.5813	20.0301	45.6273
154.00	8	25.1365	22.9364	43.5581
155.00	8	19.9377	26.0311	39.3177
156.00	8	17.5890	16.8993	30.3177
157.00	8	12.0388	10.0142	28.6613
158.00	8	10.3327	0.2370	24.5457
159.00	8	10.4522	4.6198	15.5457
160.00	8	-0.4243	2.7508	6.5457
161.00	9	-183.4883	153.2684	80.8538
162.00	9	-167.3207	139.8497	75.0582
163.00	9	-145.3207	117.8497	69.4109
164.00	9	-124.5889	98.7674	76.3759
165.00	9	-105.5260	81.0726	83.7787
166.00	9	-83.5260	61.0868	89.2094
167.00	9	-63.8865	39.0868	86.8979
168.00	9	-41.8865	22.9549	89.6517
169.00	9	-19.8865	9.3075	88.4169
170.00	9	-22.5710	8.7601	83.9389
171.00	9	-25.8180	7.5197	80.2010
172.00	9	-28.8388	6.2406	75.2544
173.00	9	-29.7019	7.3205	71.6518
174.00	9	-27.6737	9.6756	62.6518
175.00	9	-25.3495	14.4138	56.0869
176.00	9	-22.8758	10.2104	47.0869
177.00	9	-21.3108	1.0692	38.0869
178.00	9	-12.7785	-4.6215	29.0869
179.00	9	-7.0505	-8.3110	20.0869
180.00	9	4.1397	0.1911	11.0869
181.00	10	173.9026	-138.0385	75.5386
182.00	10	157.5397	-124.9241	68.0020
183.00	10	135.5397	-105.9012	64.9773
184.00	10	118.7573	-83.9012	70.7970
185.00	10	98.7498	-67.3077	66.8438
186.00	10	76.7498	-55.2543	71.4652
187.00	10	58.7642	-43.9317	70.9732
188.00	10	39.1227	-27.0006	63.8946
189.00	10	18.2064	-14.9775	66.4404
190.00	10	21.3614	-6.5183	57.4404
191.00	10	18.7175	-6.6757	48.4404
192.00	10	20.9964	-2.3717	42.2880
193.00	10	17.7771	2.4551	38.5403
194.00	10	19.3819	6.1759	39.5974
195.00	10	14.2041	12.0253	30.5974
196.00	10	8.4849	14.1879	30.0696
197.00	10	4.0015	5.9144	21.0696
198.00	10	0.1389	6.9146	12.0696
199.00	10	5.3390	10.9302	3.0696
200.00	10	7.3574	1.1265	6.2634
201.00	11	-172.5161	-144.1437	78.3993
202.00	11	-150.5161	-123.4816	80.4472
203.00	11	-135.6125	-107.1051	84.7937
204.00	11	-113.6125	-99.0055	89.6740
205.00	11	-91.6125	-77.0055	80.6740
206.00	11	-75.2225	-61.2338	73.7964
207.00	11	-54.4837	-51.2095	80.7992
208.00	11	-32.4837	-33.6144	83.4270
209.00	11	-19.1311	-21.0001	74.4270
210.00	11	-21.3782	-12.1820	65.4270
211.00	11	-16.7234	-18.0935	57.7791
212.00	11	-11.4760	-18.3147	48.7791
213.00	11	-10.9541	-18.0783	46.1601
214.00	11	-7.6341	-11.2494	37.1601
215.00	11	-12.6748	-12.1761	28.8695
216.00	11	-6.6412	-6.6622	22.9137
217.00	11	0.5843	-3.2031	21.1765
218.00	11	-3.6367	-3.6557	12.1765
219.00	11	-2.4547	-3.5676	4.4117
220.00	11	-6.3408	-2.1830	0.0000
221.00	12	207.7090	200.7501	68.6106
222.00	12	185.7090	178.7501	75.7021
223.00	12	163.7090	156.7501	76.2444
224.00	12	141.7090	134.7501	74.9135
225.00	12	119.7090	113.8067	79.9059
226.00	12	97.7090	91.8067	80.9513
227.00	12	75.7090	69.8067	83.6858
228.00	12	53.7090	52.1517	83.7306
229.00	12	32.8163	30.1517	74.7306
230.00	12	24.0034	24.4493	65.7306
231.00	12	18.2960	17.6583	58.3492
232.00	12	18.1612	13.9939	51.0579
233.00	12	16.0944	17.7179	42.0579
234.00	12	17.2880	13.0764	43.5322
235.00	12	17.4081	16.8251	34.6507
236.00	12	19.6489	16.5699	25.6507
237.00	12	15.7883	16.0956	17.0487
238.00	12	10.1047	13.9844	15.0121
239.00	12	10.6540	1.2226	6.0121
240.00	12	1.3024	-5.6121	0.0000
241.00	13	-209.5717	188.8309	76.4608
242.00	13	-187.5717	166.8309	75.9025
243.00	13	-167.9938	144.8309	72.6075
244.00	13	-145.9938	122.8309	75.8358
245.00	13	-123.9938	107.7562	70.5128
246.00	13	-101.9938	92.1421	63.6189
247.00	13	-83.7857	75.6783	70.3152
248.00	13	-61.7857	54.4786	75.9973
249.00	13	-39.7857	32.4786	77.4583
250.00	13	-31.4174	35.8121	68.4583
251.00	13	-26.6162	37.1475	63.4197
252.00	13	-21.8222	30.2786	54.4197
253.00	13	-19.7450	25.3700	52.8508
254.00	13	-21.8864	24.8975	44.0806
255.00	13	-17.3462	17.7350	35.0806
256.00	13	-6.8612	19.9483	29.8973
257.00	13	-4.0685	14.6574	27.4830
258.00	13	-7.9803	4.1150	18.4830
259.00	13	-4.6454	-3.8643	9.4830
260.00	13	-1.3507	-2.1693	0.4830
261.00	14	194.7948	-193.4031	76.1617
262.00	14	175.6598	-176.9912	74.6187
263.00	14	156.4456	-154.9912	67.0075
264.00	14	134.4456	-132.9912	61.6824
265.00	14	118.0526	-118.0557	61.9728
266.00	14	96.0526	-96.0557	63.9258
267.00	14	74.0526	-74.0557	61.3066
268.00	14	52.0526	-52.0557	69.3185
269.00	14	30.0526	-31.4102	74.8483
270.00	14	34.1031	-35.5026	65.8483
271.00	14	29.3085	-38.7795	64.7376
272.00	14	22.7380	-29.6473	55.7376
273.00	14	26.4471	-19.2203	54.3114
274.00	14	20.8092	-19.5286	45.3114
275.00	14	23.1590	-13.3085	39.5909
276.00	14	11.1566	-4.8224	30.5909
277.00	14	13.7491	-5.4044	21.5909
278.00	14	6.8446	-10.9361	18.5125
279.00	14	-1.6190	-6.6612	12.8768
280.00	14	1.5785	-1.7582	6.2267
281.00	15	-178.5962	-143.7738	72.7466
282.00	15	-156.5962	-129.9998	65.8999
283.00	15	-136.3829	-110.7301	72.7580
284.00	15	-114.3829	-94.1726	70.0090
285.00	15	-101.3142	-72.1726	74.5720
286.00	15	-82.1453	-61.5026	73.6368
287.00	15	-60.1453	-40.5152	71.9796
288.00	15	-45.7055	-31.6048	73.4965
289.00	15	-23.7055	-21.8699	76.8455
290.00	15	-17.7205	-26.8898	76.0474
291.00	15	-17.2918	-24.4036	69.9261
292.00	15	-20.6815	-21.5925	66.2149
293.00	15	-17.2147	-18.3897	57.2149
294.00	15	-8.3605	-22.9529	48.2149
295.00	15	-13.5106	-25.4165	39.2149
296.00	15	-16.0829	-22.6318	35.1906
297.00	15	-9.2356	-10.7545	26.1906
298.00	15	-4.9976	-3.8918	17.1906
299.00	15	-1.5697	5.1547	8.3849
300.00	15	-3.8751	-0.6104	1.3820
301.00	16	160.5068	152.3161	72.7877
302.00	16	138.5068	132.4913	73.7610
303.00	16	117.0650	114.6264	72.3634
304.00	16	103.0952	92.6264	75.4835
305.00	16	92.6137	70.6264	78.9405
306.00	16	70.6137	54.8267	76.3251
307.00	16	48.6137	33.8246	70.4969
308.00	16	36.5578	29.5172	76.8706
309.00	16	17.1845	16.5110	71.1604
310.00	16	14.3850	11.4967	63.7741
311.00	16	15.6884	15.9633	63.0835
312.00	16	20.4227	15.6408	54.0835
313.00	16	22.2634	19.1138	45.0835
314.00	16	16.9993	11.9964	43.7850
315.00	16	14.6735	15.7893	40.2166
316.00	16	14.3213	9.7740	31.2166
317.00	16	5.6693	11.3671	22.2166
318.00	16	3.4152	4.2169	21.1540
319.00	16	-5.5255	2.0232	16.8172
320.00	16	-4.8279	2.3702	7.8172
321.00	17	-222.2691	188.1784	77.8332
322.00	17	-200.2691	167.4665	70.5298
323.00	17	-178.2691	145.6920	74.2759
324.00	17	-156.2691	123.6920	78.9159
325.00	17	-134.2691	101.6920	72.1636
326.00	17	-112.2691	81.3159	69.9710
327.00	17	-90.2691	59.9029	68.6811
328.00	17	-68.2691	37.9029	74.7022
329.00	17	-46.2691	17.8228	74.4102
330.00	17	-42.9263	14.4824	65.4102
331.00	17	-38.2319	9.0864	56.4102
332.00	17	-31.3282	8.7973	55.0591
333.00	17	-25.7794	2.8669	46.0591
334.00	17	-14.7066	4.4846	37.0591
335.00	17	-14.0290	-1.9737	30.6448
336.00	17	-17.8719	-2.0654	24.2177
337.00	17	-8.3682	-2.6110	16.7193
338.00	17	-5.3677	4.1254	15.1454
339.00	17	-2.6112	-4.3827	6.1454
340.00	17	-5.2518	-1.5971	5.2310
341.00	18	174.1284	-201.4026	72.2252
342.00	18	152.1284	-179.4026	77.2269
343.00	18	130.1284	-158.0996	71.6508
344.00	18	108.1284	-136.0996	72.1767
345.00	18	92.6540	-114.0996	72.9063
346.00	18	75.1392	-92.0996	73.0822
347.00	18	59.9424	-70.0996	78.7705
348.00	18	46.4017	-48.0996	76.5293
349.00	18	24.4017	-26.0996	69.5443
350.00	18	28.1799	-23.7748	65.9201
351.00	18	20.5751	-17.5333	61.8714
352.00	18	11.9790	-14.0660	52.8714
353.00	18	15.9540	-4.8324	47.9919
354.00	18	19.0438	-3.5669	38.9919
355.00	18	20.0008	-9.8914	29.9919
356.00	18	21.2065	-5.0783	21.8635
357.00	18	19.7868	0.9697	14.8599
358.00	18	12.0838	1.0467	5.8599
359.00	18	9.0845	5.2064	0.0000
360.00	18	-2.9056	-7.2854	5.4877
361.00	19	-141.2130	-194.9390	77.0131
362.00	19	-122.0857	-172.9390	81.3683
363.00	19	-101.0222	-150.9390	73.5732
364.00	19	-89.5140	-128.9390	80.2886
365.00	19	-79.0549	-110.2233	74.2502
366.00	19	-58.9243	-88.2233	68.1330
367.00	19	-39.6749	-66.2233	70.5463
368.00	19	-25.8019	-44.2233	70.6720
369.00	19	-10.3624	-24.8339	74.4117
370.00	19	-8.3553	-23.9656	71.7997
371.00	19	-1.5139	-26.2400	62.7997
372.00	19	-6.0786	-26.3279	61.6838
373.00	19	-10.6045	-26.5994	54.8061
374.00	19	-16.3050	-28.9561	46.3438
375.00	19	-16.9387	-25.6437	38.2843
376.00	19	-13.9349	-25.3833	36.5437
377.00	19	-11.6266	-20.5577	34.2844
378.00	19	-13.3880	-18.7656	25.2844
379.00	19	-11.6292	-10.0635	16.2844
380.00	19	-1.7524	4.4062	7.2844
381.00	20	210.3197	137.2797	69.4149
382.00	20	188.3197	115.8073	68.5036
383.00	20	167.5720	102.3565	72.6312
384.00	20	145.5720	94.4102	73.2077
385.00	20	123.5720	73.1535	74.1919
386.00	20	101.5720	54.5935	79.9425
387.00	20	82.0412	34.7418	79.7855
388.00	20	60.0412	16.2190	75.7659
389.00	20	38.0412	5.7090	68.7930
390.00	20	29.7711	10.7123	67.5190
391.00	20	32.3845	13.2297	58.5190
392.00	20	35.4104	7.0234	52.3298
393.00	20	23.8512	6.0931	43.6729
394.00	20	13.6339	5.7272	39.6834
395.00	20	16.2501	-0.5492	30.6834
396.00	20	19.8389	6.9338	27.9409
397.00	20	16.7685	11.7676	21.8957
398.00	20	10.3831	10.9430	18.2771
399.00	20	11.0238	0.6696	11.0502
400.00	20	3.7134	-5.0497	2.0502
401.00	21	-193.9546	206.5065	70.7507
402.00	21	-176.6177	186.1599	73.9105
403.00	21	-157.8413	164.1599	78.7750
404.00	21	-136.9862	142.1599	82.6108
405.00	21	-117.7557	120.1599	82.3352
406.00	21	-95.7557	101.0254	82.4097
407.00	21	-73.7557	82.9361	79.6069
408.00	21	-51.7557	60.9361	70.7726
409.00	21	-29.7557	38.9361	74.6137
410.00	21	-27.6609	41.3814	69.7222
411.00	21	-23.0417	42.9618	60.7222
412.00	21	-17.7490	37.6003	60.0917
413.00	21	-15.6964	30.5244	51.0917
414.00	21	-6.2564	33.1691	42.0917
415.00	21	-6.3170	25.2400	34.3710
416.00	21	-7.7870	14.8212	33.8512
417.00	21	-5.5930	15.5887	24.8512
418.00	21	-0.5391	17.5520	15.8512
419.00	21	-2.9732	13.7638	6.8512
420.00	21	-2.5297	-0.7898	5.7417
421.00	22	173.5896	-169.1598	77.4992
422.00	22	153.0929	-155.8060	75.6399
423.00	22	131.0929	-137.9274	81.1541
424.00	22	109.0929	-120.7480	79.7416
425.00	22	97.9932	-102.8756	84.9512
426.00	22	76.7840	-80.8756	77.6458
427.00	22	64.9567	-58.8756	72.8687
428.00	22	42.9567	-39.5493	77.4910
429.00	22	25.4086	-17.5493	82.4691
430.00	22	28.2988	-14.4328	76.4123
431.00	22	30.9725	-5.6525	71.9281
432.00	22	25.3919	-9.1269	68.6504
433.00	22	17.3477	-10.0872	59.6504
434.00	22	19.0873	-2.2044	50.6504
435.00	22	11.0259	-2.2008	41.6504
436.00	22	9.7836	3.4563	32.6504
437.00	22	8.1742	10.0497	30.8709
438.00	22	7.0929	3.4228	25.9511
439.00	22	2.1638	1.8827	16.9511
440.00	22	2.0882	6.5557	7.9511
441.00	23	-165.0412	-177.1446	77.8363
442.00	23	-145.6215	-155.1446	73.9352
443.00	23	-128.0822	-134.3075	67.5722
444.00	23	-115.2492	-112.3075	74.3912
445.00	23	-98.6915	-96.2984	72.8374
446.00	23	-78.1280	-82.2759	79.9584
447.00	23	-65.9422	-60.2759	71.6710
448.00	23	-43.9422	-42.6379	67.6368
449.00	23	-21.9422	-20.6379	72.4159
450.00	23	-17.9995	-17.8303	69.2090
451.00	23	-13.6126	-8.8357	68.1334
452.00	23	-13.1962	-5.8315	65.4935
453.00	23	-8.2919	-9.6712	57.6917
454.00	23	-3.3231	-2.2375	48.6917
455.00	23	-2.1763	-2.4496	46.3120
456.00	23	3.4479	-4.3241	37.3120
457.00	23	7.3674	-10.3366	28.3120
458.00	23	11.5258	-5.3149	21.1706
459.00	23	3.2448	1.1747	12.1706
460.00	23	2.1391	-0.0735	3.1706
461.00	24	191.9854	155.5482	78.5670
462.00	24	176.1400	137.3563	71.7943
463.00	24	154.1400	118.6255	79.7967
464.00	24	135.4651	106.0253	79.0775
465.00	24	113.4651	94.2083	84.4219
466.00	24	93.7911	72.2083	82.3876
467.00	24	71.7911	52.3267	78.8983
468.00	24	49.7911	32.6544	74.8106
469.00	24	27.7911	21.4421	75.6405
470.00	24	30.2495	17.8067	66.6405
471.00	24	24.6559	13.4576	57.6405
472.00	24	22.8142	13.0161	53.5202
473.00	24	18.7815	16.1260	44.5202
474.00	24	17.5161	17.8261	42.1455
475.00	24	16.9862	11.6358	34.8843
476.00	24	19.5253	9.0516	28.4708
477.00	24	18.2858	4.4379	27.0817
478.00	24	8.0100	8.1428	22.0269
479.00	24	-2.9165	5.3810	15.1425
480.00	24	0.0397	7.1838	6.1425
481.00	25	-142.4371	192.0426	71.8550
482.00	25	-130.3996	170.9124	70.2180
483.00	25	-108.3996	155.7772	76.7047
484.00	25	-92.3867	136.5056	81.6920
485.00	25	-84.2118	121.2039	83.2933
486.00	25	-70.6260	99.2039	82.2518
487.00	25	-54.7123	77.8335	75.5248
488.00	25	-40.1680	55.8335	72.5706
489.00	25	-18.1680	33.8335	77.6910
490.00	25	-11.3732	24.8476	68.6910
491.00	25	-16.7173	28.1547	62.7697
492.00	25	-18.0615	30.9692	53.7697
493.00	25	-21.1130	34.0623	50.6810
494.00	25	-25.5298	26.6531	41.6810
495.00	25	-19.8240	25.5667	32.6810
496.00	25	-20.5927	24.1836	28.5845
497.00	25	-22.0789	20.6740	21.1330
498.00	25	-9.6343	20.0935	15.3006
499.00	25	0.8148	4.3796	9.7229
500.00	25	-6.6228	6.0107	4.6990
501.00	26	143.7424	-213.8166	77.9257
502.00	26	131.7884	-191.8166	76.4202
503.00	26	119.9070	-173.1896	76.2443
504.00	26	103.2755	-151.1896	73.6794
505.00	26	93.4995	-129.1896	70.4576
506.00	26	71.4995	-107.1896	65.9320
507.00	26	51.2333	-85.1896	64.8773
508.00	26	32.3361	-63.1896	63.8562
509.00	26	14.9323	-41.1896	75.9936
510.00	26	6.1872	-40.4910	66.9936
511.00	26	6.5665	-33.2448	66.7082
512.00	26	5.9183	-22.2705	66.3597
513.00	26	12.3388	-17.5504	57.3597
514.00	26	15.0703	-15.2405	53.8623
515.00	26	9.0443	-5.6515	50.6125
516.00	26	3.8851	-9.8647	43.2164
517.00	26	-4.2662	-5.8087	34.2517
518.00	26	-6.4119	-6.7806	25.2517
519.00	26	0.7261	-2.1236	17.4144
520.00	26	6.3398	-3.4717	8.4144
521.00	27	-136.4572	-221.8441	78.5067
522.00	27	-116.9301	-199.8441	75.2221
523.00	27	-95.6574	-181.2588	74.9679
524.00	27	-84.7917	-159.2588	70.6811
525.00	27	-64.1409	-137.2588	69.6738
526.00	27	-43.8521	-115.2588	70.8861
527.00	27	-27.5935	-93.2588	71.4198
528.00	27	-12.0295	-71.2588	70.8100
529.00	27	-0.8931	-49.2588	78.6088
530.00	27	-2.8154	-51.4985	73.7927
531.00	27	0.7452	-45.2732	64.7927
532.00	27	-6.4083	-35.2013	58.1946
533.00	27	-11.3212	-37.9873	51.9781
534.00	27	-15.3882	-26.7685	47.3386
535.00	27	-17.4740	-27.6425	38.3386
536.00	27	-20.8370	-23.7744	29.3386
537.00	27	-19.5517	-22.4387	27.5049
538.00	27	-18.3598	-17.2829	24.9837
539.00	27	-12.7587	-15.3737	15.9837
540.00	27	5.8806	2.8068	6.9837
541.00	28	191.8894	192.3996	77.7968
542.00	28	170.3301	175.2407	77.3267
543.00	28	148.3301	159.9099	75.0969
544.00	28	126.3301	137.9099	79.7619
545.00	28	104.3301	115.9099	82.4651
546.00	28	87.0009	93.9099	74.3870
547.00	28	65.0009	71.9099	75.9475
548.00	28	47.5626	51.8290	78.2465
549.00	28	27.3974	29.8290	80.6949
550.00	28	24.6426	34.3010	71.6949
551.00	28	15.7279	38.2929	69.9878
552.00	28	7.6391	33.0594	64.5650
553.00	28	11.2897	26.8652	55.5650
554.00	28	8.8863	30.2222	51.3256
555.00	28	6.5506	25.1958	46.6944
556.00	28	-0.0484	23.4224	39.0635
557.00	28	-6.4560	15.2698	30.0635
558.00	28	-7.0817	10.5138	21.0635
559.00	28	-4.0280	4.5809	12.0635
560.00	28	-3.9531	6.4062	3.0635
561.00	29	-223.7643	193.9296	75.9798
562.00	29	-201.7643	171.9296	79.1116
563.00	29	-181.8126	157.3326	79.2938
564.00	29	-159.8126	135.3326	74.6095
565.00	29	-137.8126	113.3326	81.0398
566.00	29	-115.8126	91.3326	86.0745
567.00	29	-93.8126	69.3326	82.6119
568.00	29	-71.8126	51.4908	84.4620
569.00	29	-49.8126	29.4908	75.5667
570.00	29	-47.8165	22.7165	66.5667
571.00	29	-45.7386	14.8131	66.5634
572.00	29	-44.5376	14.1056	64.0510
573.00	29	-43.7743	15.8364	55.0510
574.00	29	-40.6682	17.4731	50.4974
575.00	29	-40.2969	13.3094	49.5339
576.00	29	-31.1362	11.9109	46.6463
577.00	29	-20.2815	3.4601	37.6463
578.00	29	-7.9739	4.9345	28.6463
579.00	29	-10.9154	0.4362	19.6463
580.00	29	3.3056	2.3645	10.6463
581.00	30	217.6776	-140.7220	71.6843
582.00	30	199.3663	-131.5035	67.5110
583.00	30	179.2748	-121.5759	69.2130
584.00	30	157.2748	-104.4092	68.1065
585.00	30	137.0566	-85.3588	76.8468
586.00	30	115.0566	-65.9705	83.1979
587.00	30	93.0566	-55.3070	87.5074
588.00	30	71.0566	-36.3775	78.5074
589.00	30	49.0566	-20.6369	78.2781
590.00	30	43.7518	-15.4445	69.2781
591.00	30	32.2684	-15.3883	60.2781
592.00	30	24.3089	-7.9293	52.0103
593.00	30	26.7232	-1.0210	50.3988
594.00	30	27.4411	5.6642	43.5092
595.00	30	26.7393	11.4367	39.3140
596.00	30	28.8249	11.7853	30.3140
597.00	30	25.7407	5.9397	22.0042
598.00	30	10.4673	3.1214	21.0094
599.00	30	6.8838	6.8453	15.9612
600.00	30	6.5508	2.5941	6.9612
601.00	31	-206.1816	-139.2721	72.6093
602.00	31	-184.1816	-118.7048	66.8080
603.00	31	-162.1816	-97.4561	67.6048
604.00	31	-145.8987	-81.3652	65.2682
605.00	31	-123.8987	-71.5286	65.4420
606.00	31	-103.7406	-63.6170	68.6356
607.00	31	-82.1131	-48.1994	69.6242
608.00	31	-60.1131	-26.1994	70.2980
609.00	31	-38.1131	-15.1078	64.5803
610.00	31	-39.4520	-7.1486	55.5803
611.00	31	-42.2452	-8.4333	49.9191
612.00	31	-42.5569	-2.1887	44.0060
613.00	31	-39.9884	3.2702	35.0060
614.00	31	-38.7627	-2.2635	29.2643
615.00	31	-31.9608	4.0924	26.2857
616.00	31	-22.6443	-0.6220	27.3907
617.00	31	-23.7659	-5.1968	22.1898
618.00	31	-23.2874	0.7680	13.1898
619.00	31	-17.5696	-0.1521	12.0054
620.00	31	-7.4020	1.0138	3.0054
621.00	32	160.9616	158.3104	82.2518
622.00	32	138.9616	142.8783	82.6656
623.00	32	127.0200	127.7624	76.7245
624.00	32	105.0200	105.7799	75.6305
625.00	32	83.0200	83.7799	69.1562
626.00	32	65.3166	71.1820	72.3509
627.00	32	53.0355	49.1820	74.3357
628.00	32	32.3625	33.5795	71.2094
629.00	32	18.2795	11.9688	76.8203
630.00	32	20.9384	11.3629	70.3963
631.00	32	13.9238	10.9209	61.3963
632.00	32	15.2890	13.9768	57.5754
633.00	32	10.9800	17.2112	51.1728
634.00	32	2.6612	18.2300	43.9623
635.00	32	3.4319	8.7350	35.8275
636.00	32	-2.6268	2.2255	27.4503
637.00	32	-4.6039	-4.6903	22.3141
638.00	32	1.8269	-7.4323	18.3259
639.00	32	6.3440	-10.6516	9.3259
640.00	32	-4.8697	2.6803	0.3259
641.00	33	-148.1861	204.8259	67.7852
642.00	33	-127.3849	188.8246	65.1394
643.00	33	-106.0411	166.8246	71.6900
644.00	33	-94.6545	144.8246	74.7196
645.00	33	-78.7321	126.4138	73.8250
646.00	33	-62.8968	104.4138	69.7868
647.00	33	-49.1271	82.4138	64.6543
648.00	33	-28.2914	60.4138	68.3219
649.00	33	-18.3831	38.4138	77.3174
650.00	33	-13.6081	34.0109	73.0275
651.00	33	-6.9561	23.9270	73.1595
652.00	33	-11.4797	14.0337	69.3092
653.00	33	-3.4148	7.5055	65.6673
654.00	33	-3.5527	12.4646	62.2137
655.00	33	-4.7047	7.0296	53.5245
656.00	33	2.9976	7.0139	44.5245
657.00	33	4.5046	7.6678	35.5245
658.00	33	0.5443	-1.4185	26.5245
659.00	33	2.4070	4.9948	17.5245
660.00	33	6.1286	5.1885	8.5245
661.00	34	170.2513	-179.9381	72.3634
662.00	34	151.2535	-157.9381	78.0316
663.00	34	130.1392	-140.1286	75.0193
664.00	34	115.4933	-126.2696	74.1483
665.00	34	102.9268	-104.2696	76.3416
666.00	34	80.9268	-90.3236	76.9917
667.00	34	67.7065	-68.3236	68.6998
668.00	34	45.7065	-52.0070	71.1408
669.00	34	23.7065	-30.0070	64.5813
670.00	34	17.1914	-23.3464	63.8258
671.00	34	22.7222	-24.2561	54.8258
672.00	34	13.2414	-26.0419	55.8303
673.00	34	15.7711	-24.8632	54.4123
674.00	34	13.5696	-18.1070	51.1787
675.00	34	7.1989	-16.8521	42.1787
676.00	34	2.6032	-19.6254	33.1787
677.00	34	7.1892	-10.4320	25.6017
678.00	34	9.7379	-0.7684	22.9664
679.00	34	0.4748	6.5846	13.9664
680.00	34	6.3842	5.0090	4.9664
681.00	35	-174.4302	-213.6687	74.6009
682.00	35	-153.5175	-191.6687	71.2262
683.00	35	-131.5175	-175.0930	64.2436
684.00	35	-109.5175	-153.0930	58.3444
685.00	35	-93.2699	-131.0930	58.3338
686.00	35	-82.0769	-109.0930	59.1143
687.00	35	-60.0769	-87.0930	56.7623
688.00	35	-44.3286	-65.0930	68.7637
689.00	35	-26.3636	-43.0930	68.1339
690.00	35	-23.8227	-32.6528	62.8564
691.00	35	-28.5634	-32.8834	62.9404
692.00	35	-18.2503	-25.9400	55.2897
693.00	35	-23.2204	-15.3511	46.2897
694.00	35	-12.8442	-13.7120	37.2897
695.00	35	-13.5850	-11.6845	34.2512
696.00	35	-3.8273	-11.4762	26.3465
697.00	35	2.4622	-10.0081	24.6289
698.00	35	-4.1650	-9.8073	23.1758
699.00	35	-2.7386	1.3451	14.1758
700.00	35	-4.1582	2.9075	5.1758
701.00	36	162.9637	180.1412	79.0829
702.00	36	143.1567	162.2906	80.0225
703.00	36	125.5178	146.0061	74.3571
704.00	36	109.6352	124.0061	77.3496
705.00	36	94.7107	104.0456	80.7668
706.00	36	72.7107	82.0456	77.9130
707.00	36	50.7107	68.6835	78.6844
708.00	36	31.6078	46.6835	79.2470
709.00	36	21.3677	24.6835	80.0695
710.00	36	15.9157	24.1813	71.0695
711.00	36	15.8443	25.4297	65.1244
712.00	36	9.3099	26.3704	58.9232
713.00	36	15.5087	23.7477	55.3877
714.00	36	19.8780	24.4651	54.5370
715.00	36	17.9728	13.1790	52.2123
716.00	36	10.0389	4.5367	43.2123
717.00	36	6.7309	5.5190	34.2123
718.00	36	3.0426	2.2827	25.7376
719.00	36	-4.9737	7.2800	16.7376
720.00	36	-1.3978	-2.5910	7.7376
721.00	37	-164.2693	154.4412	74.0120
722.00	37	-149.5593	138.1315	77.7287
723.00	37	-127.5593	123.0517	84.3890
724.00	37	-110.1249	110.9366	88.7779
725.00	37	-93.4911	94.4208	90.8561
726.00	37	-72.1674	82.2490	81.8561
727.00	37	-50.1674	60.2490	85.7988
728.00	37	-32.8856	38.2490	88.1226
729.00	37	-19.8087	20.6949	86.1042
730.00	37	-24.6658	14.5738	78.1220
731.00	37	-17.8180	17.4662	69.1220
732.00	37	-20.0214	20.1918	62.9219
733.00	37	-20.0299	10.4389	57.2473
734.00	37	-22.5119	14.2651	54.2636
735.00	37	-19.1112	10.8784	46.6648
736.00	37	-16.6506	12.5813	37.6648
737.00	37	-12.1800	15.2000	33.9801
738.00	37	-7.6876	14.4669	24.9801
739.00	37	-6.5734	2.1336	17.9400
740.00	37	1.4677	5.1234	8.9400
741.00	38	146.9527	-188.3865	70.1085
742.00	38	126.9621	-166.3865	69.8265
743.00	38	104.9621	-144.3865	63.4171
744.00	38	86.8752	-122.3865	60.4679
745.00	38	70.9226	-105.7814	68.7762
746.00	38	63.2551	-83.7814	75.6107
747.00	38	44.6512	-61.7814	82.3199
748.00	38	26.0291	-47.2796	74.5737
749.00	38	10.0819	-27.8325	66.5420
750.00	38	12.9573	-17.8728	65.5051
751.00	38	15.4510	-8.8439	56.5051
752.00	38	13.4159	-10.9208	52.8252
753.00	38	5.7134	-4.6432	48.0943
754.00	38	10.1504	-5.5121	39.0943
755.00	38	11.8575	-5.1497	35.6190
756.00	38	9.8424	-9.4580	26.6190
757.00	38	4.8016	-5.5072	22.7523
758.00	38	-4.0009	0.6566	13.7523
759.00	38	-2.9857	-4.6415	6.3068
760.00	38	2.3843	-5.9035	3.1806
761.00	39	-144.0097	-223.6358	77.8323
762.00	39	-132.6917	-201.6358	73.9187
763.00	39	-116.2305	-179.6358	72.7817
764.00	39	-99.2643	-157.6358	66.4806
765.00	39	-86.3127	-135.6358	61.3097
766.00	39	-73.5984	-113.6358	69.8204
767.00	39	-52.3574	-91.6358	67.9493
768.00	39	-38.3010	-69.6358	71.3523
769.00	39	-16.5675	-47.6358	68.9402
770.00	39	-14.4931	-38.0281	59.9402
771.00	39	-15.8554	-41.3090	54.7261
772.00	39	-18.3594	-34.6598	45.7261
773.00	39	-10.9371	-34.5546	47.3230
774.00	39	-9.0791	-34.5663	38.3230
775.00	39	-0.7583	-30.9868	34.5612
776.00	39	-2.1539	-21.1736	28.0202
777.00	39	0.3588	-16.9782	19.0202
778.00	39	6.8456	-4.1616	10.0202
779.00	39	8.5713	-5.6284	1.0202
780.00	39	-4.1405	1.0302	0.0000
781.00	40	220.5463	190.4322	69.0132
782.00	40	198.5463	168.4322	65.0403
783.00	40	177.2254	150.8536	60.3056
784.00	40	155.2254	135.2909	59.7305
785.00	40	133.2254	118.8149	54.7885
786.00	40	112.4504	98.9555	58.3748
787.00	40	90.4504	78.7236	60.9195
788.00	40	68.4504	56.7236	61.7647
789.00	40	46.4504	34.7236	68.1253
790.00	40	35.3428	37.0161	59.1253
791.00	40	37.1524	38.2912	59.8402
792.00	40	37.5748	32.7073	60.4362
793.00	40	25.8957	21.2670	51.4362
794.00	40	23.2690	11.2724	42.4362
795.00	40	22.2735	5.1663	36.8192
796.00	40	18.1135	4.1691	27.8192
797.00	40	7.2224	4.8008	23.3779
798.00	40	9.3360	-3.3856	14.3779
799.00	40	1.2228	-2.5812	5.3779
800.00	40	-0.5666	2.7333	0.3142
801.00	41	-222.8106	132.4341	72.0311
802.00	41	-203.7223	111.6213	69.1008
803.00	41	-181.7223	96.0718	72.7610
804.00	41	-159.7223	83.1551	70.8451
805.00	41	-137.7223	73.9176	71.8280
806.00	41	-115.7223	59.9590	73.3680
807.00	41	-93.7223	40.4718	75.9698
808.00	41	-71.7223	33.9649	83.3184
809.00	41	-49.7223	18.8797	86.1239
810.00	41	-45.8602	19.4455	77.1239
811.00	41	-46.8459	12.3068	72.8731
812.00	41	-37.1758	15.5685	63.8731
813.00	41	-37.3699	13.5381	54.8731
814.00	41	-38.2626	7.1683	47.4808
815.00	41	-26.8783	11.9632	46.2220
816.00	41	-26.2870	14.3518	38.8632
817.00	41	-15.8634	4.9185	34.6118
818.00	41	-16.2501	3.4783	25.6118
819.00	41	-1.2065	4.3238	16.6118
820.00	41	-3.6799	-3.7205	7.6118
821.00	42	161.2658	-221.5848	69.3604
822.00	42	139.8003	-201.3008	67.9479
823.00	42	118.7599	-179.3008	71.8174
824.00	42	96.7599	-157.3008	72.7767
825.00	42	79.3478	-136.9387	74.6182
826.00	42	63.8581	-114.9387	82.1335
827.00	42	44.8179	-92.9387	84.4988
828.00	42	31.8942	-70.9387	86.6423
829.00	42	20.0956	-48.9387	77.6423
830.00	42	24.1659	-42.5219	68.6423
831.00	42	27.3383	-41.0435	61.9790
832.00	42	18.3250	-35.4128	57.6260
833.00	42	17.2773	-30.5053	51.4569
834.00	42	12.3794	-32.9500	42.4569
835.00	42	10.4078	-24.7262	38.8577
836.00	42	6.2457	-24.0189	29.8577
837.00	42	-2.2859	-20.4913	29.6718
838.00	42	-1.7521	-20.1169	21.8331
839.00	42	1.7665	-9.0185	12.8331
840.00	42	-2.5869	-5.3773	3.8331
841.00	43	-189.3522	-207.0353	71.8150
842.00	43	-175.7277	-191.3015	77.3016
843.00	43	-159.8842	-169.6186	77.4217
844.00	43	-137.8842	-149.8426	69.4309
845.00	43	-119.3315	-127.8426	77.0554
846.00	43	-97.3315	-105.8426	80.2339
847.00	43	-75.3315	-84.4454	77.7538
848.00	43	-53.3315	-62.4454	73.2612
849.00	43	-33.0846	-40.4454	74.3653
850.00	43	-36.9176	-39.9452	65.3653
851.00	43	-31.8854	-35.9175	56.3653
852.00	43	-31.8278	-31.7034	47.3653
853.00	43	-21.4914	-29.0616	38.3653
854.00	43	-20.0812	-21.8523	37.2696
855.00	43	-21.8443	-20.8642	28.2696
856.00	43	-21.7380	-21.6513	20.1286
857.00	43	-16.5017	-12.5885	11.1286
858.00	43	-15.0322	-11.5587	2.3891
859.00	43	-3.4554	-4.0728	0.0000
860.00	43	3.0280	5.3358	1.9591
861.00	44	221.9905	170.5749	73.0407
862.00	44	204.6977	153.6284	79.0089
863.00	44	184.4111	131.6284	85.1895
864.00	44	162.4111	112.5555	80.1059
865.00	44	140.4111	94.7567	85.3219
866.00	44	118.4111	78.6013	78.8899
867.00	44	96.4111	61.9909	84.6132
868.00	44	74.4111	44.6137	84.4406
869.00	44	52.4111	22.6137	79.8505
870.00	44	51.8621	21.3589	77.1852
871.00	44	48.0568	19.7584	68.1852
872.00	44	42.5971	12.3666	59.1852
873.00	44	43.0673	18.2886	50.1852
874.00	44	40.9775	8.2615	45.5965
875.00	44	31.0346	6.7916	36.5965
876.00	44	23.9371	6.1489	27.5965
877.00	44	14.9175	1.0613	18.7620
878.00	44	10.9530	-2.3699	12.8412
879.00	44	11.9245	3.4924	3.8412
880.00	44	-7.0152	2.4540	0.0000
881.00	45	-186.1440	169.8344	75.5664
882.00	45	-164.1440	155.9376	70.6493
883.00	45	-142.1440	135.9805	73.7235
884.00	45	-129.3276	123.7982	66.2130
885.00	45	-114.1998	102.9153	64.7967
886.00	45	-92.3989	88.6589	63.7109
887.00	45	-70.3989	70.4369	63.4778
888.00	45	-54.1534	51.7797	62.1083
889.00	45	-32.6424	29.7797	73.9466
890.00	45	-26.8509	28.5840	64.9466
891.00	45	-28.2286	21.8686	63.9503
892.00	45	-25.6518	17.5876	61.1439
893.00	45	-18.0571	20.9353	54.3104
894.00	45	-10.0282	13.0477	45.3104
895.00	45	-7.9665	12.9521	40.6832
896.00	45	-6.2344	6.9585	36.0732
897.00	45	-2.3335	2.1382	34.4194
898.00	45	-7.4407	-0.3281	25.4194
899.00	45	-2.1036	5.1774	16.4194
900.00	45	-7.1296	5.6921	7.4194
901.00	46	178.4093	-185.3391	76.5413
902.00	46	156.4093	-163.3391	72.8005
903.00	46	137.6242	-146.3483	71.6569
904.00	46	115.6242	-124.3483	77.8596
905.00	46	93.6242	-102.3483	83.6677
906.00	46	76.1793	-86.1526	85.3006
907.00	46	54.1793	-66.9646	79.1351
908.00	46	37.8177	-46.9652	76.1881
909.00	46	25.7150	-24.9652	79.8085
910.00	46	22.7602	-16.7815	76.6526
911.00	46	14.7436	-18.6160	73.6598
912.00	46	8.4813	-21.6429	71.0727
913.00	46	2.6270	-22.6016	65.4958
914.00	46	4.1258	-26.6247	60.8022
915.00	46	10.5729	-25.3310	51.8022
916.00	46	12.9810	-24.7587	43.1775
917.00	46	6.2500	-13.4584	37.1999
918.00	46	10.1870	-5.2671	28.1999
919.00	46	7.0880	-8.6482	19.1999
920.00	46	-2.5165	6.4687	10.1999
921.00	47	-202.7708	-219.4377	71.6077
922.00	47	-187.3555	-199.9511	73.0513
923.00	47	-165.3992	-177.9511	79.4572
924.00	47	-143.3992	-155.9511	75.5899
925.00	47	-121.3992	-133.9511	76.3855
926.00	47	-102.9928	-111.9511	69.8918
927.00	47	-80.9928	-89.9511	68.7560
928.00	47	-58.9928	-67.9511	68.6576
929.00	47	-36.9928	-45.9511	77.0473
930.00	47	-37.7635	-47.3500	68.0473
931.00	47	-28.4762	-44.5098	64.8538
932.00	47	-21.1945	-40.1937	55.8538
933.00	47	-16.4853	-32.2900	50.7817
934.00	47	-9.5264	-32.8181	41.7817
935.00	47	-12.7538	-20.1797	39.6923
936.00	47	-14.9427	-12.8855	30.6923
937.00	47	-18.2799	-9.7291	21.6923
938.00	47	-14.8746	-7.8543	19.7989
939.00	47	-13.8635	0.8112	11.5509
940.00	47	-6.4643	-5.7490	2.5509
941.00	48	168.5968	170.1806	69.7712
942.00	48	147.1928	156.8814	75.9987
943.00	48	125.1928	141.3911	74.6943
944.00	48	103.1928	119.3911	79.6055
945.00	48	81.1928	98.4415	71.9022
946.00	48	61.1898	85.9282	69.4522
947.00	48	45.5843	63.9282	64.7531
948.00	48	30.9767	41.9282	60.8290
949.00	48	21.0287	24.8921	71.9176
950.00	48	23.6999	16.8309	62.9176
951.00	48	28.4179	20.3823	60.9800
952.00	48	20.3822	10.9070	51.9800
953.00	48	12.6384	9.3758	51.1039
954.00	48	6.2926	7.8288	42.1039
955.00	48	8.9693	13.9305	33.3875
956.00	48	5.4550	4.0774	24.3875
957.00	48	0.1961	-1.4630	16.2153
958.00	48	-4.9409	1.6832	17.1341
959.00	48	1.0371	5.7066	12.5107
960.00	48	-3.0209	-7.2912	3.5107
961.00	49	-154.2130	225.2708	77.1631
962.00	49	-136.4336	203.2708	81.2612
963.00	49	-116.9223	184.1078	82.6855
964.00	49	-99.1587	162.1078	84.3562
965.00	49	-84.9004	140.1078	84.4042
966.00	49	-66.5101	118.1078	81.8285
967.00	49	-48.8378	96.1078	77.7573
968.00	49	-33.9446	74.1078	69.2682
969.00	49	-19.1817	52.1078	64.5429
970.00	49	-19.7675	51.5672	61.9294
971.00	49	-18.9334	46.3960	52.9294
972.00	49	-11.2778	34.6061	43.9294
973.00	49	-13.7520	37.7009	43.7615
974.00	49	-7.4322	38.5510	39.7527
975.00	49	-0.8534	33.0948	34.0694
976.00	49	-7.3458	20.1119	25.7005
977.00	49	0.4148	14.8899	16.7005
978.00	49	7.6177	13.3986	7.7005
979.00	49	0.7455	4.3929	0.0000
980.00	49	3.5160	6.3498	0.0000
981.00	50	192.3777	-218.9078	71.0804
982.00	50	172.9720	-196.9078	76.3088
983.00	50	153.4494	-174.9078	71.6358
984.00	50	138.7658	-152.9078	73.6015
985.00	50	116.7658	-131.3530	68.1687
986.00	50	95.5951	-109.3530	73.0709
987.00	50	77.1359	-87.3530	72.5606
988.00	50	57.5363	-65.3530	73.4718
989.00	50	35.5363	-43.3530	69.1563
990.00	50	28.3654	-42.3527	65.0463
991.00	50	32.3583	-42.8175	64.9265
992.00	50	24.1778	-35.5550	60.1084
993.00	50	28.0838	-33.3461	57.8310
994.00	50	26.4251	-21.2964	51.2718
995.00	50	22.8248	-18.1879	42.2718
996.00	50	20.6053	-15.8247	37.8863
997.00	50	17.6508	-18.1514	28.8863
998.00	50	7.1353	-9.2959	19.8863
999.00	50	-3.3047	-2.3399	11.4402
1000.00	50	2.2387	-5.2969	2.4402
1001.00	51	-196.1619	-192.2409	74.6549
1002.00	51	-174.1619	-170.2409	80.1142
1003.00	51	-159.1788	-149.8849	85.8920
1004.00	51	-138.3146	-127.8849	87.7829
1005.00	51	-116.3146	-105.8849	85.3827
1006.00	51	-98.0478	-83.8849	84.6234
1007.00	51	-76.0478	-66.6769	90.1441
1008.00	51	-55.4541	-44.6769	83.4049
1009.00	51	-33.4541	-29.2038	75.2288
1010.00	51	-29.3807	-32.3427	75.3726
1011.00	51	-23.5934	-28.6861	68.6458
1012.00	51	-20.3059	-18.8718	67.9917
1013.00	51	-13.2760	-13.4164	60.4263
1014.00	51	-9.3366	-9.0562	53.7369
1015.00	51	-6.0242	-12.4847	46.0501
1016.00	51	-3.6661	-17.4663	37.0501
1017.00	51	3.8888	-7.0613	34.9679
1018.00	51	9.3731	-3.8280	25.9679
1019.00	51	11.0916	-2.7854	16.9679
1020.00	51	-6.3516	-7.0573	7.9679
1021.00	52	202.0798	174.3312	68.1355
1022.00	52	180.0798	153.6354	75.8495
1023.00	52	158.0798	135.5265	76.9107
1024.00	52	136.0798	113.5265	71.5181
1025.00	52	114.0798	101.2974	79.1234
1026.00	52	93.5162	79.2974	77.2914
1027.00	52	76.7687	57.9960	80.9987
1028.00	52	54.7687	41.8862	85.2923
1029.00	52	32.7687	19.8862	77.4900
1030.00	52	28.6162	16.3384	68.4900
1031.00	52	24.9373	8.7025	59.4900
1032.00	52	27.4409	6.4361	55.0616
1033.00	52	29.5375	4.5738	52.5617
1034.00	52	18.7719	4.0652	50.8802
1035.00	52	20.3638	-0.4005	49.8632
1036.00	52	20.7057	2.9301	44.5754
1037.00	52	9.7971	6.2869	38.0549
1038.00	52	10.1225	5.1023	29.3158
1039.00	52	6.8471	0.6150	20.3158
1040.00	52	-5.4051	-6.0530	11.3158
1041.00	53	-231.1820	223.8027	75.6640
1042.00	53	-209.1820	201.8027	68.3640
1043.00	53	-187.1820	179.8027	73.8369
1044.00	53	-165.1820	157.8027	80.3140
1045.00	53	-143.1820	135.8027	72.9008
1046.00	53	-121.1820	113.8027	69.5939
1047.00	53	-99.1820	91.8027	67.8324
1048.00	53	-77.1820	69.8027	68.3101
1049.00	53	-55.1820	47.8027	73.1629
1050.00	53	-44.6543	50.2840	64.2516
1051.00	53	-34.7566	49.7333	59.1312
1052.00	53	-35.8363	42.9719	50.1312
1053.00	53	-28.1400	44.0985	50.9687
1054.00	53	-22.6421	38.0376	45.6527
1055.00	53	-12.0690	31.2496	36.6527
1056.00	53	-9.8706	32.2459	35.3999
1057.00	53	-5.7996	20.5895	30.4353
1058.00	53	-8.8509	7.7216	21.4353
1059.00	53	2.6527	2.1870	12.4353
1060.00	53	-4.1519	-3.1813	6.6707
1061.00	54	198.1366	-186.1275	67.1513
1062.00	54	177.5148	-167.3550	61.1768
1063.00	54	159.3816	-146.3401	62.0095
1064.00	54	137.3816	-124.3401	57.0473
1065.00	54	115.3816	-108.2330	62.5057
1066.00	54	93.3816	-91.8128	69.8065
1067.00	54	71.3816	-69.8128	75.3224
1068.00	54	49.3816	-47.8128	77.2094
1069.00	54	27.3816	-25.8128	79.5035
1070.00	54	20.8740	-22.0041	79.7047
1071.00	54	24.9842	-17.9953	74.7884
1072.00	54	15.2314	-9.1670	65.7884
1073.00	54	10.1796	-0.9771	59.8057
1074.00	54	2.8286	2.9431	51.4156
1075.00	54	-1.5041	4.8870	42.4156
1076.00	54	-5.1411	-3.1742	33.4156
1077.00	54	2.4367	-1.8961	24.4156
1078.00	54	-0.0200	0.7532	15.4156
1079.00	54	0.6825	-3.3782	6.4156
1080.00	54	5.4904	-4.2469	3.6484
1081.00	55	-183.5248	-216.5871	81.8294
1082.00	55	-161.5248	-195.7768	88.6213
1083.00	55	-140.6551	-173.7768	87.8363
1084.00	55	-120.2723	-151.7768	81.1834
1085.00	55	-98.2723	-129.7768	86.2636
1086.00	55	-76.2723	-110.0767	90.6654
1087.00	55	-60.1441	-88.0767	87.7633
1088.00	55	-43.7082	-66.0767	88.6706
1089.00	55	-21.7082	-44.0767	79.6706
1090.00	55	-13.4890	-41.6591	70.6706
1091.00	55	-17.3675	-40.6689	62.3970
1092.00	55	-12.4824	-38.0341	58.7068
1093.00	55	-17.8063	-31.8465	51.7441
1094.00	55	-20.4096	-27.1313	43.6017
1095.00	55	-15.6974	-28.4109	43.7745
1096.00	55	-11.7450	-28.9924	34.7745
1097.00	55	-2.0419	-21.6753	33.0839
1098.00	55	-0.9935	-9.6318	24.0839
1099.00	55	-6.4191	-5.5508	15.0839
1100.00	55	-1.9469	-7.3944	6.0839
1101.00	56	187.5295	227.8128	76.5699
1102.00	56	165.5295	205.8128	74.0320
1103.00	56	143.5295	183.8128	75.7888
1104.00	56	121.5295	161.8128	82.8147
1105.00	56	108.6482	139.8128	86.9222
1106.00	56	86.8404	117.8128	89.1733
1107.00	56	67.8217	95.8128	80.1733
1108.00	56	52.6889	73.8128	80.5662
1109.00	56	30.8781	51.8128	84.8555
1110.00	56	21.9295	54.0229	75.8555
1111.00	56	22.7486	51.6831	66.8555
1112.00	56	22.2013	48.0210	60.2359
1113.00	56	19.5051	39.5695	51.2359
1114.00	56	21.6106	28.1444	42.2359
1115.00	56	11.0718	26.9128	38.3535
1116.00	56	8.9729	24.6485	29.3535
1117.00	56	13.0680	14.3274	24.0809
1118.00	56	7.1329	15.9297	22.6007
1119.00	56	-0.5422	9.9672	13.6007
1120.00	56	5.0809	-0.0863	4.6007
1121.00	57	-222.0546	143.6491	70.3424
1122.00	57	-200.0546	131.9952	68.3467
1123.00	57	-178.0546	119.0986	65.6095
1124.00	57	-156.0546	108.1611	73.9131
1125.00	57	-134.0546	86.1611	77.8753
1126.00	57	-113.8313	68.5978	83.9493
1127.00	57	-91.8313	46.5978	85.2544
1128.00	57	-69.8313	36.7542	78.3210
1129.00	57	-47.8313	14.7542	72.6117
1130.00	57	-45.0192	11.6366	63.6117
1131.00	57	-43.3039	17.6997	62.8118
1132.00	57	-44.3436	18.5394	58.6069
1133.00	57	-31.8504	18.8025	50.1737
1134.00	57	-33.6228	12.7409	41.1737
1135.00	57	-28.1978	17.4850	32.1737
1136.00	57	-24.2292	10.2679	27.5300
1137.00	57	-13.7349	5.0318	18.5300
1138.00	57	-7.7050	10.4138	9.5300
1139.00	57	2.5296	2.0850	8.7137
1140.00	57	-7.3273	0.1407	0.0000
1141.00	58	188.6520	-167.8868	67.7590
1142.00	58	173.9958	-150.7069	66.9846
1143.00	58	151.9958	-128.7069	70.5155
1144.00	58	134.2947	-108.7358	68.8077
1145.00	58	112.6888	-91.6656	62.6812
1146.00	58	90.6888	-80.7181	61.6096
1147.00	58	68.6888	-64.3758	62.3644
1148.00	58	46.6888	-48.1163	70.1184
1149.00	58	24.6888	-28.5588	73.0908
1150.00	58	19.2799	-22.5549	68.5847
1151.00	58	22.3774	-14.4652	66.8730
1152.00	58	22.3840	-18.8340	66.7839
1153.00	58	14.5492	-21.3660	57.7839
1154.00	58	5.9424	-24.6640	53.7965
1155.00	58	11.9799	-21.2476	44.7965
1156.00	58	10.5712	-10.3086	38.0413
1157.00	58	7.9955	-6.7513	29.0413
1158.00	58	3.0699	-3.7162	20.0413
1159.00	58	-3.5726	-7.4144	16.6721
1160.00	58	-1.2350	-3.5064	7.6721
1161.00	59	-198.9618	-171.1069	73.1834
1162.00	59	-176.9618	-149.1069	67.4578
1163.00	59	-154.9618	-127.4764	69.4947
1164.00	59	-132.9618	-110.0257	72.8298
1165.00	59	-113.1713	-93.0676	77.1755
1166.00	59	-97.4379	-71.0676	81.3294
1167.00	59	-75.4379	-56.5882	84.3189
1168.00	59	-53.4379	-36.3360	85.4280
1169.00	59	-31.4379	-24.2518	84.8088
1170.00	59	-31.1515	-17.6476	80.2271
1171.00	59	-22.9659	-17.1383	76.6387
1172.00	59	-24.2359	-14.5560	74.4543
1173.00	59	-27.7958	-11.7261	70.0505
1174.00	59	-22.1368	-15.0418	66.0943
1175.00	59	-11.2801	-17.9091	57.0943
1176.00	59	-8.4030	-12.7869	48.0943
1177.00	59	-13.4873	-2.8712	39.0943
1178.00	59	-15.0731	-6.1582	30.0943
1179.00	59	-9.0278	-8.4280	21.0943
1180.00	59	-5.9207	1.3431	12.0943
1181.00	60	192.0568	136.6389	73.8767
1182.00	60	170.5423	116.3627	74.7895
1183.00	60	148.5712	103.1010	74.7183
1184.00	60	129.4549	91.1595	77.3467
1185.00	60	107.4549	78.7908	76.8420
1186.00	60	85.4549	63.3091	78.4086
1187.00	60	63.4549	53.1437	80.0702
1188.00	60	42.0851	31.1437	76.9265
1189.00	60	20.0851	10.9209	71.2874
1190.00	60	24.9960	5.9663	63.2794
1191.00	60	23.9586	7.3115	57.1671
1192.00	60	27.3967	2.8816	56.3152
1193.00	60	30.3553	-2.3822	51.5148
1194.00	60	24.9289	-3.9772	44.6809
1195.00	60	16.7491	1.3101	35.6809
1196.00	60	16.5977	7.4419	33.6321
1197.00	60	11.9089	12.8691	31.5809
1198.00	60	7.5006	1.3359	22.5809
1199.00	60	3.2987	-1.2708	13.5809
1200.00	60	-0.2410	-0.1367	4.5809
1201.00	61	-159.3360	173.1957	68.5851
1202.00	61	-146.4216	160.2171	69.8510
1203.00	61	-127.3850	138.2171	69.3384
1204.00	61	-106.7364	116.2171	77.3523
1205.00	61	-85.5362	94.2171	74.0736
1206.00	61	-65.9021	73.8007	73.4663
1207.00	61	-52.0148	57.5498	76.3764
1208.00	61	-40.3249	39.4051	79.4656
1209.00	61	-18.3249	24.0026	77.7651
1210.00	61	-16.7964	25.8492	75.4408
1211.00	61	-21.3444	19.5881	68.1417
1212.00	61	-16.5747	20.0382	61.1717
1213.00	61	-21.1003	20.4238	52.1717
1214.00	61	-22.7082	20.7430	47.3216
1215.00	61	-12.8798	21.7996	45.2678
1216.00	61	-14.4848	22.6013	36.9745
1217.00	61	-16.9289	18.9029	27.9745
1218.00	61	-7.8713	14.3959	18.9745
1219.00	61	-10.3628	3.7801	9.9745
1220.00	61	-6.0758	7.3850	0.9745
1221.00	62	228.3280	-188.8709	70.3550
1222.00	62	206.3280	-166.8709	67.8409
1223.00	62	184.3280	-146.9945	66.5135
1224.00	62	162.3280	-124.9945	64.8680
1225.00	62	140.3280	-109.3838	63.9579
1226.00	62	118.3280	-89.4691	71.7346
1227.00	62	96.3280	-71.5511	75.8638
1228.00	62	74.3280	-49.5511	77.5005
1229.00	62	52.3280	-27.5511	74.0443
1230.00	62	41.4290	-22.6345	65.0443
1231.00	62	31.1041	-27.3025	63.5389
1232.00	62	21.5188	-22.6150	60.2297
1233.00	62	25.1998	-26.4085	58.5173
1234.00	62	27.5055	-21.5637	49.5173
1235.00	62	29.7832	-14.5806	40.5173
1236.00	62	25.5113	-17.7402	31.5173
1237.00	62	22.6546	-7.3254	27.6291
1238.00	62	17.6269	-0.2694	18.6291
1239.00	62	2.0823	5.3572	9.6291
1240.00	62	7.3776	-6.4463	0.6291
1241.00	63	-142.2746	-193.9230	69.4738
1242.00	63	-122.5438	-174.0197	64.1310
1243.00	63	-104.5576	-152.0197	64.4110
1244.00	63	-96.4709	-133.5961	60.5302
1245.00	63	-74.4709	-111.5961	56.8928
1246.00	63	-58.2980	-89.5961	58.7612
1247.00	63	-44.4960	-68.1791	55.7224
1248.00	63	-25.6717	-46.1791	60.1946
1249.00	63	-15.1008	-26.5045	73.8965
1250.00	63	-12.5163	-30.9600	67.5135
1251.00	63	-6.0647	-21.7935	64.5727
1252.00	63	-5.3985	-22.4936	55.5727
1253.00	63	-4.1615	-26.0296	49.9928
1254.00	63	-3.9802	-15.5567	40.9928
1255.00	63	3.9073	-16.2224	31.9928
1256.00	63	9.1622	-15.8490	22.9928
1257.00	63	13.2966	-8.4168	22.8502
1258.00	63	5.2720	-3.8216	15.7911
1259.00	63	0.7608	-0.0305	9.5240
1260.00	63	5.9875	3.3105	5.4506
1261.00	64	148.0350	223.2310	70.5372
1262.00	64	126.0350	204.5697	70.6889
1263.00	64	104.4437	185.6927	65.0725
1264.00	64	92.8439	164.5968	68.1609
1265.00	64	83.1435	142.5968	63.2004
1266.00	64	73.6762	120.5968	59.3617
1267.00	64	52.9112	98.5968	70.3505
1268.00	64	33.3605	76.5968	73.0763
1269.00	64	20.9677	54.5968	68.6514
1270.00	64	16.0005	51.5648	59.6514
1271.00	64	8.0087	44.6117	54.4437
1272.00	64	4.5837	33.5870	45.4437
1273.00	64	6.4004	35.1133	44.7570
1274.00	64	4.5246	36.2610	36.4353
1275.00	64	4.4164	27.9415	27.4353
1276.00	64	-0.7021	21.7801	26.5526
1277.00	64	-1.9580	12.3931	25.4208
1278.00	64	3.6124	1.5479	16.4208
1279.00	64	-3.8673	8.0790	7.4208
1280.00	64	5.0792	-3.1072	1.7146
1281.00	65	-206.4178	188.3283	72.0596
1282.00	65	-188.0736	169.5051	69.9462
1283.00	65	-170.2678	150.0330	63.8565
1284.00	65	-148.6748	132.5556	66.0638
1285.00	65	-126.6748	110.5556	70.1078
1286.00	65	-106.3821	92.8862	65.8372
1287.00	65	-84.3821	70.8862	72.2799
1288.00	65	-62.3821	51.2724	79.2906
1289.00	65	-40.3821	32.3534	74.3999
1290.00	65	-35.1587	25.0418	73.5998
1291.00	65	-26.1218	16.3581	71.9394
1292.00	65	-27.6520	15.5585	63.6998
1293.00	65	-25.6918	15.9686	59.5530
1294.00	65	-16.7844	13.1197	51.6951
1295.00	65	-8.6339	9.8437	49.6739
1296.00	65	-9.0618	10.9554	41.6651
1297.00	65	-3.2279	2.8080	38.0366
1298.00	65	-5.4205	-3.2773	29.0366
1299.00	65	2.7957	-4.9485	20.0366
1300.00	65	-6.4025	-6.8446	11.0366
1301.00	66	165.4510	-158.2461	77.6027
1302.00	66	152.4434	-136.2461	83.0880
1303.00	66	139.1097	-117.6445	87.3117
1304.00	66	126.5588	-95.6445	84.4993
1305.00	66	106.1519	-74.0420	80.2747
1306.00	66	84.1519	-61.2668	85.6659
1307.00	66	62.1519	-45.7479	85.8934
1308.00	66	40.1519	-34.5815	78.2150
1309.00	66	26.6593	-21.1790	77.4095
1310.00	66	25.3262	-24.4518	68.4095
1311.00	66	22.9549	-19.0619	59.4095
1312.00	66	17.9552	-20.1732	50.4095
1313.00	66	9.7947	-19.8587	48.5992
1314.00	66	4.8578	-14.1786	39.9514
1315.00	66	5.4977	-11.4460	30.9514
1316.00	66	7.2769	-3.6689	29.9854
1317.00	66	1.5716	1.5584	20.9854
1318.00	66	1.4571	4.9547	18.1127
1319.00	66	-2.2913	5.3467	9.1127
1320.00	66	4.0668	5.3208	2.4319
1321.00	67	-190.2161	-196.7492	84.1009
1322.00	67	-168.2161	-174.7492	87.3965
1323.00	67	-146.2161	-152.7492	80.3251
1324.00	67	-128.2259	-130.7492	77.4268
1325.00	67	-109.5944	-113.7041	80.3100
1326.00	67	-87.5944	-95.1154	72.3601
1327.00	67	-66.5577	-73.1154	70.4681
1328.00	67	-44.7928	-55.6101	77.5088
1329.00	67	-23.3530	-33.6101	79.2587
1330.00	67	-17.2082	-31.9970	76.0890
1331.00	67	-16.9210	-26.6945	67.6964
1332.00	67	-13.5923	-20.0802	59.8865
1333.00	67	-10.0895	-20.8045	50.8865
1334.00	67	-7.6511	-15.0734	46.2974
1335.00	67	-9.8169	-5.1597	37.2974
1336.00	67	-5.6035	-5.9501	32.1529
1337.00	67	3.2597	-10.6245	23.1529
1338.00	67	4.4066	-7.0004	15.7957
1339.00	67	0.1650	1.1297	13.9096
1340.00	67	-2.2361	-5.5393	4.9096
1341.00	68	143.6613	165.4481	73.2183
1342.00	68	127.6715	151.5714	76.9873
1343.00	68	111.7521	133.0096	72.0538
1344.00	68	96.4811	111.0096	75.5037
1345.00	68	79.9209	98.8732	77.6897
1346.00	68	61.0311	81.1220	71.2772
1347.00	68	51.7894	59.1220	70.4396
1348.00	68	29.7894	45.8617	77.0889
1349.00	68	10.0242	30.1220	72.3090
1350.00	68	7.6907	26.9564	64.3230
1351.00	68	3.4505	28.1036	58.7100
1352.00	68	6.3215	28.6223	49.7100
1353.00	68	6.0521	27.9930	40.7100
1354.00	68	-1.1687	25.4712	33.9881
1355.00	68	3.4782	24.7185	28.2154
1356.00	68	-1.9393	19.0158	19.2154
1357.00	68	0.0647	7.0793	12.6670
1358.00	68	-2.0370	3.9193	11.4116
1359.00	68	-8.3563	4.7792	12.1438
1360.00	68	2.5554	-7.0037	3.1438
1361.00	69	-182.0239	177.7047	77.1928
1362.00	69	-160.0239	156.9292	77.2433
1363.00	69	-147.0611	142.7086	74.8589
1364.00	69	-125.0611	128.9172	77.7729
1365.00	69	-109.2301	112.6047	74.8368
1366.00	69	-87.2301	90.6047	72.7349
1367.00	69	-66.9640	69.8852	72.1056
1368.00	69	-44.9640	49.2484	74.3775
1369.00	69	-22.9640	27.2484	74.1596
1370.00	69	-21.3322	26.2093	68.5913
1371.00	69	-20.8454	30.3576	66.8437
1372.00	69	-23.1410	22.9992	58.3633
1373.00	69	-24.0160	24.6011	57.8460
1374.00	69	-19.7561	22.0701	48.8460
1375.00	69	-11.5240	25.5385	39.8460
1376.00	69	-15.3758	15.1679	36.9503
1377.00	69	-9.7075	12.5071	29.0117
1378.00	69	-1.7448	10.8877	20.0117
1379.00	69	5.8046	-2.0249	15.7343
1380.00	69	5.9449	-2.0102	6.7343
1381.00	70	218.0569	-186.7448	67.1284
1382.00	70	196.0569	-164.7448	73.1595
1383.00	70	175.1931	-150.7751	76.6913
1384.00	70	153.1931	-129.6233	73.9652
1385.00	70	135.0452	-107.6233	69.3858
1386.00	70	113.0452	-85.6233	67.4360
1387.00	70	91.0452	-66.0662	70.6401
1388.00	70	69.0452	-47.7836	68.2644
1389.00	70	47.0452	-25.7836	68.1979
1390.00	70	41.6143	-26.3901	59.1979
1391.00	70	33.7693	-21.7059	51.6206
1392.00	70	29.9907	-15.9098	46.3397
1393.00	70	31.4620	-19.8422	42.2480
1394.00	70	32.3922	-17.0589	38.5619
1395.00	70	25.4757	-10.8164	30.4195
1396.00	70	19.6223	-9.6716	21.4195
1397.00	70	13.8413	-8.8753	20.6788
1398.00	70	6.2336	-8.4096	13.6587
1399.00	70	-3.6195	-8.0707	9.9899
1400.00	70	-4.1751	1.0217	0.9899
1401.00	71	-158.6490	-164.2252	73.0031
1402.00	71	-137.9219	-143.4594	71.8565
1403.00	71	-121.9871	-130.6695	80.1698
1404.00	71	-105.3563	-108.6695	81.6924
1405.00	71	-88.0318	-86.6695	86.9948
1406.00	71	-76.8679	-68.8403	92.2392
1407.00	71	-62.5313	-51.1098	90.6965
1408.00	71	-40.5313	-36.4520	88.1928
1409.00	71	-20.3380	-18.8476	84.0716
1410.00	71	-19.3049	-17.8145	75.0716
1411.00	71	-11.5570	-13.8126	72.1148
1412.00	71	-9.5576	-18.0136	63.1148
1413.00	71	-7.7854	-19.8258	58.1978
1414.00	71	-9.6261	-19.7208	49.1978
1415.00	71	-5.9308	-19.6781	40.1978
1416.00	71	-3.0058	-15.2602	32.6076
1417.00	71	-8.7045	-16.2752	23.6076
1418.00	71	-1.3012	-16.1966	14.6076
1419.00	71	0.0901	-12.9885	8.8278
1420.00	71	-6.3479	5.7996	2.2667
1421.00	72	181.5351	224.7078	78.3695
1422.00	72	162.0188	202.9004	74.6010
1423.00	72	145.9282	180.9004	72.9215
1424.00	72	123.9282	158.9004	77.1950
1425.00	72	108.8952	136.9004	78.7668
1426.00	72	86.8952	114.9004	79.3749
1427.00	72	65.4835	92.9004	76.6501
1428.00	72	43.4835	70.9004	72.9144
1429.00	72	21.4835	48.9004	78.6466
1430.00	72	21.9876	41.6107	71.8380
1431.00	72	26.1413	34.0632	63.9343
1432.00	72	17.6876	31.5569	58.2922
1433.00	72	10.3491	31.7044	49.2922
1434.00	72	8.7214	23.0024	40.2922
1435.00	72	-0.0329	25.1106	34.5519
1436.00	72	-6.8911	21.1723	26.4875
1437.00	72	-6.6936	22.3234	20.8591
1438.00	72	-6.7668	14.1818	21.1069
1439.00	72	3.8499	1.1065	12.1069
1440.00	72	-5.2516	-4.2591	3.1069
1441.00	73	-161.5023	207.8981	80.0049
1442.00	73	-143.3459	185.8981	81.9505
1443.00	73	-124.9544	163.8981	75.7043
1444.00	73	-102.9544	141.8981	78.0832
1445.00	73	-91.9327	119.8981	81.5666
1446.00	73	-77.3528	97.8981	83.3906
1447.00	73	-57.3263	75.8981	77.1943
1448.00	73	-37.9289	53.8981	69.2989
1449.00	73	-24.9104	31.8981	64.5568
1450.00	73	-29.2941	34.5617	65.6571
1451.00	73	-31.1575	37.1880	56.6571
1452.00	73	-22.4868	30.6748	52.4147
1453.00	73	-26.1148	29.6082	43.4147
1454.00	73	-17.0324	24.0456	34.4147
1455.00	73	-17.5686	13.1020	33.7084
1456.00	73	-10.9273	9.1700	32.7664
1457.00	73	-5.5520	-0.4875	23.7664
1458.00	73	-4.3544	6.4509	21.7683
1459.00	73	-3.6984	5.1967	12.7683
1460.00	73	5.9889	5.7652	3.7683
1461.00	74	184.5697	-165.3913	78.3631
1462.00	74	162.5697	-143.3913	78.4644
1463.00	74	142.3032	-127.6408	74.5596
1464.00	74	120.3032	-105.7749	79.3819
1465.00	74	107.5485	-83.7749	72.9116
1466.00	74	85.5485	-61.8705	79.5806
1467.00	74	66.5742	-46.8859	77.7372
1468.00	74	44.5742	-35.3284	83.1011
1469.00	74	22.5742	-14.2611	85.0413
1470.00	74	17.8986	-9.5659	76.0413
1471.00	74	16.0714	-3.3788	68.8154
1472.00	74	7.1931	2.4989	63.5591
1473.00	74	5.1885	-3.7292	54.5591
1474.00	74	8.6287	-5.0515	53.0158
1475.00	74	5.2071	-9.8997	44.0158
1476.00	74	1.6263	-6.1137	36.6621
1477.00	74	1.2299	-5.6508	27.6621
1478.00	74	8.0448	-7.6866	25.8416
1479.00	74	11.3956	3.0114	16.8416
1480.00	74	-1.5123	7.3016	7.8416
1481.00	75	-131.1268	-146.3112	74.0119
1482.00	75	-111.9872	-124.3112	76.0268
1483.00	75	-102.4621	-106.2821	70.1005
1484.00	75	-81.5216	-94.3403	74.4308
1485.00	75	-62.8764	-77.3071	71.5684
1486.00	75	-50.3346	-62.1341	77.7567
1487.00	75	-31.9036	-45.3429	82.5380
1488.00	75	-16.4882	-35.6431	76.5166
1489.00	75	-2.5736	-15.4926	69.2322
1490.00	75	2.8868	-13.6542	60.2322
1491.00	75	6.6730	-19.1272	51.2322
1492.00	75	7.5847	-10.2250	49.2215
1493.00	75	7.6720	-14.3570	47.9456
1494.00	75	4.6487	-11.7995	38.9456
1495.00	75	-0.1381	-9.2899	36.7145
1496.00	75	0.9435	-0.9687	33.0780
1497.00	75	4.7249	-5.0190	27.3937
1498.00	75	-0.3702	3.1900	18.3937
1499.00	75	-3.1317	-1.6420	12.1197
1500.00	75	6.4227	-6.2428	5.8005
1501.00	76	215.7399	143.9159	71.3236
1502.00	76	198.2155	131.4019	76.3555
1503.00	76	176.2155	115.7263	70.6208
1504.00	76	154.2155	100.7179	68.5315
1505.00	76	132.2155	82.6643	62.7699
1506.00	76	112.0635	61.9433	62.3272
1507.00	76	90.0635	43.5557	60.9393
1508.00	76	68.0635	35.7940	59.2047
1509.00	76	46.0635	14.5302	62.6240
1510.00	76	35.0168	11.6728	55.1031
1511.00	76	24.2496	12.0312	46.1031
1512.00	76	20.6762	7.5283	38.8601
1513.00	76	15.5324	9.6115	29.8601
1514.00	76	17.8364	12.5959	23.2067
1515.00	76	7.9946	10.5909	24.1977
1516.00	76	10.9597	4.0305	20.5237
1517.00	76	11.3431	2.7914	18.1946
1518.00	76	2.7415	-1.1671	11.6567
1519.00	76	6.2928	4.4510	2.6567
1520.00	76	-6.9227	-4.2009	0.7260
1521.00	77	-192.0966	217.8384	66.8072
1522.00	77	-170.0966	195.8384	74.1878
1523.00	77	-153.2525	173.8384	81.5591
1524.00	77	-131.2525	154.6664	86.9060
1525.00	77	-109.2525	132.6664	80.5172
1526.00	77	-90.7010	110.6664	84.1947
1527.00	77	-75.4255	88.6664	76.6653
1528.00	77	-53.6016	66.6664	74.7015
1529.00	77	-34.2877	44.6664	80.2729
1530.00	77	-31.8034	43.2330	71.2729
1531.00	77	-34.0544	46.3462	68.5430
1532.00	77	-26.6275	40.7740	59.5430
1533.00	77	-25.0675	41.1357	51.6335
1534.00	77	-20.3304	30.5580	50.3633
1535.00	77	-21.3806	31.2657	41.3633
1536.00	77	-20.8353	20.7604	32.3633
1537.00	77	-20.0940	19.8361	27.4425
1538.00	77	-5.9014	20.3236	18.4425
1539.00	77	-6.6898	16.8891	11.6919
1540.00	77	7.0452	-4.3160	6.8221
1541.00	78	154.1259	-160.0588	68.4663
1542.00	78	134.3738	-143.1421	69.0351
1543.00	78	117.9171	-132.3590	73.6510
1544.00	78	95.9171	-110.3590	73.7881
1545.00	78	79.0371	-96.4549	69.4993
1546.00	78	65.9878	-74.4549	70.1444
1547.00	78	52.0018	-58.4581	76.6278
1548.00	78	30.0956	-36.5178	71.0861
1549.00	78	10.8876	-21.9833	67.9398
1550.00	78	14.2661	-22.3843	62.9954
1551.00	78	9.9440	-16.7939	53.9954
1552.00	78	2.0108	-21.5296	50.7879
1553.00	78	3.8817	-14.1732	41.7879
1554.00	78	-1.2313	-13.4834	42.7786
1555.00	78	-4.1915	-6.0307	33.7786
1556.00	78	-10.5771	-1.1805	32.8915
1557.00	78	-14.7892	-6.1219	30.0957
1558.00	78	-2.9561	-6.0781	21.0957
1559.00	78	-3.6233	-2.3951	12.0957
1560.00	78	1.2768	1.2919	3.0957
1561.00	79	-199.7385	-200.7912	67.5260
1562.00	79	-177.7385	-183.4176	71.0753
1563.00	79	-155.7385	-161.4176	70.7810
1564.00	79	-139.6184	-139.4176	78.3086
1565.00	79	-121.4667	-117.4176	76.8244
1566.00	79	-103.7327	-95.4176	72.4884
1567.00	79	-81.7327	-78.7280	74.3821
1568.00	79	-59.7327	-56.7280	68.9129
1569.00	79	-37.7327	-34.7280	77.0155
1570.00	79	-40.5401	-28.8844	68.2996
1571.00	79	-39.9586	-31.5565	59.2996
1572.00	79	-36.5632	-25.8174	59.4113
1573.00	79	-33.8550	-22.1256	56.3307
1574.00	79	-30.7200	-13.8655	51.5104
1575.00	79	-22.3825	-6.4067	43.9951
1576.00	79	-23.0694	-8.1213	34.9951
1577.00	79	-21.3960	-6.5735	32.4478
1578.00	79	-6.8831	-2.7301	28.1613
1579.00	79	-0.4458	-5.4029	19.1613
1580.00	79	-6.5177	5.4038	10.1613
1581.00	80	164.5116	139.3688	66.4771
1582.00	80	145.5404	120.6075	60.9223
1583.00	80	126.6406	112.6406	58.0798
1584.00	80	105.6496	90.6406	59.6651
1585.00	80	94.3230	74.6253	57.6712
1586.00	80	72.3230	56.5332	62.7736
1587.00	80	52.1524	46.3794	64.0243
1588.00	80	36.5170	38.0968	65.9976
1589.00	80	14.5170	19.0838	66.0215
1590.00	80	8.5508	21.3197	58.7584
1591.00	80	10.6875	21.0696	49.7584
1592.00	80	7.8399	24.1475	43.4656
1593.00	80	11.6215	27.2733	35.7971
1594.00	80	11.5122	18.0578	26.7971
1595.00	80	7.1215	7.7845	21.5883
1596.00	80	6.4962	13.6495	12.5883
1597.00	80	6.6089	5.3323	5.3319
1598.00	80	10.8935	9.8041	0.0000
1599.00	80	5.0896	4.9189	0.7949
1600.00	80	-1.1021	-5.6296	0.1480
1601.00	81	-165.9287	215.7738	72.2450
1602.00	81	-143.9287	193.7738	66.3973
1603.00	81	-121.9287	171.7738	72.8353
1604.00	81	-110.1076	150.7113	68.3149
1605.00	81	-88.1076	128.7113	65.6302
1606.00	81	-73.5620	106.7113	72.5415
1607.00	81	-55.1180	84.7113	79.7771
1608.00	81	-40.4823	62.7113	79.1330
1609.00	81	-18.4823	40.7113	76.0813
1610.00	81	-15.4192	35.1861	67.0813
1611.00	81	-18.2332	25.5259	58.0813
1612.00	81	-10.8726	27.8694	55.3704
1613.00	81	-8.4666	23.8067	46.3704
1614.00	81	-9.2369	27.7819	37.3704
1615.00	81	-1.2240	25.4799	38.6332
1616.00	81	-5.0862	15.8459	29.6332
1617.00	81	-0.0823	11.5473	24.4270
1618.00	81	6.1639	12.5982	15.4270
1619.00	81	-1.2091	7.8480	6.4270
1620.00	81	-2.3961	-0.0422	1.4443
1621.00	82	220.6578	-180.9998	73.9515
1622.00	82	198.6578	-159.0226	73.8602
1623.00	82	176.6578	-145.5353	68.9585
1624.00	82	154.6578	-123.5353	64.2473
1625.00	82	132.6578	-101.7049	65.7218
1626.00	82	112.6813	-81.2370	63.8915
1627.00	82	90.6813	-62.4619	67.6743
1628.00	82	68.6813	-44.6400	66.8218
1629.00	82	46.6813	-22.6400	65.6557
1630.00	82	37.8717	-14.2706	61.7539
1631.00	82	40.0999	-7.5139	52.7539
1632.00	82	34.5269	-2.0441	43.7539
1633.00	82	23.2240	-2.2236	40.2101
1634.00	82	23.2326	2.0399	31.9240
1635.00	82	19.0892	2.5802	24.5259
1636.00	82	18.8766	-5.4250	19.8609
1637.00	82	17.3290	-4.8633	10.8609
1638.00	82	9.8313	-3.2401	7.4600
1639.00	82	1.5932	0.8594	0.0000
1640.00	82	-0.6658	4.1592	0.0000
1641.00	83	-189.7350	-174.0509	72.1313
1642.00	83	-172.7927	-160.8408	68.6060
1643.00	83	-158.0393	-138.8408	64.8738
1644.00	83	-141.6594	-116.8408	59.5246
1645.00	83	-119.6594	-100.4674	64.7571
1646.00	83	-97.6594	-80.8391	64.9445
1647.00	83	-75.6594	-65.4063	69.1860
1648.00	83	-53.8944	-43.4063	78.1214
1649.00	83	-31.8944	-24.8638	79.0975
1650.00	83	-28.0038	-17.8391	71.1331
1651.00	83	-27.5002	-22.9524	68.7225
1652.00	83	-27.1555	-26.9960	63.6110
1653.00	83	-24.1637	-19.8888	55.2813
1654.00	83	-15.5524	-20.3811	50.6693
1655.00	83	-10.1852	-12.6212	41.6693
1656.00	83	-3.6931	-11.1621	33.7619
1657.00	83	3.5058	-2.4295	24.7619
1658.00	83	1.0900	-2.2300	18.4010
1659.00	83	-2.1735	4.1440	13.0486
1660.00	83	-6.8115	-3.7098	4.0486
1661.00	84	213.7464	145.6535	84.9072
1662.00	84	191.7464	136.6666	82.7490
1663.00	84	169.7464	125.7482	78.6586
1664.00	84	149.4091	103.9605	84.8379
1665.00	84	128.8001	93.3424	83.6220
1666.00	84	106.8001	81.5947	86.3338
1667.00	84	84.8001	59.5947	85.2742
1668.00	84	62.8001	40.5266	76.2742
1669.00	84	40.8001	18.5266	73.1024
1670.00	84	33.4040	22.9526	64.1024
1671.00	84	32.2275	26.8036	58.7839
1672.00	84	25.8331	17.2980	57.4360
1673.00	84	22.9721	20.2164	48.4360
1674.00	84	23.7571	21.0316	39.4360
1675.00	84	21.6322	23.7300	30.4360
1676.00	84	22.7863	14.4313	21.4360
1677.00	84	24.4304	17.2677	12.4360
1678.00	84	19.4492	14.8284	12.9453
1679.00	84	8.4930	8.8544	4.6036
1680.00	84	-0.3413	4.9780	3.7567
1681.00	85	-209.4749	133.5654	77.6054
1682.00	85	-189.3765	125.4961	80.2015
1683.00	85	-169.3410	111.5354	73.4170
1684.00	85	-147.3410	91.7987	68.8229
1685.00	85	-125.3410	81.8382	68.3371
1686.00	85	-103.3410	63.1478	64.8205
1687.00	85	-81.3410	42.8942	63.6913
1688.00	85	-59.3410	23.1633	73.4649
1689.00	85	-37.3410	15.0482	79.8576
1690.00	85	-26.6068	15.7444	70.8576
1691.00	85	-28.9283	21.0224	63.3430
1692.00	85	-24.7273	23.9557	60.5987
1693.00	85	-24.8395	26.3152	58.2115
1694.00	85	-19.8504	28.8016	49.2115
1695.00	85	-16.8535	19.2409	40.2115
1696.00	85	-18.9698	12.4573	31.2115
1697.00	85	-15.5875	11.6170	23.0655
1698.00	85	-12.2684	0.5038	19.7985
1699.00	85	-3.0701	0.5000	10.7985
1700.00	85	-1.2959	0.1966	1.7985
1701.00	86	135.7488	-199.2039	76.1108
1702.00	86	126.4981	-180.2665	70.1003
1703.00	86	107.5319	-163.1552	77.7310
1704.00	86	85.5319	-141.1552	83.5771
1705.00	86	76.4214	-119.1552	76.9917
1706.00	86	57.5075	-100.6397	82.1561
1707.00	86	49.4103	-78.6397	73.1561
1708.00	86	27.4103	-56.6397	78.9613
1709.00	86	12.6579	-34.6397	79.2317
1710.00	86	17.4633	-24.2821	71.1281
1711.00	86	19.9118	-26.1976	62.1281
1712.00	86	19.4963	-17.6419	55.8870
1713.00	86	15.2165	-19.2487	47.8250
1714.00	86	13.6018	-13.3027	42.9407
1715.00	86	4.9526	-5.0847	38.1552
1716.00	86	9.7195	-10.8937	35.3795
1717.00	86	2.2940	-0.9974	26.3795
1718.00	86	1.3253	-7.9466	17.3795
1719.00	86	6.0944	-0.4531	8.3795
1720.00	86	-0.7288	-0.2205	0.2879
1721.00	87	-213.4676	-165.3661	69.6042
1722.00	87	-195.1177	-152.3413	74.4494
1723.00	87	-173.2913	-138.5587	74.5261
1724.00	87	-151.2913	-116.5587	77.9765
1725.00	87	-129.2913	-94.5587	77.2875
1726.00	87	-107.2913	-73.3839	81.5269
1727.00	87	-85.2913	-58.0074	72.9083
1728.00	87	-63.2913	-36.0074	79.2475
1729.00	87	-41.2913	-21.7275	75.9787
1730.00	87	-40.0477	-25.7141	73.3049
1731.00	87	-31.6375	-20.2742	71.3594
1732.00	87	-32.1338	-15.7365	65.7884
1733.00	87	-33.4276	-10.9616	56.7884
1734.00	87	-27.4725	-16.1793	47.7884
1735.00	87	-23.9882	-17.4909	38.7884
1736.00	87	-20.0272	-10.6982	29.7884
1737.00	87	-9.8880	-7.0334	21.1075
1738.00	87	-5.2353	-5.3454	16.0190
1739.00	87	-8.9371	-8.2078	8.3998
1740.00	87	-0.3402	-3.1338	4.0289
1741.00	88	139.4419	133.7238	79.4881
1742.00	88	118.5123	119.4520	76.2473
1743.00	88	105.3604	106.3688	83.3453
1744.00	88	91.0756	84.3688	86.8356
1745.00	88	69.0756	70.0646	79.2782
1746.00	88	62.3150	49.0817	72.6837
1747.00	88	46.8376	42.6338	74.6070
1748.00	88	33.7705	21.3348	68.3229
1749.00	88	14.1966	15.6219	75.0689
1750.00	88	8.1660	18.2883	69.0362
1751.00	88	0.1875	17.4899	60.0362
1752.00	88	-6.1525	19.2453	59.4974
1753.00	88	-5.3993	13.1175	50.4974
1754.00	88	0.8486	6.7592	43.2324
1755.00	88	-0.1632	13.0486	34.2324
1756.00	88	-0.4528	13.6824	25.2324
1757.00	88	1.4222	17.7464	22.5216
1758.00	88	4.7450	18.6863	20.2439
1759.00	88	-5.0361	14.7994	11.2439
1760.00	88	-7.3562	-4.5790	2.2439
1761.00	89	-191.6025	205.3516	66.8439
1762.00	89	-173.3972	186.4816	74.3872
1763.00	89	-151.4333	164.4816	76.4488
1764.00	89	-129.4333	142.4816	71.4682
1765.00	89	-107.4333	120.4816	76.1955
1766.00	89	-85.4333	98.9709	72.9129
1767.00	89	-63.4333	76.9709	65.8158
1768.00	89	-41.4333	54.9709	68.0969
1769.00	89	-25.9933	32.9709	64.7040
1770.00	89	-24.4365	32.9760	61.3157
1771.00	89	-16.7406	34.7202	56.1188
1772.00	89	-13.0478	25.0599	50.0683
1773.00	89	-10.1572	25.2527	50.5857
1774.00	89	-9.6105	27.4843	41.5857
1775.00	89	-10.0128	28.9096	32.5857
1776.00	89	-4.6973	18.0044	23.5857
1777.00	89	-0.6090	12.5656	20.3477
1778.00	89	6.4564	13.8271	19.8770
1779.00	89	10.1091	4.6016	10.8770
1780.00	89	6.8862	1.5318	1.8770
1781.00	90	169.7902	-189.1086	80.2732
1782.00	90	147.7902	-172.9009	87.4235
1783.00	90	125.7902	-157.9147	92.2725
1784.00	90	112.7116	-138.1659	89.7051
1785.00	90	90.7116	-120.1580	87.6710
1786.00	90	68.7116	-98.1580	87.2444
1787.00	90	50.8973	-76.1580	81.3974
1788.00	90	36.9089	-54.1580	87.1623
1789.00	90	14.9089	-32.1580	86.4815
1790.00	90	19.2941	-23.6441	83.0914
1791.00	90	22.7425	-26.7645	75.1496
1792.00	90	27.1122	-16.4651	66.1496
1793.00	90	17.3404	-14.8862	58.3619
1794.00	90	15.7982	-8.3942	56.3704
1795.00	90	15.9932	-10.9123	47.3704
1796.00	90	7.9524	-11.4523	38.3704
1797.00	90	10.7854	-3.3727	29.3704
1798.00	90	9.6190	3.0261	25.1128
1799.00	90	1.6745	2.5739	16.1128
1800.00	90	7.0310	2.6551	7.1128
1801.00	91	-133.9083	-201.5610	73.6548
1802.00	91	-125.8631	-183.6503	69.3046
1803.00	91	-105.9140	-161.6503	68.7527
1804.00	91	-91.9971	-142.0635	67.6300
1805.00	91	-76.7455	-120.0635	70.1276
1806.00	91	-61.3628	-98.0635	77.5682
1807.00	91	-51.3209	-76.0635	71.3361
1808.00	91	-33.0570	-54.0635	68.2279
1809.00	91	-21.5101	-33.2439	63.9100
1810.00	91	-24.3095	-34.5124	65.4798
1811.00	91	-25.9063	-35.1573	63.4359
1812.00	91	-17.8214	-30.6512	57.4880
1813.00	91	-8.2282	-25.3042	57.2508
1814.00	91	-6.7753	-18.8325	48.2508
1815.00	91	-2.7005	-18.2277	42.5702
1816.00	91	-8.6821	-16.4618	35.6903
1817.00	91	-2.7417	-15.0988	26.6903
1818.00	91	5.5129	-14.8763	17.6903
1819.00	91	-1.0482	-4.4456	8.6903
1820.00	91	-5.6966	5.8719	0.0000
1821.00	92	159.2978	171.4391	64.7813
1822.00	92	137.2978	151.6753	69.2354
1823.00	92	118.2801	129.6753	73.0609
1824.00	92	98.5595	117.4202	65.6296
1825.00	92	83.6399	101.8429	59.7700
1826.00	92	62.9282	82.6146	67.9077
1827.00	92	53.9478	60.6146	71.3583
1828.00	92	31.9478	38.6146	71.6858
1829.00	92	18.6822	16.6146	78.4673
1830.00	92	14.5725	19.2793	70.8317
1831.00	92	17.6204	16.5122	61.8317
1832.00	92	10.2556	14.8227	60.9253
1833.00	92	9.3398	14.9828	57.0737
1834.00	92	7.3425	7.0576	48.0737
1835.00	92	7.7806	0.7184	39.0737
1836.00	92	5.5377	-1.7658	37.2182
1837.00	92	7.6332	4.5562	29.0527
1838.00	92	8.9963	4.1717	25.9229
1839.00	92	-0.0075	7.7532	16.9229
1840.00	92	1.5440	5.8638	7.9229
1841.00	93	-181.2217	224.0321	72.1545
1842.00	93	-167.7884	205.2799	76.7960
1843.00	93	-145.7884	183.2799	74.3258
1844.00	93	-128.2752	161.2799	71.8354
1845.00	93	-108.3519	139.2799	79.9269
1846.00	93	-86.3519	117.2799	85.2791
1847.00	93	-65.4727	95.2799	76.2791
1848.00	93	-43.4727	73.2799	75.7714
1849.00	93	-21.4727	51.2799	77.8716
1850.00	93	-26.2439	47.7163	68.8716
1851.00	93	-27.3845	36.9374	64.7159
1852.00	93	-24.7805	38.0930	55.7159
1853.00	93	-18.3807	28.2497	50.1918
1854.00	93	-9.9017	25.3069	49.2683
1855.00	93	-9.5871	18.3544	40.2683
1856.00	93	-1.4234	19.8277	36.0717
1857.00	93	2.6601	10.4638	27.0717
1858.00	93	7.7387	12.0109	19.6029
1859.00	93	6.0781	2.8143	10.6029
1860.00	93	-3.1743	1.5509	1.6029
1861.00	94	159.4707	-186.7596	70.9279
1862.00	94	139.5082	-171.2332	71.4071
1863.00	94	117.5082	-149.5154	74.9438
1864.00	94	102.8393	-127.5154	74.1317
1865.00	94	81.6730	-106.2335	70.8167
1866.00	94	60.1527	-89.1949	73.9623
1867.00	94	45.5012	-73.0255	79.7385
1868.00	94	32.0923	-51.0255	81.7550
1869.00	94	21.4042	-31.5754	74.9950
1870.00	94	19.9030	-30.6733	73.2999
1871.00	94	12.4822	-28.0152	70.3826
1872.00	94	14.8105	-18.0696	61.3826
1873.00	94	14.5843	-10.3329	52.3826
1874.00	94	17.6448	-12.6381	43.3826
1875.00	94	13.2060	-17.8038	34.3826
1876.00	94	13.2731	-15.4951	25.3826
1877.00	94	12.7841	-13.1812	21.7793
1878.00	94	10.9321	-2.6993	12.7793
1879.00	94	-0.2931	-1.3097	4.1042
1880.00	94	-3.9940	-1.4390	4.1720
1881.00	95	-156.3577	-204.5174	80.9788
1882.00	95	-134.8114	-182.5174	77.6073
1883.00	95	-113.6561	-163.9705	71.2039
1884.00	95	-97.0286	-141.9705	73.0056
1885.00	95	-84.4115	-120.6190	77.8541
1886.00	95	-62.4115	-98.6190	75.3866
1887.00	95	-41.0745	-76.6190	82.5351
1888.00	95	-28.2894	-54.8650	73.6186
1889.00	95	-15.3355	-32.8650	78.8771
1890.00	95	-13.9622	-36.7354	74.6886
1891.00	95	-7.9714	-28.6175	65.6886
1892.00	95	-10.9632	-28.3133	60.3717
1893.00	95	-13.9942	-19.6842	51.3717
1894.00	95	-7.6755	-17.6092	49.3585
1895.00	95	-2.4360	-14.0331	40.9722
1896.00	95	0.0071	-15.6245	37.3505
1897.00	95	3.8772	-5.8330	33.1439
1898.00	95	6.0409	-6.5006	24.1439
1899.00	95	2.4182	0.5563	19.0150
1900.00	95	7.4769	1.4827	10.0150
1901.00	96	149.1595	171.4995	72.7325
1902.00	96	129.2960	156.8475	76.0856
1903.00	96	111.2036	136.1016	68.6084
1904.00	96	90.3221	123.4670	69.8297
1905.00	96	75.4644	104.3553	77.4401
1906.00	96	56.7114	87.9364	83.2332
1907.00	96	47.5940	65.9364	87.9587
1908.00	96	29.2493	46.0919	83.6340
1909.00	96	17.1850	27.6548	84.2678
1910.00	96	11.8325	22.7846	77.4197
1911.00	96	12.0813	20.5183	74.9774
1912.00	96	5.0665	12.3547	68.9050
1913.00	96	-0.9797	16.7974	59.9050
1914.00	96	1.6044	13.8238	51.7837
1915.00	96	-0.6059	16.2958	42.7837
1916.00	96	5.6067	5.8528	33.7837
1917.00	96	7.7523	9.6494	24.7837
1918.00	96	10.4888	7.2838	16.4699
1919.00	96	3.0777	1.6283	7.4699
1920.00	96	7.2512	6.4909	0.0000
1921.00	97	-160.6357	218.9197	73.6514
1922.00	97	-145.5618	196.9197	71.8070
1923.00	97	-123.5618	174.9197	76.9647
1924.00	97	-110.3604	152.9197	69.6403
1925.00	97	-90.6717	130.9197	72.2088
1926.00	97	-71.4357	108.9197	74.9419
1927.00	97	-59.2499	86.9197	73.4991
1928.00	97	-43.3033	64.9197	77.5042
1929.00	97	-21.3033	42.9197	82.7217
1930.00	97	-15.9082	36.4640	73.7380
1931.00	97	-15.2708	28.6813	64.7380
1932.00	97	-18.3819	26.6162	55.7380
1933.00	97	-13.7158	25.6723	50.6818
1934.00	97	-13.6516	17.2911	45.3187
1935.00	97	-8.0268	11.2076	36.3187
1936.00	97	-11.5077	16.1380	27.3187
1937.00	97	-1.4750	8.0175	18.3187
1938.00	97	0.9443	10.6977	17.4820
1939.00	97	-0.0354	8.4681	8.4820
1940.00	97	-5.7662	0.8687	0.0000
1941.00	98	177.8588	-135.2229	69.1395
1942.00	98	156.0490	-127.4313	76.9343
1943.00	98	134.0490	-114.7038	80.7840
1944.00	98	115.3587	-94.5697	84.2655
1945.00	98	98.0501	-73.2176	86.0570
1946.00	98	85.3253	-59.4314	77.6035
1947.00	98	67.2107	-47.7112	77.4958
1948.00	98	45.2107	-25.7112	80.2474
1949.00	98	23.2107	-16.3660	83.7570
1950.00	98	25.0304	-12.9182	79.6834
1951.00	98	24.6024	-7.9966	70.6834
1952.00	98	27.2129	-9.5528	68.0191
1953.00	98	21.6036	-7.0008	61.3837
1954.00	98	22.7879	-11.5147	57.1998
1955.00	98	13.5264	-13.8366	49.5490
1956.00	98	5.1396	-15.5376	42.6963
1957.00	98	2.2993	-13.6843	33.6963
1958.00	98	7.0434	-10.1721	24.6963
1959.00	98	6.5293	-2.3070	15.6963
1960.00	98	-4.2606	7.4664	6.6963
1961.00	99	-159.5349	-223.8362	69.3866
1962.00	99	-143.2931	-201.8362	65.3223
1963.00	99	-127.6997	-179.8362	67.0273
1964.00	99	-115.7987	-157.8362	74.9766
1965.00	99	-97.3586	-135.8362	77.6973
1966.00	99	-75.3586	-113.8362	80.8610
1967.00	99	-53.3586	-91.8362	76.2142
1968.00	99	-37.6902	-69.8362	72.4145
1969.00	99	-18.8669	-47.8362	73.5721
1970.00	99	-13.7412	-48.3401	64.5721
1971.00	99	-17.0315	-38.4374	55.5721
1972.00	99	-8.1998	-27.6188	56.5406
1973.00	99	-7.2333	-23.1738	54.5333
1974.00	99	-4.8391	-19.6665	45.5333
1975.00	99	-7.0430	-22.3388	43.5710
1976.00	99	-9.1013	-17.7653	40.7722
1977.00	99	-14.2926	-7.3667	31.7722
1978.00	99	-14.0792	-7.6578	22.8949
1979.00	99	-3.9499	-4.5680	13.8949
1980.00	99	7.1275	-5.6028	4.8949
1981.00	100	208.7270	154.2965	74.8614
1982.00	100	188.2376	143.0158	67.8878
1983.00	100	166.2376	127.8592	75.2422
1984.00	100	144.2376	109.4657	70.9784
1985.00	100	125.8513	96.8847	67.2635
1986.00	100	103.8513	76.6099	61.2411
1987.00	100	84.1620	64.0771	59.5993
1988.00	100	62.1620	44.0132	57.6145
1989.00	100	40.1620	22.0132	60.6080
1990.00	100	38.8332	24.5528	51.6080
1991.00	100	31.5465	18.8617	42.6080
1992.00	100	21.8495	10.6200	33.6080
1993.00	100	21.8914	5.7291	27.8617
1994.00	100	25.9934	11.0812	24.1314
1995.00	100	15.8738	15.3905	22.6492
1996.00	100	11.3782	9.6599	13.6492
1997.00	100	13.3587	9.8847	9.2376
1998.00	100	12.2775	9.8766	12.4962
1999.00	100	7.7227	-0.7831	10.0073
2000.00	100	6.1839	4.8668	1.0073
