21.00	1	-362.7371	362.0841	130.3720
22.00	1	-344.0771	346.3193	129.3996
23.00	1	-322.0771	324.3193	120.3996
24.00	1	-300.0806	303.4054	111.3996
25.00	1	-278.0806	281.4054	108.7901
26.00	1	-259.7702	265.1630	103.9179
27.00	1	-240.3733	253.4576	94.9179
28.00	1	-218.3733	231.4576	85.9179
29.00	1	-205.3261	213.4007	80.1542
30.00	1	-186.9292	191.4007	71.1542
31.00	1	-164.9292	169.4007	62.1542
32.00	1	-151.6994	147.4007	53.4498
33.00	1	-136.4685	127.5965	52.1809
34.00	1	-116.1853	114.0150	43.1809
35.00	1	-94.2314	92.0150	34.9600
36.00	1	-75.5795	76.6048	28.3461
37.00	1	-53.5795	59.5763	21.4868
38.00	1	-31.5795	39.2448	21.2786
39.00	1	-22.4454	18.7676	16.4356
40.00	1	-0.4454	1.1425	7.4356
41.00	2	384.9393	-383.2703	141.1518
42.00	2	362.9393	-363.4286	138.1366
43.00	2	347.2543	-347.4001	136.7415
44.00	2	325.2543	-334.0615	129.0690
45.00	2	303.2543	-314.2381	121.3598
46.00	2	281.2543	-294.3889	112.3944
47.00	2	267.8125	-278.1932	105.7042
48.00	2	250.0395	-259.2143	96.7042
49.00	2	228.5943	-237.2143	87.9495
50.00	2	206.5943	-215.2143	84.2143
51.00	2	186.2673	-193.2143	75.2143
52.00	2	164.2673	-171.2143	66.2143
53.00	2	142.2673	-149.2143	57.2143
54.00	2	127.7126	-134.9374	48.2143
55.00	2	105.7126	-112.9374	45.7117
56.00	2	83.7126	-91.2326	41.3464
57.00	2	61.7126	-69.2326	32.3464
58.00	2	44.3198	-47.2326	23.3464
59.00	2	26.0713	-25.2326	14.3464
60.00	2	4.0713	-5.8924	5.3464
61.00	3	-383.4307	-384.4352	133.0404
62.00	3	-364.6597	-362.4352	124.0404
63.00	3	-342.6597	-340.4352	117.2992
64.00	3	-320.6597	-325.4231	108.2992
65.00	3	-299.4974	-303.4231	106.3287
66.00	3	-282.7236	-289.5623	99.9580
67.00	3	-260.7236	-276.1230	95.0929
68.00	3	-238.7236	-255.2633	86.0929
69.00	3	-216.7236	-233.7555	80.6998
70.00	3	-203.5349	-219.7498	71.6998
71.00	3	-183.5718	-197.7498	62.6998
72.00	3	-161.5718	-175.7498	61.7605
73.00	3	-140.5874	-153.7498	56.2033
74.00	3	-123.0090	-137.7192	47.3178
75.00	3	-107.9019	-115.7192	41.9587
76.00	3	-90.8212	-93.7192	37.9010
77.00	3	-68.8391	-71.7192	29.9317
78.00	3	-46.8391	-49.7192	22.7215
79.00	3	-24.8391	-27.8362	13.7215
80.00	3	-2.8391	-5.8362	4.7215
81.00	4	383.8852	382.6451	136.0944
82.00	4	361.8852	360.6451	131.5925
83.00	4	347.9277	344.3300	122.5925
84.00	4	333.7416	322.3300	117.9251
85.00	4	313.7413	309.3644	108.9251
86.00	4	296.5024	287.3644	99.9251
87.00	4	274.5024	265.3644	90.9251
88.00	4	253.4752	243.3644	87.5724
89.00	4	239.7096	226.2573	83.7007
90.00	4	223.7850	210.7592	74.8902
91.00	4	201.7850	188.7592	67.1542
92.00	4	179.7850	166.7592	61.9301
93.00	4	163.4180	146.7774	53.5178
94.00	4	141.4180	127.6155	52.0794
95.00	4	119.4180	105.9188	43.0794
96.00	4	97.4180	83.9188	34.0794
97.00	4	79.7175	61.9188	25.0794
98.00	4	57.7175	42.2426	18.4900
99.00	4	35.7175	22.0806	13.0738
100.00	4	13.7175	4.1785	5.5913
101.00	5	-402.2598	387.7746	136.0507
102.00	5	-381.4590	366.8245	135.2003
103.00	5	-359.8661	349.1510	126.2003
104.00	5	-344.1616	327.4951	124.3401
105.00	5	-322.1616	314.0395	115.3401
106.00	5	-300.1964	292.0395	106.3401
107.00	5	-278.1964	278.6703	97.3401
108.00	5	-263.2676	256.6703	93.4098
109.00	5	-241.2676	237.9780	89.1024
110.00	5	-223.1947	222.7623	81.2628
111.00	5	-202.8477	200.7623	74.0293
112.00	5	-180.8477	178.7623	65.0293
113.00	5	-165.6393	156.9285	56.7865
114.00	5	-143.6393	134.9285	50.8054
115.00	5	-124.1902	112.9285	41.8054
116.00	5	-102.1902	97.0641	33.2398
117.00	5	-80.1902	75.0641	26.9602
118.00	5	-58.1902	53.0641	17.9602
119.00	5	-36.1902	31.0641	14.6036
120.00	5	-14.1902	9.0641	5.6036
121.00	6	396.1208	-362.3724	135.1131
122.00	6	374.1208	-340.3724	127.2864
123.00	6	357.1153	-321.3499	124.1314
124.00	6	338.9214	-299.3499	115.1314
125.00	6	317.8890	-282.6858	106.1314
126.00	6	300.4462	-265.7998	104.9827
127.00	6	279.5093	-253.9354	100.6065
128.00	6	257.6971	-231.9354	91.6065
129.00	6	235.6971	-209.9354	82.6065
130.00	6	215.5169	-198.0316	73.6065
131.00	6	195.3673	-184.3711	69.3830
132.00	6	177.5558	-162.3711	64.4261
133.00	6	155.5558	-142.4956	55.4261
134.00	6	133.5558	-120.4956	46.9789
135.00	6	114.4091	-104.6761	37.9789
136.00	6	92.4091	-82.6761	28.9789
137.00	6	70.4091	-63.5885	19.9789
138.00	6	51.8626	-43.0425	10.9789
139.00	6	29.8626	-21.5406	2.3762
140.00	6	7.8626	-6.9440	4.3458
141.00	7	-368.7437	-371.0062	132.4119
142.00	7	-346.7437	-349.0062	132.6085
143.00	7	-324.7437	-331.8311	124.6874
144.00	7	-309.9978	-312.0422	118.6729
145.00	7	-290.7133	-290.0422	109.6729
146.00	7	-274.7900	-268.0422	106.4312
147.00	7	-260.8590	-249.1774	97.4622
148.00	7	-240.7687	-232.6967	91.6119
149.00	7	-222.0811	-210.6967	88.0945
150.00	7	-204.0801	-188.6967	79.0945
151.00	7	-182.5886	-166.6967	70.0945
152.00	7	-166.2969	-148.0034	61.0945
153.00	7	-144.2969	-135.3554	52.6026
154.00	7	-122.2969	-118.8338	48.1058
155.00	7	-109.1648	-100.8594	42.8768
156.00	7	-87.1648	-78.8594	33.8768
157.00	7	-65.1648	-61.9521	32.2273
158.00	7	-43.1648	-39.9521	27.4379
159.00	7	-26.0886	-19.9262	18.4379
160.00	7	-4.0886	2.0738	9.4379
161.00	8	384.8645	364.2146	133.5278
162.00	8	362.8645	342.2146	130.5848
163.00	8	341.5653	327.8729	130.0509
164.00	8	319.5653	305.8729	121.0509
165.00	8	298.9426	292.2371	116.5158
166.00	8	280.0170	270.2371	107.5158
167.00	8	263.8618	248.2371	98.5158
168.00	8	241.8618	236.3071	94.2353
169.00	8	228.4468	219.6964	91.1204
170.00	8	206.4468	197.7100	82.1204
171.00	8	185.8169	184.1746	73.1204
172.00	8	163.8169	162.1746	64.1204
173.00	8	145.2474	148.7242	55.1204
174.00	8	125.6135	129.3195	46.1204
175.00	8	106.1631	107.3195	43.4614
176.00	8	84.1631	85.3195	34.4614
177.00	8	62.1631	68.4199	28.8891
178.00	8	41.8116	49.8557	19.8891
179.00	8	22.3034	27.8557	11.2323
180.00	8	6.8123	5.8557	5.1981
181.00	9	-366.9586	384.5333	137.7481
182.00	9	-351.4125	366.9152	129.7078
183.00	9	-338.3147	349.6935	120.7078
184.00	9	-322.2205	328.4380	111.7078
185.00	9	-307.1466	308.2885	102.7078
186.00	9	-285.1466	292.4368	93.7078
187.00	9	-265.8989	273.2403	88.3461
188.00	9	-248.0235	257.5906	85.7159
189.00	9	-226.0235	235.5906	85.0848
190.00	9	-204.0235	213.5906	84.2379
191.00	9	-185.9893	197.7355	75.2379
192.00	9	-172.7360	177.0778	66.2379
193.00	9	-150.9182	158.9683	57.2379
194.00	9	-128.9182	136.9683	51.3543
195.00	9	-106.9182	114.9683	47.8098
196.00	9	-84.9182	97.3325	38.8098
197.00	9	-69.3593	75.3325	29.8098
198.00	9	-48.0853	53.3325	20.8098
199.00	9	-26.0853	31.3325	16.6603
200.00	9	-4.0853	9.3325	7.6603
201.00	10	393.6308	-382.1027	135.5508
202.00	10	376.3917	-360.2039	133.8039
203.00	10	362.9510	-341.8423	124.8039
204.00	10	340.9510	-324.2737	119.0329
205.00	10	318.9510	-308.8180	112.3235
206.00	10	297.6808	-293.0589	107.6609
207.00	10	277.9405	-271.0589	98.6609
208.00	10	260.9732	-249.0589	94.1053
209.00	10	238.9732	-230.2788	85.4430
210.00	10	220.0871	-216.6549	79.6698
211.00	10	198.0871	-196.8890	76.0891
212.00	10	176.0871	-174.8890	67.0891
213.00	10	157.7610	-152.8890	60.9969
214.00	10	135.7610	-134.3885	58.1073
215.00	10	113.7610	-112.3885	49.1073
216.00	10	95.4760	-90.3885	40.1073
217.00	10	73.4760	-75.1060	31.1073
218.00	10	55.2225	-53.1060	23.9616
219.00	10	33.2225	-31.1060	14.9616
220.00	10	11.2225	-9.1060	5.9616
221.00	11	-397.5196	-384.9928	135.7578
222.00	11	-379.5659	-362.9928	135.6212
223.00	11	-363.9017	-346.2637	134.4126
224.00	11	-341.9017	-324.2637	132.9810
225.00	11	-324.4360	-302.2637	123.9810
226.00	11	-309.6334	-282.2986	114.9810
227.00	11	-288.8629	-264.8797	110.7454
228.00	11	-268.6731	-245.2119	108.8975
229.00	11	-251.9759	-226.9108	99.8975
230.00	11	-233.8444	-204.9108	92.4281
231.00	11	-211.8444	-183.8401	85.3950
232.00	11	-189.8444	-161.8401	77.2644
233.00	11	-167.8444	-144.3024	68.2644
234.00	11	-149.4342	-126.5624	60.3452
235.00	11	-129.5752	-110.0547	56.2646
236.00	11	-107.5752	-88.0547	47.2646
237.00	11	-85.5752	-66.0547	38.2646
238.00	11	-63.5752	-44.0547	29.2646
239.00	11	-41.5752	-26.3854	20.2646
240.00	11	-19.5752	-4.3854	11.2646
241.00	12	386.9238	359.5907	138.4331
242.00	12	369.8493	342.9815	137.9243
243.00	12	347.8493	320.9815	131.6289
244.00	12	325.8493	308.1908	122.6289
245.00	12	303.8493	291.6819	113.6289
246.00	12	285.3758	279.6740	104.6289
247.00	12	263.3758	257.6740	95.6289
248.00	12	245.7385	244.3348	93.0537
249.00	12	226.5030	224.9483	89.9934
250.00	12	204.5030	202.9483	80.9934
251.00	12	184.2919	180.9483	75.5024
252.00	12	162.2919	163.0444	68.9960
253.00	12	147.0361	144.8840	59.9960
254.00	12	132.1522	130.4397	51.8565
255.00	12	117.3565	108.4397	42.8565
256.00	12	100.0422	87.7839	33.8565
257.00	12	78.0422	65.7839	24.8565
258.00	12	56.0422	43.7839	15.8565
259.00	12	34.0422	21.7839	6.8565
260.00	12	12.0422	-0.2161	3.7195
261.00	13	-372.6841	371.2295	134.7019
262.00	13	-351.0511	349.2295	131.2906
263.00	13	-329.0511	331.9054	122.7080
264.00	13	-307.0511	309.9054	122.9861
265.00	13	-290.9994	296.5569	118.6174
266.00	13	-276.2183	276.3760	114.5009
267.00	13	-254.2183	261.5179	105.8253
268.00	13	-235.2682	239.5179	96.8253
269.00	13	-215.9321	226.5076	87.8253
270.00	13	-197.2478	204.5076	79.0182
271.00	13	-180.4169	182.5076	71.1941
272.00	13	-158.4169	160.5076	66.5192
273.00	13	-138.7354	138.5076	61.6058
274.00	13	-116.7354	124.9821	59.4672
275.00	13	-104.1173	104.9025	50.4672
276.00	13	-86.4819	82.9025	41.4672
277.00	13	-64.4819	67.5907	36.1143
278.00	13	-46.0544	49.8037	27.1143
279.00	13	-29.6916	28.7231	18.1143
280.00	13	-7.6916	6.7231	9.1143
281.00	14	360.7720	-385.2997	128.5828
282.00	14	347.7534	-367.1430	124.8394
283.00	14	327.8179	-348.4058	122.4082
284.00	14	309.3747	-326.4273	119.3213
285.00	14	287.8416	-304.4273	112.4047
286.00	14	265.8416	-288.5588	103.4047
287.00	14	251.4655	-266.5588	94.4047
288.00	14	232.3812	-244.5588	85.4047
289.00	14	213.5802	-222.5588	77.8465
290.00	14	193.2489	-200.5588	73.5373
291.00	14	176.2439	-180.0655	64.5373
292.00	14	158.9587	-162.6429	55.5373
293.00	14	136.9587	-140.6429	46.5373
294.00	14	115.6887	-118.6429	40.2688
295.00	14	103.7984	-96.6429	36.0314
296.00	14	81.7984	-74.6429	30.7489
297.00	14	59.7984	-58.8519	28.8161
298.00	14	44.2141	-39.8695	23.9669
299.00	14	22.2141	-18.5655	14.9669
300.00	14	3.3996	3.4345	5.9669
301.00	15	-389.3447	-358.6658	140.1788
302.00	15	-368.7803	-338.5596	139.3023
303.00	15	-349.2689	-319.4395	130.3023
304.00	15	-331.9417	-300.0679	121.7615
305.00	15	-315.6871	-284.9936	119.4918
306.00	15	-294.7551	-267.6767	110.4918
307.00	15	-275.6725	-245.6767	104.0563
308.00	15	-253.6725	-224.5321	101.2517
309.00	15	-238.3771	-211.9652	92.2517
310.00	15	-221.5089	-196.2699	83.2517
311.00	15	-199.5089	-181.8144	74.2517
312.00	15	-178.0420	-159.8144	67.1290
313.00	15	-160.4043	-147.1909	63.4394
314.00	15	-138.4043	-130.5347	54.4394
315.00	15	-116.4043	-108.5347	45.5025
316.00	15	-96.4837	-86.5347	36.5025
317.00	15	-74.4837	-66.8037	29.4723
318.00	15	-52.4837	-44.8037	20.4723
319.00	15	-32.5104	-22.8037	13.2293
320.00	15	-10.5104	-4.1233	4.2293
321.00	16	392.9076	387.3208	137.4891
322.00	16	371.8988	366.5382	134.7809
323.00	16	349.8988	344.5382	130.4929
324.00	16	328.0236	329.9158	129.0063
325.00	16	312.8509	307.9158	120.0063
326.00	16	291.3562	290.1929	111.0063
327.00	16	269.3562	269.5678	104.7075
328.00	16	249.4223	253.5854	99.0511
329.00	16	232.6271	236.0708	90.2369
330.00	16	210.6271	218.6341	81.2369
331.00	16	193.7142	196.6341	76.7645
332.00	16	171.7142	174.6341	67.7645
333.00	16	155.4062	152.6341	58.7645
334.00	16	135.2764	130.6341	53.3041
335.00	16	118.7752	108.6341	44.3041
336.00	16	96.7752	90.0986	35.3041
337.00	16	74.7752	71.6067	26.3041
338.00	16	52.7752	49.6067	17.3041
339.00	16	30.7752	27.6067	8.3041
340.00	16	8.7752	5.6067	-0.5640
341.00	17	-395.9831	386.8072	128.1278
342.00	17	-379.9055	373.1789	120.8616
343.00	17	-357.9055	354.6191	118.4439
344.00	17	-337.1202	332.6191	109.4439
345.00	17	-315.1202	318.3334	100.4439
346.00	17	-293.1202	296.3334	93.0393
347.00	17	-271.1202	275.7459	84.0393
348.00	17	-255.4418	253.7459	77.5906
349.00	17	-240.3847	231.7459	68.5906
350.00	17	-220.4337	209.7459	60.8683
351.00	17	-198.4337	187.7459	52.4492
352.00	17	-176.4337	166.9060	43.4492
353.00	17	-154.4337	144.9060	36.1794
354.00	17	-133.9592	122.9060	28.4300
355.00	17	-111.9592	106.6333	28.0950
356.00	17	-89.9592	87.3563	19.0950
357.00	17	-71.3745	65.3563	14.9883
358.00	17	-49.3745	45.1588	8.4417
359.00	17	-27.3745	29.6411	3.8098
360.00	17	-5.3745	7.6411	-2.0386
361.00	18	368.9910	-375.5805	136.8458
362.00	18	352.3177	-356.5620	127.8458
363.00	18	340.1009	-338.1690	118.8458
364.00	18	327.3008	-316.1690	109.8458
365.00	18	306.3975	-298.0111	110.4727
366.00	18	284.3975	-276.0111	101.4727
367.00	18	263.5887	-258.2682	96.9757
368.00	18	241.5887	-242.7926	87.9757
369.00	18	225.1160	-220.7926	80.3551
370.00	18	210.0536	-207.0743	73.1628
371.00	18	188.0536	-191.8249	71.7413
372.00	18	173.6834	-173.5880	71.0524
373.00	18	151.6834	-151.5880	62.9138
374.00	18	130.2232	-132.0880	60.7647
375.00	18	112.6125	-110.0880	55.7451
376.00	18	92.1630	-91.5605	46.7451
377.00	18	74.9158	-75.2234	37.7451
378.00	18	53.5951	-53.2234	28.7451
379.00	18	31.5951	-31.2234	19.7451
380.00	18	9.5951	-9.2234	10.7451
381.00	19	-358.8988	-378.4696	133.8794
382.00	19	-341.4785	-361.0736	124.8794
383.00	19	-320.7469	-341.8105	117.0965
384.00	19	-306.2073	-319.8105	111.3452
385.00	19	-286.7730	-304.4010	102.3452
386.00	19	-271.1982	-282.4010	93.3452
387.00	19	-256.8319	-260.4010	84.3452
388.00	19	-234.8319	-238.4010	75.3452
389.00	19	-214.3590	-220.4459	73.7358
390.00	19	-197.7936	-198.4459	69.6084
391.00	19	-175.7936	-180.5997	60.6084
392.00	19	-153.7936	-164.1774	57.8444
393.00	19	-131.7936	-149.8590	56.8045
394.00	19	-119.1719	-132.1973	47.8045
395.00	19	-101.6521	-116.7193	41.1110
396.00	19	-82.8447	-99.0744	35.2864
397.00	19	-60.8447	-77.0744	26.2864
398.00	19	-38.8447	-58.0441	17.2864
399.00	19	-16.8447	-36.0441	14.4331
400.00	19	2.4357	-14.0441	6.2294
401.00	20	385.1925	394.8287	130.2003
402.00	20	363.1925	372.8287	121.2003
403.00	20	341.1925	354.6392	112.2003
404.00	20	319.1925	332.6392	108.3264
405.00	20	297.1925	310.6392	107.3242
406.00	20	280.4030	293.3476	105.7964
407.00	20	264.7043	278.1357	96.7964
408.00	20	242.7043	262.5549	87.7964
409.00	20	221.3532	240.5549	80.3111
410.00	20	199.3532	218.5549	71.5698
411.00	20	179.1840	200.0527	64.5754
412.00	20	157.1840	179.9511	57.2380
413.00	20	142.1892	157.9511	48.2380
414.00	20	127.7426	135.9511	44.4090
415.00	20	111.4686	117.2996	41.0471
416.00	20	89.4686	95.2996	37.3849
417.00	20	67.4686	75.6005	28.3849
418.00	20	45.4686	53.9627	20.3359
419.00	20	26.2282	33.1397	11.3359
420.00	20	4.2282	11.1397	2.3359
421.00	21	-368.8477	373.9909	136.8266
422.00	21	-353.5959	357.3805	127.8266
423.00	21	-331.5959	337.9059	118.8266
424.00	21	-312.6451	318.3137	114.0015
425.00	21	-290.6451	296.3137	105.0015
426.00	21	-275.5390	274.3137	97.2811
427.00	21	-260.5544	252.3137	88.2811
428.00	21	-238.5544	233.3417	87.9975
429.00	21	-216.5544	211.3417	81.6558
430.00	21	-194.5544	190.1418	72.6558
431.00	21	-172.5544	168.3525	63.6558
432.00	21	-157.2906	146.3525	56.3834
433.00	21	-138.0313	124.3525	50.5882
434.00	21	-117.6849	113.6365	42.4398
435.00	21	-95.6849	93.6914	41.9093
436.00	21	-78.3592	71.6914	37.5171
437.00	21	-60.7912	50.8959	28.5171
438.00	21	-38.7912	35.0174	19.5171
439.00	21	-17.5943	20.0370	13.4575
440.00	21	-2.1797	6.9689	4.4611
441.00	22	394.1482	-370.7037	133.2670
442.00	22	372.1482	-352.1370	130.1232
443.00	22	358.2489	-335.5470	125.3813
444.00	22	339.6023	-318.9135	116.3813
445.00	22	320.7050	-298.2604	107.3813
446.00	22	304.4828	-276.2604	103.3273
447.00	22	282.4828	-263.7625	94.3273
448.00	22	260.4828	-241.7625	85.3273
449.00	22	239.9230	-219.7625	80.3438
450.00	22	217.9230	-202.2051	80.1435
451.00	22	195.9230	-189.1182	71.1435
452.00	22	175.4757	-174.0408	62.1435
453.00	22	158.6585	-156.9800	58.7181
454.00	22	136.6585	-136.7340	49.7181
455.00	22	114.6585	-118.9845	48.0803
456.00	22	93.9520	-99.5983	44.7736
457.00	22	71.9520	-77.5983	35.7736
458.00	22	52.1272	-55.5983	26.7736
459.00	22	30.1272	-33.7174	18.4555
460.00	22	8.1272	-11.7174	9.4555
461.00	23	-392.7709	-377.6222	124.8455
462.00	23	-370.7709	-357.2172	115.8504
463.00	23	-348.7709	-335.5730	106.8504
464.00	23	-326.7709	-316.5556	104.5929
465.00	23	-304.7709	-294.5556	98.6528
466.00	23	-282.7709	-272.5556	92.4730
467.00	23	-260.7709	-255.0701	87.5902
468.00	23	-241.8693	-233.0701	78.5902
469.00	23	-219.8693	-215.3571	69.5902
470.00	23	-206.2329	-201.8568	61.2281
471.00	23	-184.8249	-189.0758	57.3638
472.00	23	-167.8357	-167.3697	48.3638
473.00	23	-150.7014	-151.0520	44.3663
474.00	23	-136.1056	-129.0520	44.4083
475.00	23	-114.2978	-107.0520	35.4083
476.00	23	-92.2978	-85.1708	26.4083
477.00	23	-75.0862	-63.6824	17.4083
478.00	23	-53.2773	-48.5177	8.4083
479.00	23	-31.2773	-28.3774	10.7169
480.00	23	-9.2773	-6.3774	1.7169
481.00	24	369.7740	395.7504	130.8805
482.00	24	347.7740	379.7078	123.1686
483.00	24	331.0095	357.9628	114.1686
484.00	24	309.0095	335.9628	107.2730
485.00	24	293.3383	313.9628	103.9020
486.00	24	278.6189	297.1092	103.1966
487.00	24	258.7129	275.1092	94.1966
488.00	24	237.5534	253.1092	86.6481
489.00	24	218.9808	232.0503	77.6481
490.00	24	203.8382	210.0503	68.6481
491.00	24	182.8258	193.7187	60.1380
492.00	24	161.2009	172.7204	58.6393
493.00	24	143.1491	150.7204	49.6393
494.00	24	124.8276	128.7204	48.4321
495.00	24	105.6005	106.7204	40.1697
496.00	24	83.6005	89.8786	31.1697
497.00	24	61.6005	68.0606	22.1697
498.00	24	39.6005	46.0606	13.1697
499.00	24	19.3400	24.0606	5.3679
500.00	24	2.8488	2.0606	-2.7170
501.00	25	-383.3777	397.9656	137.4368
502.00	25	-361.3777	375.9656	133.5102
503.00	25	-339.3777	361.9594	128.1398
504.00	25	-319.7578	339.9594	119.1398
505.00	25	-305.8397	317.9594	112.1638
506.00	25	-284.5878	302.4628	105.2535
507.00	25	-269.3805	280.4628	103.6681
508.00	25	-247.3805	258.4628	94.6681
509.00	25	-225.6701	237.6103	85.6681
510.00	25	-203.6701	219.5945	83.0047
511.00	25	-186.1101	197.5945	74.0047
512.00	25	-167.8337	175.6454	70.2116
513.00	25	-149.3807	153.6454	61.2116
514.00	25	-127.3807	135.5242	53.0323
515.00	25	-110.5099	119.7830	44.0323
516.00	25	-88.5099	97.7830	35.6485
517.00	25	-66.5099	75.7830	33.0606
518.00	25	-44.5099	53.7830	24.0606
519.00	25	-25.0821	33.5467	15.0606
520.00	25	-6.8860	11.5467	6.0606
521.00	26	368.8153	-397.5811	137.6972
522.00	26	346.8153	-375.5811	133.8569
523.00	26	328.1811	-354.4472	125.3106
524.00	26	306.1811	-339.6302	124.6289
525.00	26	284.1811	-324.0897	119.4167
526.00	26	270.4231	-302.0897	110.4167
527.00	26	248.4231	-280.0897	101.4167
528.00	26	235.9406	-258.0897	92.4167
529.00	26	220.8008	-239.4941	91.3250
530.00	26	202.9407	-218.2028	85.8352
531.00	26	180.9407	-196.2028	81.5665
532.00	26	166.1377	-174.2028	77.1364
533.00	26	145.1389	-156.0898	68.1364
534.00	26	123.1389	-134.9417	59.1364
535.00	26	101.1389	-116.3840	50.1364
536.00	26	86.9108	-96.8834	41.1364
537.00	26	67.2068	-74.8834	38.2209
538.00	26	45.2068	-52.8834	29.2209
539.00	26	23.2068	-30.8834	20.2209
540.00	26	3.1021	-8.8834	11.2209
541.00	27	-374.2278	-396.1128	136.6570
542.00	27	-361.2505	-375.5135	127.6570
543.00	27	-339.9534	-359.2923	118.6570
544.00	27	-317.9534	-345.2921	114.8825
545.00	27	-298.5283	-323.2921	105.8825
546.00	27	-278.1320	-301.2921	102.9051
547.00	27	-264.9593	-279.2921	97.3710
548.00	27	-242.9593	-257.2921	88.4573
549.00	27	-220.9593	-235.2921	80.3059
550.00	27	-205.4219	-213.5920	77.0188
551.00	27	-186.6352	-191.5920	68.0188
552.00	27	-164.6352	-169.5920	67.1989
553.00	27	-149.6094	-147.5920	63.8516
554.00	27	-128.1963	-131.0625	54.8516
555.00	27	-106.1963	-109.1537	48.2494
556.00	27	-84.1963	-88.8337	39.2494
557.00	27	-68.3295	-69.6162	33.5059
558.00	27	-47.1277	-52.0567	24.5059
559.00	27	-25.1277	-32.3918	19.4354
560.00	27	-3.1277	-10.3918	10.4354
561.00	28	400.7564	380.9704	145.0254
562.00	28	378.7564	358.9704	136.0254
563.00	28	360.8877	336.9704	134.4370
564.00	28	342.9912	319.4235	127.1096
565.00	28	324.2622	301.4523	118.2474
566.00	28	305.2026	279.4523	110.1118
567.00	28	285.3597	263.5373	101.1118
568.00	28	263.3597	246.7580	92.1118
569.00	28	241.3597	224.7580	90.6842
570.00	28	219.3597	208.2760	81.6842
571.00	28	197.3597	186.2760	72.6842
572.00	28	181.8021	164.2760	65.9828
573.00	28	159.8021	142.2760	56.9828
574.00	28	137.8021	129.3306	54.8526
575.00	28	115.8021	110.0825	45.8526
576.00	28	93.8023	88.0825	36.8526
577.00	28	71.8023	69.4970	27.8526
578.00	28	49.8023	47.4970	22.3298
579.00	28	27.8023	27.7518	13.3298
580.00	28	5.8023	5.7518	4.3298
581.00	29	-389.6158	358.2070	133.0991
582.00	29	-367.6158	336.2070	126.4936
583.00	29	-351.3384	322.5239	117.4936
584.00	29	-336.8198	300.5239	108.4936
585.00	29	-314.8198	284.7640	99.4936
586.00	29	-295.1362	262.7640	90.4936
587.00	29	-275.3787	242.3760	82.0252
588.00	29	-253.3787	225.5599	76.0325
589.00	29	-239.2952	203.6020	73.2419
590.00	29	-217.2952	182.6525	67.3136
591.00	29	-195.2952	160.6525	65.9924
592.00	29	-173.2952	147.3092	65.7884
593.00	29	-151.2952	129.3362	60.1204
594.00	29	-129.2952	111.1535	51.1204
595.00	29	-114.9599	89.1535	44.5521
596.00	29	-92.9599	72.7205	40.3635
597.00	29	-71.7774	59.7071	31.3635
598.00	29	-49.7774	42.7018	24.9907
599.00	29	-27.7774	21.5311	19.9706
600.00	29	-5.7774	0.4338	10.9706
601.00	30	380.5479	-383.4876	133.2853
602.00	30	362.0153	-369.4305	133.1048
603.00	30	348.6085	-347.4305	125.1092
604.00	30	331.2627	-325.4305	116.1092
605.00	30	317.1949	-310.3203	112.9493
606.00	30	295.1949	-288.3203	105.0425
607.00	30	273.1949	-272.4916	96.2507
608.00	30	255.2208	-252.2918	87.5600
609.00	30	233.2208	-230.2918	83.6370
610.00	30	211.2742	-211.7854	82.0425
611.00	30	193.4599	-189.7854	73.0425
612.00	30	171.4599	-167.7854	67.2017
613.00	30	157.3720	-145.7854	60.1953
614.00	30	135.3720	-127.3241	56.9400
615.00	30	118.9561	-108.8604	47.9400
616.00	30	96.9561	-94.1558	39.5218
617.00	30	79.8196	-72.1558	30.5218
618.00	30	57.8196	-51.2115	21.5218
619.00	30	35.8196	-31.8266	12.7206
620.00	30	13.8196	-9.8266	3.7206
621.00	31	-392.1200	-370.3697	135.3789
622.00	31	-370.1200	-355.2391	130.3549
623.00	31	-349.7677	-338.4909	121.3549
624.00	31	-327.7677	-316.4909	112.3549
625.00	31	-305.7677	-294.4909	104.4244
626.00	31	-283.7677	-272.4909	103.4096
627.00	31	-262.2569	-250.4909	100.8632
628.00	31	-240.2569	-235.8565	96.2950
629.00	31	-218.4072	-222.8874	95.2380
630.00	31	-196.4072	-206.2811	86.2380
631.00	31	-181.6311	-190.1124	77.2380
632.00	31	-162.1301	-168.8000	71.7526
633.00	31	-140.1301	-153.8079	67.5554
634.00	31	-118.1301	-131.8079	58.5554
635.00	31	-97.7167	-114.1885	49.5554
636.00	31	-75.7167	-95.8880	40.5554
637.00	31	-54.3212	-73.8880	31.5554
638.00	31	-32.3212	-51.8880	22.6525
639.00	31	-16.9362	-29.8880	16.6131
640.00	31	-2.4826	-7.8880	7.6131
641.00	32	374.2978	386.3037	126.6716
642.00	32	354.8701	364.8377	125.3274
643.00	32	332.8701	349.9987	123.0689
644.00	32	315.1223	334.7704	117.7187
645.00	32	293.1223	317.0753	108.7187
646.00	32	276.6830	295.3310	104.9166
647.00	32	261.3839	276.5601	95.9166
648.00	32	245.3490	254.9876	94.5226
649.00	32	228.3858	232.9876	85.5226
650.00	32	206.3858	210.9876	76.5226
651.00	32	186.8023	192.2057	69.0755
652.00	32	171.3054	173.9232	60.0755
653.00	32	149.3054	158.4291	52.2276
654.00	32	127.3054	137.2686	49.4314
655.00	32	109.1331	117.4918	44.7570
656.00	32	87.1331	95.4918	36.0432
657.00	32	69.8446	73.4918	27.1685
658.00	32	47.8446	51.4918	23.7438
659.00	32	25.8446	29.4918	18.7535
660.00	32	6.3440	7.4918	9.7535
661.00	33	-365.5862	376.8102	137.1359
662.00	33	-344.5444	356.8309	134.1124
663.00	33	-331.0083	340.0034	125.1124
664.00	33	-309.0083	321.1864	119.8888
665.00	33	-287.0083	306.9797	117.6604
666.00	33	-265.0083	293.4853	108.6604
667.00	33	-244.1507	277.2946	103.9436
668.00	33	-226.9164	262.2365	97.5316
669.00	33	-213.1793	240.8195	88.5316
670.00	33	-193.0206	225.0587	79.5316
671.00	33	-179.9554	208.9631	70.5316
672.00	33	-160.5282	188.3486	67.8880
673.00	33	-142.4601	166.3486	58.8880
674.00	33	-120.4601	144.3486	50.3817
675.00	33	-103.3128	122.3486	41.3817
676.00	33	-86.2078	100.3486	38.0581
677.00	33	-69.1348	78.3486	29.0581
678.00	33	-47.1348	57.6223	20.0581
679.00	33	-30.3680	35.6223	16.9763
680.00	33	-8.3680	13.6223	7.9763
681.00	34	366.2431	-382.0277	128.6733
682.00	34	352.0910	-360.0277	119.6733
683.00	34	332.6383	-344.3140	118.7757
684.00	34	310.6383	-325.8318	115.0084
685.00	34	289.5750	-307.0276	113.4281
686.00	34	267.5750	-287.1412	110.3202
687.00	34	246.1649	-269.5645	101.3202
688.00	34	232.1437	-250.9938	92.3202
689.00	34	215.3445	-231.0150	90.3106
690.00	34	201.6600	-209.0150	81.3106
691.00	34	188.8281	-195.3868	72.3106
692.00	34	170.6481	-173.3868	63.3106
693.00	34	152.5745	-151.3868	54.3106
694.00	34	130.5745	-132.3717	45.3106
695.00	34	114.2875	-112.2595	42.3630
696.00	34	92.2875	-92.7194	37.5141
697.00	34	70.2875	-70.7194	28.5141
698.00	34	50.1968	-51.1637	19.5141
699.00	34	28.1968	-29.1637	10.5141
700.00	34	7.0813	-7.1637	1.5141
701.00	35	-382.7661	-397.0946	127.7441
702.00	35	-360.7661	-375.2137	118.7441
703.00	35	-347.7154	-360.7323	118.3041
704.00	35	-325.7154	-343.3553	117.0019
705.00	35	-303.7154	-328.4133	108.7587
706.00	35	-281.7154	-313.2622	99.7587
707.00	35	-259.7154	-291.2622	91.9952
708.00	35	-240.9175	-271.5439	87.3623
709.00	35	-218.9175	-253.2773	78.3623
710.00	35	-196.9175	-231.2773	71.0896
711.00	35	-174.9175	-209.2773	62.0896
712.00	35	-152.9175	-187.2773	54.9406
713.00	35	-139.8436	-165.2773	47.6641
714.00	35	-119.9995	-147.5470	38.6641
715.00	35	-107.4819	-125.7123	32.8698
716.00	35	-85.4819	-103.7123	25.7143
717.00	35	-70.9271	-81.7123	25.3938
718.00	35	-50.9755	-59.7123	21.5870
719.00	35	-28.9755	-37.7123	14.7953
720.00	35	-6.9755	-15.7123	5.7953
721.00	36	399.6775	360.0339	141.5467
722.00	36	385.1751	339.9778	137.2747
723.00	36	363.1751	317.9778	128.2747
724.00	36	341.1751	298.2399	119.2747
725.00	36	324.4095	276.6151	110.2747
726.00	36	302.4095	264.7408	101.2747
727.00	36	280.4095	248.9499	92.2747
728.00	36	264.4159	226.9499	87.3253
729.00	36	242.4159	204.9499	80.2777
730.00	36	227.8615	188.7297	71.2777
731.00	36	210.8962	174.8535	64.1544
732.00	36	188.8962	153.3085	56.2792
733.00	36	166.8962	135.0423	54.1599
734.00	36	146.5748	113.0423	46.1481
735.00	36	128.9514	92.7024	41.0638
736.00	36	106.9514	81.1142	32.3015
737.00	36	84.9514	62.7992	31.4787
738.00	36	62.9514	40.7992	27.6734
739.00	36	40.9514	26.1312	18.6734
740.00	36	18.9514	4.1312	9.6734
741.00	37	-382.5027	389.0651	137.1378
742.00	37	-368.6636	367.0651	136.5821
743.00	37	-347.2022	345.7778	128.1765
744.00	37	-331.3470	323.7778	119.1765
745.00	37	-309.3470	303.7982	110.1765
746.00	37	-292.7770	281.8763	106.6239
747.00	37	-277.7607	259.8763	106.1351
748.00	37	-263.5218	242.2953	99.7965
749.00	37	-248.6587	225.2833	90.7965
750.00	37	-231.9337	207.2257	88.8687
751.00	37	-213.9105	187.8399	79.8687
752.00	37	-192.1192	165.8399	70.9383
753.00	37	-170.1192	151.1106	66.5479
754.00	37	-152.9503	129.1106	57.5479
755.00	37	-132.3864	107.1106	48.5479
756.00	37	-110.3864	88.8299	39.5479
757.00	37	-88.3864	69.7659	30.5479
758.00	37	-66.3864	47.7659	21.5591
759.00	37	-44.3864	28.4341	17.5486
760.00	37	-22.3864	6.4341	8.5486
761.00	38	396.3765	-397.6181	140.0107
762.00	38	376.4263	-379.9751	132.6874
763.00	38	355.1608	-358.4681	123.6874
764.00	38	333.1608	-342.3391	120.6522
765.00	38	315.5092	-326.3949	111.6522
766.00	38	293.5092	-304.3949	105.4385
767.00	38	271.5092	-283.8445	103.0033
768.00	38	249.5092	-264.8906	95.9714
769.00	38	227.5092	-245.7921	86.9714
770.00	38	207.8861	-223.7921	83.4026
771.00	38	193.9820	-201.7921	75.3506
772.00	38	171.9820	-179.7921	74.4684
773.00	38	149.9820	-157.7921	65.7894
774.00	38	127.9990	-135.7921	56.7894
775.00	38	113.5960	-113.7921	48.3640
776.00	38	91.5960	-95.0119	39.3640
777.00	38	69.5960	-75.1576	30.3640
778.00	38	47.5960	-53.1576	25.0554
779.00	38	25.5960	-31.1576	19.7154
780.00	38	3.5960	-9.1576	10.7154
781.00	39	-386.8633	-403.7568	143.7108
782.00	39	-368.9598	-381.7568	134.7108
783.00	39	-346.9598	-359.7568	125.7108
784.00	39	-332.7689	-345.4551	123.8011
785.00	39	-310.7689	-328.5022	114.8011
786.00	39	-288.7689	-312.9992	112.6987
787.00	39	-268.2274	-294.7336	110.9621
788.00	39	-254.1488	-272.7336	101.9621
789.00	39	-232.1488	-250.7336	92.9621
790.00	39	-214.5546	-231.2128	90.7589
791.00	39	-192.5546	-214.8882	86.7609
792.00	39	-170.5546	-193.9881	77.7609
793.00	39	-148.5546	-174.0898	68.7609
794.00	39	-130.5313	-152.0898	59.7609
795.00	39	-114.2732	-133.7467	55.5376
796.00	39	-92.2732	-111.7467	46.5376
797.00	39	-70.2732	-89.7467	37.5376
798.00	39	-52.3656	-67.7467	31.3894
799.00	39	-30.3656	-45.7467	22.3894
800.00	39	-8.3656	-23.7467	13.3894
801.00	40	385.0214	392.5742	131.3544
802.00	40	369.5746	374.5847	129.7849
803.00	40	353.5566	357.2186	126.1864
804.00	40	331.5566	335.2186	125.8176
805.00	40	309.5566	313.2186	116.8176
806.00	40	295.5543	291.2186	109.8146
807.00	40	279.4187	271.0986	100.8488
808.00	40	262.4717	253.4853	91.8488
809.00	40	247.7052	231.4853	87.9686
810.00	40	225.7052	217.0534	78.9686
811.00	40	208.3796	195.0534	69.9686
812.00	40	192.2767	173.0534	65.0267
813.00	40	170.2767	151.0534	57.9834
814.00	40	149.8293	129.0534	50.5245
815.00	40	127.8293	110.6839	41.5245
816.00	40	105.8293	95.7780	32.5245
817.00	40	83.8293	73.7780	23.5245
818.00	40	61.8293	51.7780	14.5245
819.00	40	39.8293	29.7780	7.2167
820.00	40	17.8293	7.7780	6.5719
821.00	41	-384.9467	399.9027	142.4313
822.00	41	-367.5093	383.0946	133.4313
823.00	41	-345.5093	361.7552	132.5275
824.00	41	-323.5093	341.0609	130.4977
825.00	41	-303.3080	320.7298	123.7901
826.00	41	-285.7292	301.0127	122.2149
827.00	41	-267.0160	279.0127	113.2149
828.00	41	-245.0160	257.0127	107.3616
829.00	41	-223.0160	238.8802	98.3616
830.00	41	-201.1372	219.3438	89.3616
831.00	41	-179.1372	198.5696	84.0113
832.00	41	-166.1898	176.5696	79.4793
833.00	41	-150.8109	154.5696	70.4793
834.00	41	-136.2938	132.5696	67.5153
835.00	41	-118.7387	110.5696	58.5153
836.00	41	-96.7387	88.5696	49.5153
837.00	41	-78.1224	67.2826	40.5153
838.00	41	-56.1224	45.2826	31.5153
839.00	41	-34.1224	28.5258	22.5153
840.00	41	-12.1224	6.5258	13.5153
841.00	42	394.1122	-372.1123	128.1810
842.00	42	372.1122	-358.1230	119.5128
843.00	42	355.7701	-336.1230	116.0791
844.00	42	333.7701	-314.1230	112.4264
845.00	42	319.6872	-296.3558	109.9932
846.00	42	297.6872	-274.3558	100.9932
847.00	42	275.6872	-252.3558	100.7102
848.00	42	259.8413	-230.3558	100.4228
849.00	42	240.9146	-218.5449	97.4337
850.00	42	218.9146	-203.1488	88.4337
851.00	42	200.8418	-182.5744	86.1656
852.00	42	178.8418	-168.1644	77.1656
853.00	42	159.3333	-149.1721	68.1656
854.00	42	137.3333	-127.1721	64.0509
855.00	42	115.3333	-105.1721	55.0509
856.00	42	93.3333	-83.1721	46.0509
857.00	42	71.3333	-61.1721	37.0512
858.00	42	53.7335	-47.0922	29.2832
859.00	42	31.7335	-26.2799	20.2832
860.00	42	9.7335	-4.2799	11.2832
861.00	43	-365.4439	-364.4016	137.0962
862.00	43	-343.4439	-350.0573	128.0962
863.00	43	-321.4439	-328.0573	119.0962
864.00	43	-304.8023	-306.0573	110.0962
865.00	43	-284.1216	-284.0573	101.0962
866.00	43	-262.1216	-268.5582	98.5769
867.00	43	-240.1216	-251.8536	96.6410
868.00	43	-226.5290	-233.9834	87.6410
869.00	43	-204.5290	-217.6870	78.6410
870.00	43	-182.5290	-203.8473	69.6410
871.00	43	-162.1505	-187.7496	65.6531
872.00	43	-149.5976	-170.3089	58.1491
873.00	43	-138.2465	-156.2401	49.1491
874.00	43	-122.1223	-134.2401	40.1491
875.00	43	-108.5023	-112.2401	34.8511
876.00	43	-86.5023	-90.2401	30.0285
877.00	43	-64.5023	-68.2401	21.0285
878.00	43	-42.5023	-46.2401	12.4700
879.00	43	-26.2541	-29.4876	12.3870
880.00	43	-4.2541	-7.4876	3.3870
881.00	44	373.8945	373.7013	129.0253
882.00	44	355.2867	351.7013	120.7556
883.00	44	333.2867	338.0533	113.5012
884.00	44	315.3199	317.4566	107.0175
885.00	44	300.3993	295.4566	104.2934
886.00	44	282.3529	273.4566	97.4493
887.00	44	268.3212	258.3301	88.4493
888.00	44	252.2950	236.3301	85.6919
889.00	44	235.0673	214.8175	78.4923
890.00	44	215.0709	198.8768	69.4923
891.00	44	193.0709	176.8768	62.1410
892.00	44	173.5956	163.7521	53.4997
893.00	44	151.5956	144.9317	44.4997
894.00	44	129.5956	123.1734	39.3877
895.00	44	107.5956	101.1734	30.3877
896.00	44	85.5956	79.1734	27.9201
897.00	44	63.5956	57.1734	23.5783
898.00	44	41.5956	41.4292	22.3510
899.00	44	21.6315	19.4292	13.3510
900.00	44	1.4322	-1.9646	7.1849
901.00	45	-381.7699	381.6142	128.4268
902.00	45	-362.9810	361.3809	119.4268
903.00	45	-347.1945	347.3460	110.4268
904.00	45	-332.8351	325.3460	109.1515
905.00	45	-310.8351	308.4606	100.1515
906.00	45	-293.8310	286.4606	91.1515
907.00	45	-271.8310	264.4606	90.1257
908.00	45	-252.2561	250.3875	81.1257
909.00	45	-232.1167	228.3875	72.1257
910.00	45	-216.0976	209.5845	63.1257
911.00	45	-194.0976	196.0358	61.6764
912.00	45	-174.2758	174.0358	56.7262
913.00	45	-152.2758	155.0515	50.3267
914.00	45	-137.0629	138.5720	41.3267
915.00	45	-119.3722	117.8812	32.3267
916.00	45	-97.3722	95.8812	26.7824
917.00	45	-75.3722	76.1602	26.6826
918.00	45	-53.3722	54.1602	17.6826
919.00	45	-31.3722	32.1602	11.4989
920.00	45	-9.3722	10.1602	5.2256
921.00	46	383.6596	-383.6104	144.2419
922.00	46	368.8459	-363.2682	135.2419
923.00	46	346.8459	-347.1053	126.2419
924.00	46	331.0065	-329.0322	117.2419
925.00	46	309.0065	-315.2117	111.8938
926.00	46	287.0065	-293.2117	102.8938
927.00	46	273.3619	-276.1730	93.8938
928.00	46	252.4958	-254.1730	92.4469
929.00	46	238.7648	-235.2981	91.1788
930.00	46	217.1839	-218.2832	83.6031
931.00	46	199.9058	-198.4552	79.9331
932.00	46	177.9058	-176.4552	74.2429
933.00	46	155.9058	-156.2438	68.2983
934.00	46	133.9058	-134.2438	59.2983
935.00	46	111.9058	-112.2438	50.2983
936.00	46	90.9289	-94.6955	41.2983
937.00	46	68.9289	-72.6955	35.8146
938.00	46	46.9289	-54.7276	31.1438
939.00	46	30.3408	-32.7276	22.1438
940.00	46	8.3408	-10.7276	13.1438
941.00	47	-359.8122	-384.9003	123.6563
942.00	47	-337.8169	-362.9003	123.8117
943.00	47	-322.9429	-343.7135	114.8624
944.00	47	-301.9354	-321.7135	113.4100
945.00	47	-279.9354	-308.3357	104.4100
946.00	47	-260.2519	-292.3033	104.6243
947.00	47	-241.2631	-276.8451	95.6243
948.00	47	-221.4939	-258.1750	86.6243
949.00	47	-206.2609	-236.1750	78.0524
950.00	47	-184.2609	-217.8496	69.0524
951.00	47	-171.0488	-195.8496	67.0128
952.00	47	-156.7171	-173.8496	58.1176
953.00	47	-134.7171	-151.8496	49.1176
954.00	47	-115.9271	-130.8081	47.5499
955.00	47	-103.9946	-108.8081	38.5499
956.00	47	-84.0815	-86.8081	29.5499
957.00	47	-66.9035	-67.2959	20.5499
958.00	47	-44.9035	-51.1341	11.5499
959.00	47	-26.0322	-29.1341	4.6670
960.00	47	-4.0322	-7.1341	6.6961
961.00	48	367.4708	359.4995	138.0577
962.00	48	345.4708	340.2750	129.0577
963.00	48	323.4708	322.4616	124.2739
964.00	48	310.9469	309.1071	121.3374
965.00	48	294.6280	287.1071	112.3374
966.00	48	277.3606	265.1071	106.6273
967.00	48	255.3606	243.1071	97.6273
968.00	48	234.0746	221.1071	88.6273
969.00	48	219.6513	205.8666	83.0508
970.00	48	198.7995	183.8666	74.0508
971.00	48	176.7995	161.8666	67.3726
972.00	48	154.7995	139.8666	62.2940
973.00	48	133.0186	127.1291	58.9220
974.00	48	111.0186	114.6993	49.9220
975.00	48	98.5570	95.2910	48.6402
976.00	48	82.9257	76.9245	39.6402
977.00	48	60.9257	64.7075	35.6202
978.00	48	38.9257	42.7075	26.6202
979.00	48	25.2269	23.6295	17.6202
980.00	48	3.2269	1.6295	8.6202
981.00	49	-369.8115	386.2559	141.1975
982.00	49	-347.8115	366.7187	132.1975
983.00	49	-329.1189	344.7187	125.5197
984.00	49	-310.6341	323.4835	116.5197
985.00	49	-288.6341	304.0054	107.5197
986.00	49	-267.9838	282.0054	104.2788
987.00	49	-254.5614	264.8476	102.8154
988.00	49	-232.5614	248.5615	93.8154
989.00	49	-210.5614	226.5615	84.8154
990.00	49	-197.4576	205.9319	79.3601
991.00	49	-179.9477	192.5233	75.1079
992.00	49	-166.8567	177.6272	66.1079
993.00	49	-144.8567	155.6272	59.5281
994.00	49	-123.4947	136.9120	50.5281
995.00	49	-101.4947	114.9120	45.2632
996.00	49	-79.4947	93.7245	36.2632
997.00	49	-66.1825	73.5239	27.2632
998.00	49	-45.4436	56.0843	18.2632
999.00	49	-24.6219	34.0843	14.0260
1000.00	49	-2.6219	12.0843	5.0260
1001.00	50	395.3926	-392.9230	135.1516
1002.00	50	376.0930	-370.9230	127.2705
1003.00	50	354.5884	-348.9230	118.2705
1004.00	50	332.5884	-328.3786	111.0991
1005.00	50	310.5884	-312.5587	111.5167
1006.00	50	291.1361	-297.6517	102.5167
1007.00	50	276.2418	-276.3555	95.7670
1008.00	50	254.2418	-259.2167	88.1718
1009.00	50	233.0900	-238.4254	84.0647
1010.00	50	213.0849	-223.9039	78.9410
1011.00	50	191.0849	-201.9039	69.9482
1012.00	50	169.7451	-184.8865	69.3058
1013.00	50	147.7451	-162.8865	60.3058
1014.00	50	125.7451	-140.8865	56.2606
1015.00	50	106.6164	-118.8865	52.1257
1016.00	50	84.6164	-96.8865	43.1257
1017.00	50	62.6164	-78.2429	36.3371
1018.00	50	45.3199	-56.2429	27.5845
1019.00	50	23.3199	-34.2429	18.5845
1020.00	50	1.3199	-12.2429	9.5845
