0.00	0	-0.3504	-1.2118	0.2799
1.00	0	-0.4652	-1.1865	0.8500
2.00	0	-0.4507	-1.2993	0.8451
3.00	0	-0.7116	-1.0627	0.7852
4.00	0	-0.9118	-0.6858	0.6951
5.00	0	-0.4861	-0.3538	0.6217
6.00	0	-0.0846	-0.0428	0.3784
7.00	0	-0.0918	-0.0094	0.4615
8.00	0	-0.1023	-0.0250	0.4989
9.00	0	-0.1173	-0.0216	0.5075
10.00	0	-0.0285	-0.0596	0.5022
11.00	0	-0.0294	-0.0588	0.5007
12.00	0	-0.0307	-0.0577	0.4957
13.00	0	-0.0320	-0.0562	0.4853
14.00	0	-0.0331	-0.0546	0.4686
15.00	0	-0.0339	-0.0528	0.4476
16.00	0	-0.0347	-0.0497	0.4044
17.00	0	-0.0349	-0.0484	0.3859
18.00	0	-0.0352	-0.0463	0.3497
19.00	0	-0.0414	-0.0415	0.1450
20.00	1	-0.3534	-1.2121	0.3076
21.00	1	-0.4651	-1.1865	0.8501
22.00	1	-0.4508	-1.2969	0.8445
23.00	1	-0.7116	-1.0627	0.7852
24.00	1	-0.9118	-0.6858	0.6951
25.00	1	-0.4639	-0.3382	0.6093
26.00	1	-0.0832	-0.0407	0.3783
27.00	1	-0.0916	-0.0093	0.4609
28.00	1	-0.1035	-0.0255	0.4996
29.00	1	-0.1174	-0.0216	0.5074
30.00	1	-0.0281	-0.0599	0.5024
31.00	1	-0.0301	-0.0582	0.4988
32.00	1	-0.0307	-0.0577	0.4957
33.00	1	-0.0320	-0.0562	0.4853
34.00	1	-0.0337	-0.0532	0.4522
35.00	1	-0.0339	-0.0528	0.4476
36.00	1	-0.0347	-0.0499	0.4074
37.00	1	-0.0349	-0.0484	0.3859
38.00	1	-0.0352	-0.0466	0.3531
39.00	1	-0.0414	-0.0415	0.1450
40.00	2	-0.3497	-1.2117	0.2731
41.00	2	-0.4654	-1.1865	0.8499
42.00	2	-0.4516	-1.3045	0.8464
43.00	2	-0.7265	-1.0445	0.7755
44.00	2	-0.9118	-0.6858	0.6951
45.00	2	-0.4738	-0.3451	0.6149
46.00	2	-0.0809	-0.0362	0.3789
47.00	2	-0.0916	-0.0093	0.4609
48.00	2	-0.1027	-0.0251	0.4991
49.00	2	-0.1174	-0.0217	0.5074
50.00	2	-0.0281	-0.0599	0.5024
51.00	2	-0.0294	-0.0588	0.5007
52.00	2	-0.0313	-0.0570	0.4916
53.00	2	-0.0328	-0.0552	0.4755
54.00	2	-0.0336	-0.0537	0.4588
55.00	2	-0.0341	-0.0523	0.4403
56.00	2	-0.0346	-0.0507	0.4190
57.00	2	-0.0349	-0.0484	0.3859
58.00	2	-0.0352	-0.0466	0.3531
59.00	2	-0.0414	-0.0415	0.1450
60.00	3	-0.3497	-1.2117	0.2731
61.00	3	-0.4658	-1.1865	0.8496
62.00	3	-0.4507	-1.2977	0.8447
63.00	3	-0.7116	-1.0627	0.7852
64.00	3	-0.9047	-0.6765	0.6959
65.00	3	-0.4639	-0.3382	0.6093
66.00	3	-0.0809	-0.0362	0.3789
67.00	3	-0.0916	-0.0093	0.4609
68.00	3	-0.1038	-0.0256	0.4997
69.00	3	-0.1175	-0.0215	0.5076
70.00	3	-0.0280	-0.0601	0.5024
71.00	3	-0.0300	-0.0583	0.4992
72.00	3	-0.0320	-0.0562	0.4853
73.00	3	-0.0320	-0.0562	0.4853
74.00	3	-0.0341	-0.0524	0.4428
75.00	3	-0.0342	-0.0521	0.4378
76.00	3	-0.0347	-0.0497	0.4044
77.00	3	-0.0349	-0.0484	0.3859
78.00	3	-0.0352	-0.0466	0.3531
79.00	3	-0.0414	-0.0415	0.1450
80.00	4	-0.3598	-1.2127	0.3638
81.00	4	-0.4652	-1.1865	0.8500
82.00	4	-0.4508	-1.3008	0.8454
83.00	4	-0.7116	-1.0627	0.7852
84.00	4	-0.9118	-0.6858	0.6951
85.00	4	-0.4614	-0.3365	0.6079
86.00	4	-0.0851	-0.0435	0.3785
87.00	4	-0.0917	-0.0093	0.4611
88.00	4	-0.1021	-0.0249	0.4988
89.00	4	-0.1174	-0.0217	0.5074
90.00	4	-0.0280	-0.0601	0.5024
91.00	4	-0.0301	-0.0582	0.4988
92.00	4	-0.0311	-0.0572	0.4935
93.00	4	-0.0321	-0.0561	0.4840
94.00	4	-0.0331	-0.0546	0.4686
95.00	4	-0.0339	-0.0528	0.4476
96.00	4	-0.0346	-0.0507	0.4190
97.00	4	-0.0349	-0.0484	0.3859
98.00	4	-0.0352	-0.0466	0.3531
99.00	4	-0.0414	-0.0415	0.1450
100.00	5	-0.3497	-1.2117	0.2731
101.00	5	-0.4655	-1.1865	0.8498
102.00	5	-0.4512	-1.3034	0.8460
103.00	5	-0.7208	-1.0514	0.7791
104.00	5	-0.9084	-0.6811	0.6956
105.00	5	-0.4787	-0.3486	0.6176
106.00	5	-0.0832	-0.0407	0.3783
107.00	5	-0.0922	-0.0097	0.4628
108.00	5	-0.1032	-0.0254	0.4994
109.00	5	-0.1174	-0.0216	0.5075
110.00	5	-0.0285	-0.0596	0.5022
111.00	5	-0.0298	-0.0584	0.4996
112.00	5	-0.0313	-0.0570	0.4916
113.00	5	-0.0320	-0.0562	0.4853
114.00	5	-0.0336	-0.0535	0.4566
115.00	5	-0.0343	-0.0519	0.4352
116.00	5	-0.0347	-0.0501	0.4103
117.00	5	-0.0349	-0.0484	0.3859
118.00	5	-0.0352	-0.0462	0.3464
119.00	5	-0.0414	-0.0415	0.1450
120.00	6	-0.3541	-1.2123	0.3145
121.00	6	-0.4652	-1.1865	0.8500
122.00	6	-0.4508	-1.2969	0.8445
123.00	6	-0.7321	-1.0377	0.7717
124.00	6	-0.9118	-0.6858	0.6951
125.00	6	-0.4861	-0.3538	0.6217
126.00	6	-0.0806	-0.0356	0.3790
127.00	6	-0.0916	-0.0093	0.4609
128.00	6	-0.1021	-0.0249	0.4988
129.00	6	-0.1174	-0.0217	0.5074
130.00	6	-0.0283	-0.0598	0.5024
131.00	6	-0.0309	-0.0574	0.4942
132.00	6	-0.0319	-0.0563	0.4864
133.00	6	-0.0323	-0.0558	0.4813
134.00	6	-0.0335	-0.0539	0.4609
135.00	6	-0.0342	-0.0521	0.4378
136.00	6	-0.0346	-0.0505	0.4162
137.00	6	-0.0349	-0.0484	0.3859
138.00	6	-0.0357	-0.0441	0.3008
139.00	6	-0.0414	-0.0415	0.1450
140.00	7	-0.3497	-1.2117	0.2731
141.00	7	-0.4651	-1.1865	0.8501
142.00	7	-0.4512	-1.3034	0.8460
143.00	7	-0.7116	-1.0627	0.7852
144.00	7	-0.9060	-0.6780	0.6958
145.00	7	-0.4763	-0.3468	0.6163
146.00	7	-0.0811	-0.0367	0.3787
147.00	7	-0.0919	-0.0094	0.4616
148.00	7	-0.1029	-0.0252	0.4992
149.00	7	-0.1174	-0.0216	0.5075
150.00	7	-0.0280	-0.0601	0.5024
151.00	7	-0.0300	-0.0583	0.4992
152.00	7	-0.0321	-0.0561	0.4840
153.00	7	-0.0334	-0.0541	0.4629
154.00	7	-0.0333	-0.0543	0.4648
155.00	7	-0.0345	-0.0509	0.4218
156.00	7	-0.0349	-0.0488	0.3922
157.00	7	-0.0353	-0.0457	0.3359
158.00	7	-0.0353	-0.0457	0.3359
159.00	7	-0.0414	-0.0415	0.1450
160.00	8	-0.3606	-1.2128	0.3709
161.00	8	-0.4653	-1.1865	0.8500
162.00	8	-0.4512	-1.3034	0.8460
163.00	8	-0.7116	-1.0627	0.7852
164.00	8	-0.9009	-0.6718	0.6962
165.00	8	-0.4614	-0.3365	0.6079
166.00	8	-0.0804	-0.0350	0.3792
167.00	8	-0.0921	-0.0095	0.4623
168.00	8	-0.1021	-0.0249	0.4988
169.00	8	-0.1175	-0.0216	0.5075
170.00	8	-0.0295	-0.0587	0.5004
171.00	8	-0.0308	-0.0575	0.4950
172.00	8	-0.0316	-0.0566	0.4886
173.00	8	-0.0324	-0.0557	0.4799
174.00	8	-0.0341	-0.0523	0.4403
175.00	8	-0.0341	-0.0523	0.4403
176.00	8	-0.0346	-0.0507	0.4190
177.00	8	-0.0352	-0.0466	0.3531
178.00	8	-0.0355	-0.0445	0.3114
179.00	8	-0.0414	-0.0415	0.1450
180.00	9	-0.3504	-1.2118	0.2799
181.00	9	-0.4659	-1.1866	0.8495
182.00	9	-0.4536	-1.3076	0.8476
183.00	9	-0.7303	-1.0399	0.7730
184.00	9	-0.9095	-0.6826	0.6955
185.00	9	-0.4713	-0.3434	0.6135
186.00	9	-0.0804	-0.0350	0.3792
187.00	9	-0.0924	-0.0097	0.4636
188.00	9	-0.1042	-0.0258	0.4999
189.00	9	-0.1175	-0.0216	0.5075
190.00	9	-0.0295	-0.0587	0.5004
191.00	9	-0.0315	-0.0568	0.4897
192.00	9	-0.0319	-0.0563	0.4864
193.00	9	-0.0332	-0.0544	0.4667
194.00	9	-0.0342	-0.0521	0.4378
195.00	9	-0.0346	-0.0503	0.4133
196.00	9	-0.0350	-0.0475	0.3698
197.00	9	-0.0352	-0.0462	0.3464
198.00	9	-0.0354	-0.0451	0.3256
199.00	9	-0.0414	-0.0415	0.1450
200.00	10	-0.3648	-1.2131	0.4064
201.00	10	-0.4654	-1.1865	0.8499
202.00	10	-0.4532	-1.3072	0.8474
203.00	10	-0.7265	-1.0445	0.7755
204.00	10	-0.9034	-0.6749	0.6960
205.00	10	-0.4837	-0.3520	0.6204
206.00	10	-0.0794	-0.0322	0.3803
207.00	10	-0.0921	-0.0095	0.4625
208.00	10	-0.1046	-0.0259	0.5001
209.00	10	-0.1173	-0.0216	0.5075
210.00	10	-0.0290	-0.0591	0.5016
211.00	10	-0.0308	-0.0575	0.4950
212.00	10	-0.0319	-0.0563	0.4864
213.00	10	-0.0334	-0.0541	0.4629
214.00	10	-0.0345	-0.0511	0.4246
215.00	10	-0.0341	-0.0524	0.4428
216.00	10	-0.0347	-0.0499	0.4074
217.00	10	-0.0352	-0.0463	0.3497
218.00	10	-0.0353	-0.0455	0.3325
219.00	10	-0.0414	-0.0415	0.1450
220.00	11	-0.3598	-1.2127	0.3638
221.00	11	-0.4663	-1.1867	0.8493
222.00	11	-0.4512	-1.3034	0.8460
223.00	11	-0.7265	-1.0445	0.7755
224.00	11	-0.8996	-0.6702	0.6963
225.00	11	-0.4566	-0.3329	0.6052
226.00	11	-0.0806	-0.0356	0.3790
227.00	11	-0.0924	-0.0097	0.4636
228.00	11	-0.1038	-0.0256	0.4997
229.00	11	-0.1173	-0.0216	0.5075
230.00	11	-0.0305	-0.0579	0.4970
231.00	11	-0.0313	-0.0570	0.4916
232.00	11	-0.0312	-0.0571	0.4926
233.00	11	-0.0333	-0.0543	0.4648
234.00	11	-0.0335	-0.0539	0.4609
235.00	11	-0.0343	-0.0519	0.4352
236.00	11	-0.0350	-0.0477	0.3731
237.00	11	-0.0355	-0.0448	0.3186
238.00	11	-0.0355	-0.0447	0.3150
239.00	11	-0.0414	-0.0415	0.1450
240.00	12	-0.3631	-1.2130	0.3922
241.00	12	-0.4652	-1.1865	0.8500
242.00	12	-0.4508	-1.3000	0.8452
243.00	12	-0.7453	-1.0215	0.7632
244.00	12	-0.8955	-0.6656	0.6966
245.00	12	-0.4689	-0.3417	0.6121
246.00	12	-0.0800	-0.0338	0.3796
247.00	12	-0.0922	-0.0097	0.4628
248.00	12	-0.1031	-0.0254	0.4993
249.00	12	-0.1174	-0.0216	0.5075
250.00	12	-0.0289	-0.0592	0.5018
251.00	12	-0.0318	-0.0565	0.4876
252.00	12	-0.0330	-0.0548	0.4704
253.00	12	-0.0333	-0.0543	0.4648
254.00	12	-0.0337	-0.0534	0.4544
255.00	12	-0.0348	-0.0492	0.3984
256.00	12	-0.0350	-0.0473	0.3664
257.00	12	-0.0350	-0.0473	0.3664
258.00	12	-0.0358	-0.0435	0.2863
259.00	12	-0.0414	-0.0415	0.1450
260.00	13	-0.3519	-1.2119	0.2937
261.00	13	-0.4658	-1.1865	0.8496
262.00	13	-0.4516	-1.3045	0.8464
263.00	13	-0.7453	-1.0215	0.7632
264.00	13	-0.9084	-0.6811	0.6956
265.00	13	-0.4491	-0.3278	0.6010
266.00	13	-0.0802	-0.0344	0.3794
267.00	13	-0.0924	-0.0098	0.4637
268.00	13	-0.1041	-0.0257	0.4998
269.00	13	-0.1174	-0.0216	0.5075
270.00	13	-0.0289	-0.0592	0.5018
271.00	13	-0.0302	-0.0581	0.4982
272.00	13	-0.0322	-0.0559	0.4827
273.00	13	-0.0327	-0.0554	0.4770
274.00	13	-0.0336	-0.0537	0.4588
275.00	13	-0.0349	-0.0486	0.3891
276.00	13	-0.0347	-0.0497	0.4044
277.00	13	-0.0352	-0.0460	0.3429
278.00	13	-0.0355	-0.0448	0.3186
279.00	13	-0.0414	-0.0415	0.1450
280.00	14	-0.3656	-1.2131	0.4135
281.00	14	-0.4654	-1.1865	0.8499
282.00	14	-0.4532	-1.3072	0.8474
283.00	14	-0.7265	-1.0445	0.7755
284.00	14	-0.8868	-0.6562	0.6970
285.00	14	-0.4689	-0.3417	0.6121
286.00	14	-0.0804	-0.0350	0.3792
287.00	14	-0.0918	-0.0094	0.4615
288.00	14	-0.1046	-0.0259	0.5001
289.00	14	-0.1174	-0.0216	0.5075
290.00	14	-0.0309	-0.0574	0.4942
291.00	14	-0.0309	-0.0574	0.4942
292.00	14	-0.0324	-0.0557	0.4799
293.00	14	-0.0331	-0.0546	0.4686
294.00	14	-0.0346	-0.0503	0.4133
295.00	14	-0.0343	-0.0515	0.4299
296.00	14	-0.0352	-0.0463	0.3497
297.00	14	-0.0351	-0.0472	0.3631
298.00	14	-0.0353	-0.0457	0.3359
299.00	14	-0.0414	-0.0415	0.1450
300.00	15	-0.3598	-1.2127	0.3638
301.00	15	-0.4653	-1.1865	0.8500
302.00	15	-0.4509	-1.3021	0.8457
303.00	15	-0.7265	-1.0445	0.7755
304.00	15	-0.8912	-0.6609	0.6968
305.00	15	-0.4491	-0.3278	0.6010
306.00	15	-0.0800	-0.0338	0.3796
307.00	15	-0.0922	-0.0096	0.4626
308.00	15	-0.1050	-0.0260	0.5002
309.00	15	-0.1175	-0.0216	0.5075
310.00	15	-0.0307	-0.0577	0.4957
311.00	15	-0.0315	-0.0568	0.4897
312.00	15	-0.0318	-0.0565	0.4876
313.00	15	-0.0329	-0.0551	0.4738
314.00	15	-0.0336	-0.0537	0.4588
315.00	15	-0.0350	-0.0480	0.3796
316.00	15	-0.0348	-0.0492	0.3984
317.00	15	-0.0352	-0.0466	0.3531
318.00	15	-0.0355	-0.0448	0.3186
319.00	15	-0.0414	-0.0415	0.1450
320.00	16	-0.3648	-1.2131	0.4064
321.00	16	-0.4658	-1.1865	0.8496
322.00	16	-0.4548	-1.3084	0.8482
323.00	16	-0.7397	-1.0285	0.7668
324.00	16	-0.8853	-0.6547	0.6971
325.00	16	-0.4392	-0.3207	0.5955
326.00	16	-0.0790	-0.0308	0.3811
327.00	16	-0.0922	-0.0096	0.4626
328.00	16	-0.1041	-0.0257	0.4998
329.00	16	-0.1178	-0.0216	0.5076
330.00	16	-0.0301	-0.0582	0.4988
331.00	16	-0.0316	-0.0566	0.4886
332.00	16	-0.0327	-0.0554	0.4770
333.00	16	-0.0329	-0.0551	0.4738
334.00	16	-0.0343	-0.0515	0.4299
335.00	16	-0.0347	-0.0501	0.4103
336.00	16	-0.0349	-0.0484	0.3859
337.00	16	-0.0355	-0.0447	0.3150
338.00	16	-0.0353	-0.0455	0.3325
339.00	16	-0.0414	-0.0415	0.1450
340.00	17	-0.3665	-1.2131	0.4205
341.00	17	-0.4674	-1.1872	0.8484
342.00	17	-0.4544	-1.3082	0.8480
343.00	17	-0.7472	-1.0192	0.7619
344.00	17	-0.8955	-0.6656	0.6966
345.00	17	-0.4590	-0.3347	0.6066
346.00	17	-0.0809	-0.0362	0.3789
347.00	17	-0.0922	-0.0096	0.4627
348.00	17	-0.1048	-0.0259	0.5001
349.00	17	-0.1175	-0.0216	0.5075
350.00	17	-0.0296	-0.0586	0.5000
351.00	17	-0.0316	-0.0566	0.4886
352.00	17	-0.0328	-0.0552	0.4755
353.00	17	-0.0336	-0.0537	0.4588
354.00	17	-0.0341	-0.0523	0.4403
355.00	17	-0.0343	-0.0515	0.4299
356.00	17	-0.0350	-0.0480	0.3796
357.00	17	-0.0353	-0.0455	0.3325
358.00	17	-0.0360	-0.0429	0.2719
359.00	17	-0.0414	-0.0415	0.1450
360.00	18	-0.3622	-1.2130	0.3851
361.00	18	-0.4668	-1.1869	0.8489
362.00	18	-0.4529	-1.3068	0.8472
363.00	18	-0.7567	-1.0076	0.7559
364.00	18	-0.8868	-0.6562	0.6970
365.00	18	-0.4466	-0.3260	0.5997
366.00	18	-0.0815	-0.0374	0.3786
367.00	18	-0.0927	-0.0101	0.4650
368.00	18	-0.1057	-0.0263	0.5006
369.00	18	-0.1178	-0.0216	0.5076
370.00	18	-0.0300	-0.0583	0.4992
371.00	18	-0.0319	-0.0563	0.4864
372.00	18	-0.0325	-0.0555	0.4785
373.00	18	-0.0334	-0.0541	0.4629
374.00	18	-0.0344	-0.0513	0.4273
375.00	18	-0.0347	-0.0501	0.4103
376.00	18	-0.0352	-0.0463	0.3497
377.00	18	-0.0352	-0.0466	0.3531
378.00	18	-0.0355	-0.0445	0.3114
379.00	18	-0.0414	-0.0415	0.1450
380.00	19	-0.3606	-1.2128	0.3709
381.00	19	-0.4659	-1.1866	0.8495
382.00	19	-0.4521	-1.3054	0.8468
383.00	19	-0.7529	-1.0123	0.7582
384.00	19	-0.8912	-0.6609	0.6968
385.00	19	-0.4590	-0.3347	0.6066
386.00	19	-0.0786	-0.0294	0.3821
387.00	19	-0.0922	-0.0097	0.4628
388.00	19	-0.1034	-0.0255	0.4995
389.00	19	-0.1178	-0.0215	0.5077
390.00	19	-0.0314	-0.0569	0.4907
391.00	19	-0.0322	-0.0559	0.4827
392.00	19	-0.0336	-0.0535	0.4566
393.00	19	-0.0340	-0.0526	0.4452
394.00	19	-0.0344	-0.0513	0.4273
395.00	19	-0.0349	-0.0484	0.3859
396.00	19	-0.0350	-0.0477	0.3731
397.00	19	-0.0353	-0.0455	0.3325
398.00	19	-0.0357	-0.0439	0.2972
399.00	19	-0.0414	-0.0415	0.1450
400.00	20	-0.3656	-1.2131	0.4135
401.00	20	-0.4674	-1.1872	0.8484
402.00	20	-0.4536	-1.3076	0.8476
403.00	20	-0.7510	-1.0146	0.7595
404.00	20	-0.8775	-0.6468	0.6972
405.00	20	-0.4590	-0.3347	0.6066
406.00	20	-0.0784	-0.0286	0.3828
407.00	20	-0.0923	-0.0097	0.4632
408.00	20	-0.1055	-0.0263	0.5005
409.00	20	-0.1178	-0.0215	0.5077
410.00	20	-0.0302	-0.0581	0.4982
411.00	20	-0.0318	-0.0565	0.4876
412.00	20	-0.0319	-0.0563	0.4864
413.00	20	-0.0341	-0.0524	0.4428
414.00	20	-0.0341	-0.0523	0.4403
415.00	20	-0.0346	-0.0507	0.4190
416.00	20	-0.0349	-0.0486	0.3891
417.00	20	-0.0355	-0.0448	0.3186
418.00	20	-0.0361	-0.0426	0.2647
419.00	20	-0.0414	-0.0415	0.1450
420.00	21	-0.3743	-1.2134	0.4831
421.00	21	-0.4676	-1.1873	0.8482
422.00	21	-0.4523	-1.3059	0.8469
423.00	21	-0.7377	-1.0308	0.7681
424.00	21	-0.8692	-0.6388	0.6972
425.00	21	-0.4368	-0.3190	0.5942
426.00	21	-0.0784	-0.0286	0.3828
427.00	21	-0.0922	-0.0096	0.4627
428.00	21	-0.1054	-0.0262	0.5004
429.00	21	-0.1175	-0.0216	0.5075
430.00	21	-0.0303	-0.0580	0.4977
431.00	21	-0.0309	-0.0574	0.4942
432.00	21	-0.0322	-0.0559	0.4827
433.00	21	-0.0343	-0.0515	0.4299
434.00	21	-0.0347	-0.0497	0.4044
435.00	21	-0.0351	-0.0472	0.3631
436.00	21	-0.0352	-0.0462	0.3464
437.00	21	-0.0357	-0.0441	0.3008
438.00	21	-0.0359	-0.0434	0.2827
439.00	21	-0.0414	-0.0415	0.1450
440.00	22	-0.3656	-1.2131	0.4135
441.00	22	-0.4665	-1.1868	0.8491
442.00	22	-0.4529	-1.3068	0.8472
443.00	22	-0.7567	-1.0076	0.7559
444.00	22	-0.8969	-0.6671	0.6966
445.00	22	-0.4098	-0.2997	0.5787
446.00	22	-0.0796	-0.0328	0.3800
447.00	22	-0.0928	-0.0102	0.4654
448.00	22	-0.1046	-0.0259	0.5001
449.00	22	-0.1178	-0.0215	0.5076
450.00	22	-0.0305	-0.0579	0.4970
451.00	22	-0.0320	-0.0562	0.4853
452.00	22	-0.0335	-0.0539	0.4609
453.00	22	-0.0336	-0.0537	0.4588
454.00	22	-0.0349	-0.0488	0.3922
455.00	22	-0.0348	-0.0490	0.3953
456.00	22	-0.0353	-0.0455	0.3325
457.00	22	-0.0357	-0.0439	0.2972
458.00	22	-0.0358	-0.0435	0.2863
459.00	22	-0.0414	-0.0415	0.1450
460.00	23	-0.3699	-1.2133	0.4486
461.00	23	-0.4669	-1.1870	0.8488
462.00	23	-0.4562	-1.3090	0.8488
463.00	23	-0.7359	-1.0331	0.7692
464.00	23	-0.8743	-0.6436	0.6973
465.00	23	-0.4196	-0.3067	0.5844
466.00	23	-0.0800	-0.0338	0.3796
467.00	23	-0.0926	-0.0100	0.4646
468.00	23	-0.1049	-0.0260	0.5002
469.00	23	-0.1181	-0.0215	0.5077
470.00	23	-0.0318	-0.0565	0.4876
471.00	23	-0.0330	-0.0549	0.4721
472.00	23	-0.0323	-0.0558	0.4813
473.00	23	-0.0343	-0.0519	0.4352
474.00	23	-0.0346	-0.0505	0.4162
475.00	23	-0.0349	-0.0482	0.3827
476.00	23	-0.0352	-0.0463	0.3497
477.00	23	-0.0356	-0.0444	0.3079
478.00	23	-0.0362	-0.0424	0.2574
479.00	23	-0.0414	-0.0415	0.1450
480.00	24	-0.3648	-1.2131	0.4064
481.00	24	-0.4673	-1.1871	0.8485
482.00	24	-0.4577	-1.3095	0.8494
483.00	24	-0.7397	-1.0285	0.7668
484.00	24	-0.8898	-0.6594	0.6969
485.00	24	-0.4319	-0.3155	0.5914
486.00	24	-0.0782	-0.0269	0.3843
487.00	24	-0.0923	-0.0097	0.4630
488.00	24	-0.1053	-0.0262	0.5003
489.00	24	-0.1175	-0.0216	0.5075
490.00	24	-0.0298	-0.0584	0.4996
491.00	24	-0.0318	-0.0565	0.4876
492.00	24	-0.0338	-0.0530	0.4499
493.00	24	-0.0342	-0.0521	0.4378
494.00	24	-0.0348	-0.0492	0.3984
495.00	24	-0.0352	-0.0466	0.3531
496.00	24	-0.0353	-0.0455	0.3325
497.00	24	-0.0353	-0.0457	0.3359
498.00	24	-0.0363	-0.0420	0.2466
499.00	24	-0.0414	-0.0415	0.1450
500.00	25	-0.3752	-1.2134	0.4899
501.00	25	-0.4683	-1.1878	0.8475
502.00	25	-0.4548	-1.3084	0.8482
503.00	25	-0.7416	-1.0262	0.7657
504.00	25	-0.8898	-0.6594	0.6969
505.00	25	-0.4368	-0.3190	0.5942
506.00	25	-0.0782	-0.0273	0.3839
507.00	25	-0.0923	-0.0097	0.4632
508.00	25	-0.1043	-0.0258	0.4999
509.00	25	-0.1181	-0.0215	0.5077
510.00	25	-0.0321	-0.0561	0.4840
511.00	25	-0.0330	-0.0548	0.4704
512.00	25	-0.0340	-0.0526	0.4452
513.00	25	-0.0339	-0.0528	0.4476
514.00	25	-0.0348	-0.0490	0.3953
515.00	25	-0.0350	-0.0480	0.3796
516.00	25	-0.0350	-0.0475	0.3698
517.00	25	-0.0359	-0.0431	0.2755
518.00	25	-0.0363	-0.0420	0.2466
519.00	25	-0.0414	-0.0415	0.1450
520.00	26	-0.3779	-1.2134	0.5101
521.00	26	-0.4664	-1.1867	0.8492
522.00	26	-0.4540	-1.3079	0.8478
523.00	26	-0.7587	-1.0052	0.7546
524.00	26	-0.8883	-0.6578	0.6970
525.00	26	-0.4172	-0.3050	0.5830
526.00	26	-0.0787	-0.0298	0.3818
527.00	26	-0.0929	-0.0104	0.4662
528.00	26	-0.1067	-0.0268	0.5010
529.00	26	-0.1181	-0.0215	0.5077
530.00	26	-0.0301	-0.0582	0.4988
531.00	26	-0.0333	-0.0543	0.4648
532.00	26	-0.0325	-0.0555	0.4785
533.00	26	-0.0342	-0.0521	0.4378
534.00	26	-0.0348	-0.0492	0.3984
535.00	26	-0.0350	-0.0475	0.3698
536.00	26	-0.0355	-0.0448	0.3186
537.00	26	-0.0355	-0.0447	0.3150
538.00	26	-0.0364	-0.0419	0.2431
539.00	26	-0.0414	-0.0415	0.1450
540.00	27	-0.3699	-1.2133	0.4486
541.00	27	-0.4681	-1.1876	0.8478
542.00	27	-0.4536	-1.3076	0.8476
543.00	27	-0.7701	-0.9912	0.7472
544.00	27	-0.8605	-0.6307	0.6973
545.00	27	-0.4024	-0.2945	0.5745
546.00	27	-0.0779	-0.0251	0.3865
547.00	27	-0.0927	-0.0101	0.4650
548.00	27	-0.1064	-0.0267	0.5009
549.00	27	-0.1181	-0.0215	0.5077
550.00	27	-0.0321	-0.0561	0.4840
551.00	27	-0.0319	-0.0563	0.4864
552.00	27	-0.0333	-0.0543	0.4648
553.00	27	-0.0345	-0.0511	0.4246
554.00	27	-0.0345	-0.0511	0.4246
555.00	27	-0.0352	-0.0463	0.3497
556.00	27	-0.0355	-0.0448	0.3186
557.00	27	-0.0357	-0.0439	0.2972
558.00	27	-0.0362	-0.0424	0.2574
559.00	27	-0.0414	-0.0415	0.1450
560.00	28	-0.3639	-1.2130	0.3993
561.00	28	-0.4685	-1.1880	0.8473
562.00	28	-0.4572	-1.3094	0.8492
563.00	28	-0.7491	-1.0170	0.7606
564.00	28	-0.8569	-0.6275	0.6972
565.00	28	-0.4000	-0.2927	0.5731
566.00	28	-0.0784	-0.0286	0.3828
567.00	28	-0.0930	-0.0107	0.4670
568.00	28	-0.1051	-0.0261	0.5003
569.00	28	-0.1178	-0.0216	0.5076
570.00	28	-0.0319	-0.0563	0.4864
571.00	28	-0.0323	-0.0558	0.4813
572.00	28	-0.0338	-0.0530	0.4499
573.00	28	-0.0339	-0.0528	0.4476
574.00	28	-0.0346	-0.0507	0.4190
575.00	28	-0.0352	-0.0463	0.3497
576.00	28	-0.0357	-0.0439	0.2972
577.00	28	-0.0360	-0.0428	0.2683
578.00	28	-0.0365	-0.0416	0.2360
579.00	28	-0.0414	-0.0415	0.1450
580.00	29	-0.3752	-1.2134	0.4899
581.00	29	-0.4669	-1.1870	0.8488
582.00	29	-0.4544	-1.3082	0.8480
583.00	29	-0.7624	-1.0006	0.7521
584.00	29	-0.8868	-0.6562	0.6970
585.00	29	-0.4073	-0.2980	0.5773
586.00	29	-0.0780	-0.0261	0.3851
587.00	29	-0.0929	-0.0104	0.4660
588.00	29	-0.1058	-0.0264	0.5006
589.00	29	-0.1184	-0.0216	0.5077
590.00	29	-0.0309	-0.0574	0.4942
591.00	29	-0.0331	-0.0546	0.4686
592.00	29	-0.0336	-0.0535	0.4566
593.00	29	-0.0343	-0.0519	0.4352
594.00	29	-0.0345	-0.0509	0.4218
595.00	29	-0.0348	-0.0490	0.3953
596.00	29	-0.0353	-0.0453	0.3290
597.00	29	-0.0358	-0.0438	0.2936
598.00	29	-0.0359	-0.0432	0.2791
599.00	29	-0.0414	-0.0415	0.1450
600.00	30	-0.3682	-1.2132	0.4346
601.00	30	-0.4687	-1.1881	0.8472
602.00	30	-0.4562	-1.3090	0.8488
603.00	30	-0.7759	-0.9841	0.7435
604.00	30	-0.8658	-0.6356	0.6973
605.00	30	-0.3950	-0.2892	0.5703
606.00	30	-0.0786	-0.0294	0.3821
607.00	30	-0.0928	-0.0102	0.4652
608.00	30	-0.1068	-0.0268	0.5010
609.00	30	-0.1179	-0.0215	0.5076
610.00	30	-0.0309	-0.0574	0.4942
611.00	30	-0.0335	-0.0539	0.4609
612.00	30	-0.0331	-0.0546	0.4686
613.00	30	-0.0340	-0.0526	0.4452
614.00	30	-0.0350	-0.0480	0.3796
615.00	30	-0.0351	-0.0467	0.3565
616.00	30	-0.0358	-0.0438	0.2936
617.00	30	-0.0362	-0.0422	0.2538
618.00	30	-0.0362	-0.0424	0.2574
619.00	30	-0.0414	-0.0415	0.1450
620.00	31	-0.3708	-1.2133	0.4556
621.00	31	-0.4690	-1.1884	0.8467
622.00	31	-0.4667	-1.3082	0.8523
623.00	31	-0.7778	-0.9818	0.7423
624.00	31	-0.8658	-0.6356	0.6973
625.00	31	-0.3975	-0.2910	0.5717
626.00	31	-0.0785	-0.0290	0.3824
627.00	31	-0.0930	-0.0107	0.4668
628.00	31	-0.1064	-0.0267	0.5009
629.00	31	-0.1181	-0.0215	0.5077
630.00	31	-0.0322	-0.0559	0.4827
631.00	31	-0.0336	-0.0537	0.4588
632.00	31	-0.0339	-0.0528	0.4476
633.00	31	-0.0344	-0.0513	0.4273
634.00	31	-0.0350	-0.0475	0.3698
635.00	31	-0.0353	-0.0457	0.3359
636.00	31	-0.0353	-0.0453	0.3290
637.00	31	-0.0355	-0.0445	0.3114
638.00	31	-0.0361	-0.0426	0.2647
639.00	31	-0.0414	-0.0415	0.1450
640.00	32	-0.3752	-1.2134	0.4899
641.00	32	-0.4685	-1.1880	0.8473
642.00	32	-0.4629	-1.3091	0.8513
643.00	32	-0.7701	-0.9912	0.7472
644.00	32	-0.8658	-0.6356	0.6973
645.00	32	-0.4024	-0.2945	0.5745
646.00	32	-0.0779	-0.0251	0.3865
647.00	32	-0.0929	-0.0104	0.4662
648.00	32	-0.1051	-0.0261	0.5003
649.00	32	-0.1181	-0.0215	0.5077
650.00	32	-0.0329	-0.0551	0.4738
651.00	32	-0.0328	-0.0552	0.4755
652.00	32	-0.0335	-0.0539	0.4609
653.00	32	-0.0340	-0.0526	0.4452
654.00	32	-0.0349	-0.0484	0.3859
655.00	32	-0.0355	-0.0450	0.3221
656.00	32	-0.0352	-0.0462	0.3464
657.00	32	-0.0357	-0.0439	0.2972
658.00	32	-0.0366	-0.0415	0.2324
659.00	32	-0.0414	-0.0415	0.1450
660.00	33	-0.3770	-1.2134	0.5034
661.00	33	-0.4671	-1.1870	0.8487
662.00	33	-0.4562	-1.3090	0.8488
663.00	33	-0.7682	-0.9936	0.7484
664.00	33	-0.8514	-0.6226	0.6970
665.00	33	-0.4073	-0.2980	0.5773
666.00	33	-0.0778	-0.0237	0.3884
667.00	33	-0.0930	-0.0106	0.4666
668.00	33	-0.1057	-0.0263	0.5006
669.00	33	-0.1184	-0.0216	0.5077
670.00	33	-0.0328	-0.0552	0.4755
671.00	33	-0.0336	-0.0537	0.4588
672.00	33	-0.0335	-0.0539	0.4609
673.00	33	-0.0345	-0.0511	0.4246
674.00	33	-0.0350	-0.0479	0.3764
675.00	33	-0.0351	-0.0467	0.3565
676.00	33	-0.0355	-0.0447	0.3150
677.00	33	-0.0357	-0.0441	0.3008
678.00	33	-0.0371	-0.0408	0.2084
679.00	33	-0.0414	-0.0415	0.1450
680.00	34	-0.3788	-1.2134	0.5167
681.00	34	-0.4672	-1.1871	0.8486
682.00	34	-0.4562	-1.3090	0.8488
683.00	34	-0.7855	-0.9723	0.7375
684.00	34	-0.8587	-0.6291	0.6972
685.00	34	-0.3975	-0.2910	0.5717
686.00	34	-0.0778	-0.0240	0.3879
687.00	34	-0.0930	-0.0106	0.4667
688.00	34	-0.1058	-0.0264	0.5006
689.00	34	-0.1185	-0.0217	0.5077
690.00	34	-0.0315	-0.0568	0.4897
691.00	34	-0.0338	-0.0530	0.4499
692.00	34	-0.0346	-0.0507	0.4190
693.00	34	-0.0347	-0.0497	0.4044
694.00	34	-0.0348	-0.0490	0.3953
695.00	34	-0.0352	-0.0462	0.3464
696.00	34	-0.0353	-0.0458	0.3394
697.00	34	-0.0365	-0.0416	0.2360
698.00	34	-0.0372	-0.0407	0.2051
699.00	34	-0.0414	-0.0415	0.1450
700.00	35	-0.3843	-1.2134	0.5554
701.00	35	-0.4677	-1.1874	0.8481
702.00	35	-0.4652	-1.3086	0.8519
703.00	35	-0.7720	-0.9888	0.7460
704.00	35	-0.8496	-0.6209	0.6971
705.00	35	-0.4000	-0.2927	0.5731
706.00	35	-0.0777	-0.0227	0.3899
707.00	35	-0.0931	-0.0107	0.4672
708.00	35	-0.1072	-0.0270	0.5011
709.00	35	-0.1183	-0.0216	0.5077
710.00	35	-0.0328	-0.0552	0.4755
711.00	35	-0.0337	-0.0532	0.4522
712.00	35	-0.0341	-0.0524	0.4428
713.00	35	-0.0347	-0.0499	0.4074
714.00	35	-0.0352	-0.0466	0.3531
715.00	35	-0.0355	-0.0450	0.3221
716.00	35	-0.0356	-0.0443	0.3043
717.00	35	-0.0357	-0.0439	0.2972
718.00	35	-0.0370	-0.0409	0.2118
719.00	35	-0.0414	-0.0415	0.1450
720.00	36	-0.3882	-1.2134	0.5801
721.00	36	-0.4674	-1.1872	0.8484
722.00	36	-0.4577	-1.3095	0.8494
723.00	36	-0.7797	-0.9795	0.7410
724.00	36	-0.8550	-0.6258	0.6971
725.00	36	-0.4000	-0.2927	0.5731
726.00	36	-0.0777	-0.0220	0.3909
727.00	36	-0.0930	-0.0105	0.4664
728.00	36	-0.1082	-0.0273	0.5015
729.00	36	-0.1181	-0.0216	0.5077
730.00	36	-0.0315	-0.0568	0.4897
731.00	36	-0.0325	-0.0555	0.4785
732.00	36	-0.0345	-0.0509	0.4218
733.00	36	-0.0349	-0.0484	0.3859
734.00	36	-0.0349	-0.0486	0.3891
735.00	36	-0.0355	-0.0448	0.3186
736.00	36	-0.0359	-0.0432	0.2791
737.00	36	-0.0362	-0.0424	0.2574
738.00	36	-0.0366	-0.0415	0.2324
739.00	36	-0.0414	-0.0415	0.1450
740.00	37	-0.3788	-1.2134	0.5167
741.00	37	-0.4680	-1.1876	0.8479
742.00	37	-0.4720	-1.3062	0.8536
743.00	37	-0.7951	-0.9606	0.7314
744.00	37	-0.8440	-0.6160	0.6969
745.00	37	-0.3828	-0.2806	0.5632
746.00	37	-0.0778	-0.0233	0.3889
747.00	37	-0.0930	-0.0105	0.4664
748.00	37	-0.1061	-0.0265	0.5008
749.00	37	-0.1180	-0.0215	0.5077
750.00	37	-0.0314	-0.0569	0.4907
751.00	37	-0.0328	-0.0552	0.4755
752.00	37	-0.0345	-0.0511	0.4246
753.00	37	-0.0347	-0.0499	0.4074
754.00	37	-0.0349	-0.0484	0.3859
755.00	37	-0.0350	-0.0473	0.3664
756.00	37	-0.0353	-0.0453	0.3290
757.00	37	-0.0360	-0.0428	0.2683
758.00	37	-0.0362	-0.0424	0.2574
759.00	37	-0.0414	-0.0415	0.1450
760.00	38	-0.3863	-1.2134	0.5679
761.00	38	-0.4694	-1.1888	0.8463
762.00	38	-0.4667	-1.3082	0.8523
763.00	38	-0.7701	-0.9912	0.7472
764.00	38	-0.8658	-0.6356	0.6973
765.00	38	-0.4024	-0.2945	0.5745
766.00	38	-0.0780	-0.0258	0.3856
767.00	38	-0.0932	-0.0112	0.4684
768.00	38	-0.1075	-0.0271	0.5013
769.00	38	-0.1183	-0.0216	0.5077
770.00	38	-0.0330	-0.0549	0.4721
771.00	38	-0.0330	-0.0548	0.4704
772.00	38	-0.0347	-0.0501	0.4103
773.00	38	-0.0350	-0.0480	0.3796
774.00	38	-0.0350	-0.0479	0.3764
775.00	38	-0.0356	-0.0444	0.3079
776.00	38	-0.0357	-0.0439	0.2972
777.00	38	-0.0358	-0.0435	0.2863
778.00	38	-0.0375	-0.0406	0.1986
779.00	38	-0.0414	-0.0415	0.1450
780.00	39	-0.3797	-1.2134	0.5233
781.00	39	-0.4687	-1.1881	0.8472
782.00	39	-0.4652	-1.3086	0.8519
783.00	39	-0.7970	-0.9582	0.7302
784.00	39	-0.8382	-0.6111	0.6967
785.00	39	-0.3729	-0.2736	0.5576
786.00	39	-0.0778	-0.0240	0.3879
787.00	39	-0.0932	-0.0112	0.4684
788.00	39	-0.1062	-0.0266	0.5008
789.00	39	-0.1184	-0.0216	0.5077
790.00	39	-0.0319	-0.0563	0.4864
791.00	39	-0.0341	-0.0524	0.4428
792.00	39	-0.0345	-0.0511	0.4246
793.00	39	-0.0350	-0.0475	0.3698
794.00	39	-0.0353	-0.0458	0.3394
795.00	39	-0.0352	-0.0466	0.3531
796.00	39	-0.0358	-0.0435	0.2863
797.00	39	-0.0365	-0.0417	0.2395
798.00	39	-0.0375	-0.0406	0.1986
799.00	39	-0.0414	-0.0415	0.1450
800.00	40	-0.3922	-1.2132	0.6038
801.00	40	-0.4685	-1.1880	0.8473
802.00	40	-0.4693	-1.3073	0.8530
803.00	40	-0.7720	-0.9888	0.7460
804.00	40	-0.8641	-0.6340	0.6973
805.00	40	-0.3656	-0.2684	0.5533
806.00	40	-0.0777	-0.0205	0.3936
807.00	40	-0.0932	-0.0110	0.4679
808.00	40	-0.1085	-0.0274	0.5015
809.00	40	-0.1184	-0.0217	0.5077
810.00	40	-0.0321	-0.0561	0.4840
811.00	40	-0.0336	-0.0535	0.4566
812.00	40	-0.0343	-0.0517	0.4326
813.00	40	-0.0347	-0.0501	0.4103
814.00	40	-0.0351	-0.0467	0.3565
815.00	40	-0.0352	-0.0460	0.3429
816.00	40	-0.0355	-0.0450	0.3221
817.00	40	-0.0368	-0.0411	0.2185
818.00	40	-0.0379	-0.0403	0.1891
819.00	40	-0.0414	-0.0415	0.1450
820.00	41	-0.3770	-1.2134	0.5034
821.00	41	-0.4688	-1.1882	0.8470
822.00	41	-0.4711	-1.3066	0.8534
823.00	41	-0.8067	-0.9464	0.7242
824.00	41	-0.8658	-0.6356	0.6973
825.00	41	-0.3632	-0.2666	0.5519
826.00	41	-0.0779	-0.0254	0.3860
827.00	41	-0.0933	-0.0114	0.4691
828.00	41	-0.1067	-0.0268	0.5010
829.00	41	-0.1184	-0.0216	0.5077
830.00	41	-0.0331	-0.0546	0.4686
831.00	41	-0.0331	-0.0546	0.4686
832.00	41	-0.0345	-0.0511	0.4246
833.00	41	-0.0349	-0.0484	0.3859
834.00	41	-0.0351	-0.0470	0.3598
835.00	41	-0.0356	-0.0444	0.3079
836.00	41	-0.0359	-0.0432	0.2791
837.00	41	-0.0367	-0.0413	0.2253
838.00	41	-0.0367	-0.0413	0.2253
839.00	41	-0.0414	-0.0415	0.1450
840.00	42	-0.3942	-1.2131	0.6153
841.00	42	-0.4682	-1.1877	0.8476
842.00	42	-0.4729	-1.3058	0.8537
843.00	42	-0.7797	-0.9795	0.7410
844.00	42	-0.8496	-0.6209	0.6971
845.00	42	-0.4073	-0.2980	0.5773
846.00	42	-0.0777	-0.0217	0.3915
847.00	42	-0.0933	-0.0114	0.4691
848.00	42	-0.1074	-0.0271	0.5012
849.00	42	-0.1185	-0.0219	0.5076
850.00	42	-0.0332	-0.0544	0.4667
851.00	42	-0.0337	-0.0534	0.4544
852.00	42	-0.0345	-0.0511	0.4246
853.00	42	-0.0349	-0.0482	0.3827
854.00	42	-0.0350	-0.0475	0.3698
855.00	42	-0.0355	-0.0450	0.3221
856.00	42	-0.0359	-0.0431	0.2755
857.00	42	-0.0359	-0.0431	0.2755
858.00	42	-0.0379	-0.0403	0.1891
859.00	42	-0.0414	-0.0415	0.1450
860.00	43	-0.3770	-1.2134	0.5034
861.00	43	-0.4705	-1.1896	0.8450
862.00	43	-0.4652	-1.3086	0.8519
863.00	43	-0.8009	-0.9535	0.7279
864.00	43	-0.8641	-0.6340	0.6973
865.00	43	-0.3852	-0.2823	0.5646
866.00	43	-0.0778	-0.0237	0.3884
867.00	43	-0.0930	-0.0107	0.4668
868.00	43	-0.1071	-0.0269	0.5011
869.00	43	-0.1184	-0.0217	0.5077
870.00	43	-0.0321	-0.0561	0.4840
871.00	43	-0.0343	-0.0517	0.4326
872.00	43	-0.0348	-0.0494	0.4014
873.00	43	-0.0347	-0.0497	0.4044
874.00	43	-0.0353	-0.0458	0.3394
875.00	43	-0.0353	-0.0453	0.3290
876.00	43	-0.0356	-0.0443	0.3043
877.00	43	-0.0363	-0.0420	0.2466
878.00	43	-0.0368	-0.0412	0.2219
879.00	43	-0.0414	-0.0415	0.1450
880.00	44	-0.3863	-1.2134	0.5679
881.00	44	-0.4701	-1.1893	0.8455
882.00	44	-0.4720	-1.3062	0.8536
883.00	44	-0.7970	-0.9582	0.7302
884.00	44	-0.8514	-0.6226	0.6970
885.00	44	-0.3608	-0.2649	0.5505
886.00	44	-0.0779	-0.0251	0.3865
887.00	44	-0.0932	-0.0109	0.4678
888.00	44	-0.1078	-0.0272	0.5014
889.00	44	-0.1185	-0.0217	0.5077
890.00	44	-0.0336	-0.0537	0.4588
891.00	44	-0.0343	-0.0515	0.4299
892.00	44	-0.0341	-0.0523	0.4403
893.00	44	-0.0350	-0.0480	0.3796
894.00	44	-0.0350	-0.0475	0.3698
895.00	44	-0.0356	-0.0444	0.3079
896.00	44	-0.0362	-0.0422	0.2538
897.00	44	-0.0367	-0.0413	0.2253
898.00	44	-0.0388	-0.0400	0.1711
899.00	44	-0.0414	-0.0415	0.1450
900.00	45	-0.3882	-1.2134	0.5801
901.00	45	-0.4688	-1.1882	0.8470
902.00	45	-0.4720	-1.3062	0.8536
903.00	45	-0.7816	-0.9771	0.7398
904.00	45	-0.8325	-0.6060	0.6967
905.00	45	-0.3926	-0.2875	0.5689
906.00	45	-0.0777	-0.0213	0.3920
907.00	45	-0.0933	-0.0114	0.4691
908.00	45	-0.1080	-0.0272	0.5014
909.00	45	-0.1186	-0.0220	0.5077
910.00	45	-0.0336	-0.0535	0.4566
911.00	45	-0.0344	-0.0513	0.4273
912.00	45	-0.0349	-0.0488	0.3922
913.00	45	-0.0349	-0.0488	0.3922
914.00	45	-0.0352	-0.0460	0.3429
915.00	45	-0.0359	-0.0434	0.2827
916.00	45	-0.0358	-0.0435	0.2863
917.00	45	-0.0361	-0.0425	0.2610
918.00	45	-0.0368	-0.0411	0.2185
919.00	45	-0.0414	-0.0415	0.1450
920.00	46	-0.3902	-1.2133	0.5921
921.00	46	-0.4685	-1.1880	0.8473
922.00	46	-0.4810	-1.3018	0.8552
923.00	46	-0.8087	-0.9441	0.7230
924.00	46	-0.8459	-0.6176	0.6970
925.00	46	-0.3582	-0.2632	0.5491
926.00	46	-0.0778	-0.0233	0.3889
927.00	46	-0.0933	-0.0116	0.4700
928.00	46	-0.1095	-0.0277	0.5017
929.00	46	-0.1184	-0.0217	0.5077
930.00	46	-0.0325	-0.0555	0.4785
931.00	46	-0.0346	-0.0505	0.4162
932.00	46	-0.0348	-0.0492	0.3984
933.00	46	-0.0350	-0.0480	0.3796
934.00	46	-0.0351	-0.0472	0.3631
935.00	46	-0.0358	-0.0436	0.2900
936.00	46	-0.0362	-0.0424	0.2574
937.00	46	-0.0366	-0.0414	0.2288
938.00	46	-0.0370	-0.0409	0.2118
939.00	46	-0.0414	-0.0415	0.1450
940.00	47	-0.3962	-1.2130	0.6265
941.00	47	-0.4695	-1.1889	0.8462
942.00	47	-0.4769	-1.3039	0.8545
943.00	47	-0.7855	-0.9723	0.7375
944.00	47	-0.8226	-0.5977	0.6963
945.00	47	-0.3705	-0.2719	0.5561
946.00	47	-0.0777	-0.0227	0.3899
947.00	47	-0.0932	-0.0112	0.4686
948.00	47	-0.1077	-0.0271	0.5013
949.00	47	-0.1186	-0.0220	0.5077
950.00	47	-0.0336	-0.0537	0.4588
951.00	47	-0.0341	-0.0523	0.4403
952.00	47	-0.0346	-0.0503	0.4133
953.00	47	-0.0352	-0.0460	0.3429
954.00	47	-0.0351	-0.0472	0.3631
955.00	47	-0.0355	-0.0447	0.3150
956.00	47	-0.0357	-0.0439	0.2972
957.00	47	-0.0362	-0.0422	0.2538
958.00	47	-0.0369	-0.0409	0.2151
959.00	47	-0.0414	-0.0415	0.1450
960.00	48	-0.3932	-1.2131	0.6096
961.00	48	-0.4704	-1.1895	0.8452
962.00	48	-0.4675	-1.3079	0.8525
963.00	48	-0.7912	-0.9653	0.7338
964.00	48	-0.8344	-0.6077	0.6967
965.00	48	-0.3877	-0.2841	0.5660
966.00	48	-0.0777	-0.0223	0.3904
967.00	48	-0.0932	-0.0109	0.4678
968.00	48	-0.1078	-0.0272	0.5014
969.00	48	-0.1186	-0.0220	0.5077
970.00	48	-0.0329	-0.0551	0.4738
971.00	48	-0.0345	-0.0509	0.4218
972.00	48	-0.0349	-0.0482	0.3827
973.00	48	-0.0348	-0.0494	0.4014
974.00	48	-0.0356	-0.0443	0.3043
975.00	48	-0.0356	-0.0444	0.3079
976.00	48	-0.0359	-0.0432	0.2791
977.00	48	-0.0367	-0.0413	0.2253
978.00	48	-0.0369	-0.0409	0.2151
979.00	48	-0.0414	-0.0415	0.1450
980.00	49	-0.3902	-1.2133	0.5921
981.00	49	-0.4699	-1.1892	0.8457
982.00	49	-0.4684	-1.3076	0.8528
983.00	49	-0.8106	-0.9418	0.7218
984.00	49	-0.8344	-0.6077	0.6967
985.00	49	-0.3729	-0.2736	0.5576
986.00	49	-0.0778	-0.0196	0.3953
987.00	49	-0.0932	-0.0110	0.4679
988.00	49	-0.1101	-0.0279	0.5019
989.00	49	-0.1186	-0.0217	0.5077
990.00	49	-0.0336	-0.0535	0.4566
991.00	49	-0.0346	-0.0507	0.4190
992.00	49	-0.0345	-0.0511	0.4246
993.00	49	-0.0349	-0.0488	0.3922
994.00	49	-0.0356	-0.0444	0.3079
995.00	49	-0.0355	-0.0448	0.3186
996.00	49	-0.0365	-0.0416	0.2360
997.00	49	-0.0369	-0.0409	0.2151
998.00	49	-0.0379	-0.0403	0.1891
999.00	49	-0.0414	-0.0415	0.1450
