0.00	0	-0.5080	-1.2937	0.5850
1.00	0	-0.5148	-1.2473	0.8108
2.00	0	-0.3905	-1.1352	0.8182
3.00	0	-0.1118	-0.7865	0.8120
4.00	0	-0.1388	-0.7041	0.8165
5.00	0	-0.0863	-0.2420	0.6923
6.00	0	-0.0661	-0.1311	0.4478
7.00	0	-0.0807	-0.0642	0.4693
8.00	0	-0.0898	-0.0592	0.5074
9.00	0	-0.0776	-0.0635	0.5118
10.00	0	-0.0771	-0.0628	0.5085
11.00	0	-0.0768	-0.0623	0.5047
12.00	0	-0.0764	-0.0616	0.4960
13.00	0	-0.0759	-0.0606	0.4800
14.00	0	-0.0753	-0.0597	0.4596
15.00	0	-0.0753	-0.0596	0.4572
16.00	0	-0.0743	-0.0576	0.4142
17.00	0	-0.0744	-0.0578	0.4172
18.00	0	-0.0730	-0.0557	0.3661
19.00	0	-0.0585	-0.0609	0.1449
20.00	1	-0.5073	-1.2937	0.5678
21.00	1	-0.5148	-1.2473	0.8108
22.00	1	-0.3952	-1.1395	0.8177
23.00	1	-0.1108	-0.7844	0.8116
24.00	1	-0.1388	-0.7041	0.8165
25.00	1	-0.0846	-0.2306	0.6848
26.00	1	-0.0661	-0.1302	0.4488
27.00	1	-0.0809	-0.0638	0.4695
28.00	1	-0.0898	-0.0592	0.5074
29.00	1	-0.0771	-0.0627	0.5079
30.00	1	-0.0771	-0.0627	0.5079
31.00	1	-0.0768	-0.0623	0.5047
32.00	1	-0.0763	-0.0614	0.4936
33.00	1	-0.0761	-0.0611	0.4881
34.00	1	-0.0755	-0.0600	0.4663
35.00	1	-0.0753	-0.0596	0.4572
36.00	1	-0.0748	-0.0587	0.4370
37.00	1	-0.0744	-0.0578	0.4172
38.00	1	-0.0728	-0.0555	0.3594
39.00	1	-0.0585	-0.0609	0.1449
40.00	2	-0.5090	-1.2934	0.6071
41.00	2	-0.5149	-1.2471	0.8095
42.00	2	-0.3921	-1.1366	0.8180
43.00	2	-0.1143	-0.7911	0.8126
44.00	2	-0.1388	-0.7041	0.8165
45.00	2	-0.0833	-0.2218	0.6787
46.00	2	-0.0660	-0.1319	0.4470
47.00	2	-0.0824	-0.0608	0.4715
48.00	2	-0.0898	-0.0592	0.5074
49.00	2	-0.0773	-0.0630	0.5103
50.00	2	-0.0772	-0.0630	0.5094
51.00	2	-0.0768	-0.0623	0.5047
52.00	2	-0.0764	-0.0616	0.4972
53.00	2	-0.0756	-0.0602	0.4705
54.00	2	-0.0755	-0.0600	0.4663
55.00	2	-0.0747	-0.0584	0.4316
56.00	2	-0.0748	-0.0587	0.4370
57.00	2	-0.0736	-0.0565	0.3861
58.00	2	-0.0738	-0.0567	0.3925
59.00	2	-0.0585	-0.0609	0.1449
60.00	3	-0.5073	-1.2937	0.5678
61.00	3	-0.5148	-1.2470	0.8082
62.00	3	-0.3998	-1.1438	0.8172
63.00	3	-0.1151	-0.7925	0.8127
64.00	3	-0.1388	-0.7041	0.8165
65.00	3	-0.0863	-0.2420	0.6923
66.00	3	-0.0660	-0.1319	0.4470
67.00	3	-0.0813	-0.0629	0.4701
68.00	3	-0.0897	-0.0596	0.5076
69.00	3	-0.0776	-0.0635	0.5118
70.00	3	-0.0766	-0.0620	0.5013
71.00	3	-0.0767	-0.0620	0.5022
72.00	3	-0.0762	-0.0612	0.4910
73.00	3	-0.0761	-0.0611	0.4881
74.00	3	-0.0752	-0.0593	0.4525
75.00	3	-0.0748	-0.0587	0.4370
76.00	3	-0.0748	-0.0587	0.4370
77.00	3	-0.0738	-0.0567	0.3925
78.00	3	-0.0738	-0.0567	0.3925
79.00	3	-0.0585	-0.0609	0.1449
80.00	4	-0.5102	-1.2931	0.6331
81.00	4	-0.5148	-1.2473	0.8108
82.00	4	-0.3998	-1.1438	0.8172
83.00	4	-0.1143	-0.7911	0.8126
84.00	4	-0.1388	-0.7041	0.8165
85.00	4	-0.0863	-0.2420	0.6923
86.00	4	-0.0661	-0.1311	0.4478
87.00	4	-0.0824	-0.0608	0.4715
88.00	4	-0.0898	-0.0592	0.5074
89.00	4	-0.0771	-0.0626	0.5074
90.00	4	-0.0771	-0.0628	0.5085
91.00	4	-0.0764	-0.0616	0.4972
92.00	4	-0.0760	-0.0610	0.4866
93.00	4	-0.0761	-0.0611	0.4881
94.00	4	-0.0756	-0.0601	0.4684
95.00	4	-0.0750	-0.0589	0.4424
96.00	4	-0.0741	-0.0572	0.4052
97.00	4	-0.0737	-0.0566	0.3893
98.00	4	-0.0734	-0.0561	0.3763
99.00	4	-0.0585	-0.0609	0.1449
100.00	5	-0.5073	-1.2937	0.5678
101.00	5	-0.5148	-1.2470	0.8084
102.00	5	-0.3889	-1.1337	0.8183
103.00	5	-0.1118	-0.7865	0.8120
104.00	5	-0.1389	-0.7009	0.8169
105.00	5	-0.0853	-0.2351	0.6878
106.00	5	-0.0661	-0.1302	0.4488
107.00	5	-0.0809	-0.0638	0.4695
108.00	5	-0.0895	-0.0603	0.5080
109.00	5	-0.0776	-0.0635	0.5118
110.00	5	-0.0772	-0.0630	0.5094
111.00	5	-0.0767	-0.0620	0.5022
112.00	5	-0.0760	-0.0610	0.4866
113.00	5	-0.0761	-0.0611	0.4881
114.00	5	-0.0756	-0.0601	0.4684
115.00	5	-0.0752	-0.0595	0.4549
116.00	5	-0.0746	-0.0581	0.4260
117.00	5	-0.0741	-0.0571	0.4021
118.00	5	-0.0734	-0.0562	0.3796
119.00	5	-0.0585	-0.0609	0.1449
120.00	6	-0.5102	-1.2931	0.6331
121.00	6	-0.5148	-1.2470	0.8075
122.00	6	-0.3874	-1.1323	0.8186
123.00	6	-0.1143	-0.7911	0.8126
124.00	6	-0.1388	-0.7041	0.8165
125.00	6	-0.0863	-0.2420	0.6923
126.00	6	-0.0660	-0.1339	0.4454
127.00	6	-0.0812	-0.0633	0.4699
128.00	6	-0.0895	-0.0604	0.5080
129.00	6	-0.0776	-0.0635	0.5118
130.00	6	-0.0768	-0.0623	0.5047
131.00	6	-0.0768	-0.0623	0.5047
132.00	6	-0.0760	-0.0608	0.4834
133.00	6	-0.0759	-0.0608	0.4817
134.00	6	-0.0756	-0.0603	0.4724
135.00	6	-0.0749	-0.0588	0.4397
136.00	6	-0.0745	-0.0579	0.4202
137.00	6	-0.0735	-0.0563	0.3829
138.00	6	-0.0732	-0.0559	0.3695
139.00	6	-0.0585	-0.0609	0.1449
140.00	7	-0.5073	-1.2937	0.5678
141.00	7	-0.5148	-1.2470	0.8075
142.00	7	-0.3998	-1.1438	0.8172
143.00	7	-0.1151	-0.7925	0.8127
144.00	7	-0.1393	-0.6908	0.8181
145.00	7	-0.0825	-0.2153	0.6742
146.00	7	-0.0660	-0.1319	0.4470
147.00	7	-0.0806	-0.0647	0.4691
148.00	7	-0.0898	-0.0592	0.5074
149.00	7	-0.0773	-0.0630	0.5103
150.00	7	-0.0769	-0.0624	0.5061
151.00	7	-0.0761	-0.0611	0.4881
152.00	7	-0.0760	-0.0609	0.4850
153.00	7	-0.0760	-0.0608	0.4834
154.00	7	-0.0755	-0.0600	0.4663
155.00	7	-0.0746	-0.0580	0.4231
156.00	7	-0.0743	-0.0576	0.4142
157.00	7	-0.0744	-0.0578	0.4172
158.00	7	-0.0725	-0.0551	0.3490
159.00	7	-0.0585	-0.0609	0.1449
160.00	8	-0.5090	-1.2934	0.6071
161.00	8	-0.5148	-1.2471	0.8091
162.00	8	-0.3889	-1.1337	0.8183
163.00	8	-0.1085	-0.7786	0.8106
164.00	8	-0.1388	-0.7041	0.8165
165.00	8	-0.0839	-0.2262	0.6817
166.00	8	-0.0661	-0.1302	0.4488
167.00	8	-0.0806	-0.0647	0.4691
168.00	8	-0.0898	-0.0592	0.5074
169.00	8	-0.0776	-0.0635	0.5118
170.00	8	-0.0765	-0.0617	0.4983
171.00	8	-0.0765	-0.0617	0.4983
172.00	8	-0.0763	-0.0614	0.4936
173.00	8	-0.0759	-0.0608	0.4817
174.00	8	-0.0756	-0.0603	0.4724
175.00	8	-0.0743	-0.0575	0.4112
176.00	8	-0.0744	-0.0578	0.4172
177.00	8	-0.0736	-0.0565	0.3861
178.00	8	-0.0738	-0.0567	0.3925
179.00	8	-0.0585	-0.0609	0.1449
180.00	9	-0.5087	-1.2935	0.6016
181.00	9	-0.5148	-1.2470	0.8068
182.00	9	-0.3714	-1.1172	0.8200
183.00	9	-0.1151	-0.7925	0.8127
184.00	9	-0.1392	-0.6942	0.8177
185.00	9	-0.0825	-0.2153	0.6742
186.00	9	-0.0661	-0.1313	0.4476
187.00	9	-0.0824	-0.0608	0.4715
188.00	9	-0.0898	-0.0597	0.5077
189.00	9	-0.0775	-0.0634	0.5115
190.00	9	-0.0770	-0.0625	0.5068
191.00	9	-0.0763	-0.0614	0.4936
192.00	9	-0.0758	-0.0606	0.4782
193.00	9	-0.0754	-0.0598	0.4619
194.00	9	-0.0757	-0.0604	0.4744
195.00	9	-0.0752	-0.0595	0.4549
196.00	9	-0.0744	-0.0578	0.4172
197.00	9	-0.0738	-0.0567	0.3925
198.00	9	-0.0732	-0.0559	0.3695
199.00	9	-0.0585	-0.0609	0.1449
200.00	10	-0.5086	-1.2935	0.5962
201.00	10	-0.5148	-1.2471	0.8091
202.00	10	-0.3842	-1.1293	0.8189
203.00	10	-0.1081	-0.7777	0.8104
204.00	10	-0.1395	-0.6729	0.8197
205.00	10	-0.0836	-0.2240	0.6802
206.00	10	-0.0660	-0.1319	0.4470
207.00	10	-0.0824	-0.0608	0.4715
208.00	10	-0.0895	-0.0602	0.5079
209.00	10	-0.0771	-0.0627	0.5079
210.00	10	-0.0769	-0.0623	0.5054
211.00	10	-0.0762	-0.0612	0.4895
212.00	10	-0.0756	-0.0603	0.4724
213.00	10	-0.0752	-0.0595	0.4549
214.00	10	-0.0756	-0.0601	0.4684
215.00	10	-0.0743	-0.0576	0.4142
216.00	10	-0.0747	-0.0583	0.4288
217.00	10	-0.0743	-0.0576	0.4142
218.00	10	-0.0726	-0.0552	0.3525
219.00	10	-0.0585	-0.0609	0.1449
220.00	11	-0.5099	-1.2932	0.6281
221.00	11	-0.5148	-1.2472	0.8104
222.00	11	-0.3952	-1.1395	0.8177
223.00	11	-0.1143	-0.7911	0.8126
224.00	11	-0.1392	-0.6925	0.8179
225.00	11	-0.0850	-0.2328	0.6863
226.00	11	-0.0661	-0.1305	0.4485
227.00	11	-0.0841	-0.0582	0.4738
228.00	11	-0.0896	-0.0600	0.5078
229.00	11	-0.0775	-0.0633	0.5113
230.00	11	-0.0765	-0.0617	0.4983
231.00	11	-0.0764	-0.0615	0.4948
232.00	11	-0.0764	-0.0615	0.4948
233.00	11	-0.0752	-0.0595	0.4549
234.00	11	-0.0747	-0.0583	0.4288
235.00	11	-0.0751	-0.0591	0.4476
236.00	11	-0.0744	-0.0578	0.4172
237.00	11	-0.0742	-0.0574	0.4082
238.00	11	-0.0721	-0.0547	0.3384
239.00	11	-0.0585	-0.0609	0.1449
240.00	12	-0.5119	-1.2916	0.6756
241.00	12	-0.5148	-1.2470	0.8068
242.00	12	-0.3730	-1.1187	0.8198
243.00	12	-0.1074	-0.7759	0.8099
244.00	12	-0.1394	-0.6802	0.8191
245.00	12	-0.0800	-0.1988	0.6620
246.00	12	-0.0660	-0.1348	0.4448
247.00	12	-0.0820	-0.0615	0.4710
248.00	12	-0.0898	-0.0594	0.5075
249.00	12	-0.0770	-0.0625	0.5068
250.00	12	-0.0766	-0.0618	0.5003
251.00	12	-0.0762	-0.0612	0.4895
252.00	12	-0.0757	-0.0604	0.4744
253.00	12	-0.0752	-0.0592	0.4500
254.00	12	-0.0751	-0.0591	0.4476
255.00	12	-0.0750	-0.0589	0.4424
256.00	12	-0.0744	-0.0578	0.4172
257.00	12	-0.0732	-0.0559	0.3695
258.00	12	-0.0721	-0.0547	0.3384
259.00	12	-0.0585	-0.0609	0.1449
260.00	13	-0.5080	-1.2937	0.5850
261.00	13	-0.5149	-1.2469	0.8066
262.00	13	-0.3697	-1.1156	0.8201
263.00	13	-0.1071	-0.7750	0.8098
264.00	13	-0.1391	-0.6976	0.8174
265.00	13	-0.0846	-0.2306	0.6848
266.00	13	-0.0660	-0.1359	0.4443
267.00	13	-0.0813	-0.0629	0.4701
268.00	13	-0.0897	-0.0598	0.5077
269.00	13	-0.0766	-0.0618	0.5003
270.00	13	-0.0771	-0.0627	0.5079
271.00	13	-0.0764	-0.0616	0.4960
272.00	13	-0.0756	-0.0601	0.4684
273.00	13	-0.0751	-0.0591	0.4476
274.00	13	-0.0754	-0.0598	0.4619
275.00	13	-0.0747	-0.0584	0.4316
276.00	13	-0.0745	-0.0579	0.4202
277.00	13	-0.0726	-0.0552	0.3525
278.00	13	-0.0719	-0.0545	0.3313
279.00	13	-0.0585	-0.0609	0.1449
280.00	14	-0.5115	-1.2920	0.6667
281.00	14	-0.5148	-1.2470	0.8073
282.00	14	-0.3649	-1.1110	0.8204
283.00	14	-0.1078	-0.7768	0.8102
284.00	14	-0.1395	-0.6654	0.8202
285.00	14	-0.0791	-0.1930	0.6573
286.00	14	-0.0660	-0.1342	0.4452
287.00	14	-0.0824	-0.0608	0.4715
288.00	14	-0.0895	-0.0604	0.5080
289.00	14	-0.0772	-0.0630	0.5094
290.00	14	-0.0762	-0.0612	0.4910
291.00	14	-0.0763	-0.0614	0.4936
292.00	14	-0.0753	-0.0597	0.4596
293.00	14	-0.0751	-0.0591	0.4476
294.00	14	-0.0750	-0.0589	0.4424
295.00	14	-0.0740	-0.0569	0.3989
296.00	14	-0.0741	-0.0571	0.4021
297.00	14	-0.0741	-0.0572	0.4052
298.00	14	-0.0730	-0.0557	0.3661
299.00	14	-0.0585	-0.0609	0.1449
300.00	15	-0.5118	-1.2918	0.6712
301.00	15	-0.5149	-1.2470	0.8059
302.00	15	-0.3826	-1.1278	0.8190
303.00	15	-0.1055	-0.7702	0.8087
304.00	15	-0.1395	-0.6673	0.8201
305.00	15	-0.0809	-0.2049	0.6665
306.00	15	-0.0660	-0.1365	0.4440
307.00	15	-0.0816	-0.0622	0.4706
308.00	15	-0.0895	-0.0603	0.5080
309.00	15	-0.0768	-0.0622	0.5039
310.00	15	-0.0764	-0.0616	0.4960
311.00	15	-0.0756	-0.0603	0.4724
312.00	15	-0.0756	-0.0602	0.4705
313.00	15	-0.0758	-0.0605	0.4764
314.00	15	-0.0746	-0.0581	0.4260
315.00	15	-0.0744	-0.0578	0.4172
316.00	15	-0.0740	-0.0569	0.3989
317.00	15	-0.0741	-0.0571	0.4021
318.00	15	-0.0729	-0.0556	0.3627
319.00	15	-0.0585	-0.0609	0.1449
320.00	16	-0.5123	-1.2913	0.6843
321.00	16	-0.5149	-1.2470	0.8057
322.00	16	-0.3826	-1.1278	0.8190
323.00	16	-0.1071	-0.7750	0.8098
324.00	16	-0.1393	-0.6873	0.8184
325.00	16	-0.0836	-0.2240	0.6802
326.00	16	-0.0660	-0.1354	0.4445
327.00	16	-0.0847	-0.0572	0.4747
328.00	16	-0.0897	-0.0598	0.5077
329.00	16	-0.0769	-0.0623	0.5054
330.00	16	-0.0760	-0.0610	0.4866
331.00	16	-0.0765	-0.0618	0.4994
332.00	16	-0.0762	-0.0612	0.4895
333.00	16	-0.0748	-0.0586	0.4343
334.00	16	-0.0745	-0.0579	0.4202
335.00	16	-0.0743	-0.0575	0.4112
336.00	16	-0.0732	-0.0560	0.3729
337.00	16	-0.0724	-0.0550	0.3455
338.00	16	-0.0720	-0.0546	0.3349
339.00	16	-0.0585	-0.0609	0.1449
340.00	17	-0.5108	-1.2926	0.6480
341.00	17	-0.5148	-1.2470	0.8073
342.00	17	-0.3889	-1.1337	0.8183
343.00	17	-0.1081	-0.7777	0.8104
344.00	17	-0.1394	-0.6784	0.8192
345.00	17	-0.0828	-0.2174	0.6757
346.00	17	-0.0660	-0.1328	0.4462
347.00	17	-0.0828	-0.0601	0.4721
348.00	17	-0.0892	-0.0613	0.5085
349.00	17	-0.0772	-0.0630	0.5094
350.00	17	-0.0767	-0.0620	0.5022
351.00	17	-0.0758	-0.0606	0.4782
352.00	17	-0.0755	-0.0600	0.4663
353.00	17	-0.0756	-0.0601	0.4684
354.00	17	-0.0743	-0.0576	0.4142
355.00	17	-0.0735	-0.0563	0.3829
356.00	17	-0.0728	-0.0555	0.3594
357.00	17	-0.0726	-0.0552	0.3525
358.00	17	-0.0721	-0.0547	0.3384
359.00	17	-0.0585	-0.0609	0.1449
360.00	18	-0.5110	-1.2925	0.6527
361.00	18	-0.5148	-1.2470	0.8068
362.00	18	-0.3697	-1.1156	0.8201
363.00	18	-0.1100	-0.7824	0.8113
364.00	18	-0.1395	-0.6729	0.8197
365.00	18	-0.0836	-0.2240	0.6802
366.00	18	-0.0660	-0.1365	0.4440
367.00	18	-0.0828	-0.0601	0.4721
368.00	18	-0.0895	-0.0604	0.5080
369.00	18	-0.0771	-0.0627	0.5079
370.00	18	-0.0766	-0.0620	0.5013
371.00	18	-0.0757	-0.0604	0.4744
372.00	18	-0.0756	-0.0603	0.4724
373.00	18	-0.0751	-0.0591	0.4476
374.00	18	-0.0741	-0.0572	0.4052
375.00	18	-0.0737	-0.0566	0.3893
376.00	18	-0.0742	-0.0574	0.4082
377.00	18	-0.0717	-0.0544	0.3278
378.00	18	-0.0713	-0.0540	0.3169
379.00	18	-0.0585	-0.0609	0.1449
380.00	19	-0.5099	-1.2932	0.6281
381.00	19	-0.5149	-1.2470	0.8057
382.00	19	-0.3682	-1.1141	0.8202
383.00	19	-0.1060	-0.7717	0.8090
384.00	19	-0.1394	-0.6838	0.8188
385.00	19	-0.0828	-0.2174	0.6757
386.00	19	-0.0660	-0.1368	0.4438
387.00	19	-0.0841	-0.0582	0.4738
388.00	19	-0.0896	-0.0600	0.5078
389.00	19	-0.0768	-0.0622	0.5039
390.00	19	-0.0760	-0.0608	0.4834
391.00	19	-0.0756	-0.0601	0.4684
392.00	19	-0.0758	-0.0606	0.4782
393.00	19	-0.0751	-0.0591	0.4476
394.00	19	-0.0750	-0.0590	0.4450
395.00	19	-0.0734	-0.0562	0.3796
396.00	19	-0.0728	-0.0555	0.3594
397.00	19	-0.0720	-0.0546	0.3349
398.00	19	-0.0715	-0.0541	0.3206
399.00	19	-0.0585	-0.0609	0.1449
400.00	20	-0.5106	-1.2928	0.6431
401.00	20	-0.5148	-1.2470	0.8087
402.00	20	-0.3682	-1.1141	0.8202
403.00	20	-0.1071	-0.7750	0.8098
404.00	20	-0.1393	-0.6578	0.8206
405.00	20	-0.0786	-0.1891	0.6543
406.00	20	-0.0660	-0.1379	0.4435
407.00	20	-0.0841	-0.0582	0.4738
408.00	20	-0.0893	-0.0610	0.5084
409.00	20	-0.0764	-0.0615	0.4948
410.00	20	-0.0762	-0.0612	0.4910
411.00	20	-0.0763	-0.0614	0.4936
412.00	20	-0.0755	-0.0598	0.4641
413.00	20	-0.0749	-0.0588	0.4397
414.00	20	-0.0743	-0.0575	0.4112
415.00	20	-0.0746	-0.0580	0.4231
416.00	20	-0.0739	-0.0568	0.3957
417.00	20	-0.0722	-0.0548	0.3419
418.00	20	-0.0703	-0.0534	0.2913
419.00	20	-0.0585	-0.0609	0.1449
420.00	21	-0.5114	-1.2921	0.6621
421.00	21	-0.5149	-1.2470	0.8059
422.00	21	-0.3697	-1.1156	0.8201
423.00	21	-0.1074	-0.7759	0.8099
424.00	21	-0.1394	-0.6820	0.8189
425.00	21	-0.0773	-0.1798	0.6467
426.00	21	-0.0660	-0.1357	0.4444
427.00	21	-0.0858	-0.0557	0.4766
428.00	21	-0.0895	-0.0604	0.5080
429.00	21	-0.0763	-0.0614	0.4936
430.00	21	-0.0758	-0.0606	0.4782
431.00	21	-0.0763	-0.0613	0.4923
432.00	21	-0.0750	-0.0589	0.4424
433.00	21	-0.0751	-0.0591	0.4476
434.00	21	-0.0739	-0.0568	0.3957
435.00	21	-0.0734	-0.0562	0.3796
436.00	21	-0.0741	-0.0571	0.4021
437.00	21	-0.0715	-0.0541	0.3206
438.00	21	-0.0722	-0.0548	0.3419
439.00	21	-0.0585	-0.0609	0.1449
440.00	22	-0.5132	-1.2906	0.7046
441.00	22	-0.5148	-1.2470	0.8077
442.00	22	-0.3599	-1.1062	0.8208
443.00	22	-0.1047	-0.7665	0.8076
444.00	22	-0.1394	-0.6766	0.8194
445.00	22	-0.0795	-0.1949	0.6589
446.00	22	-0.0659	-0.1351	0.4446
447.00	22	-0.0828	-0.0601	0.4721
448.00	22	-0.0890	-0.0619	0.5088
449.00	22	-0.0769	-0.0624	0.5061
450.00	22	-0.0759	-0.0606	0.4800
451.00	22	-0.0758	-0.0606	0.4782
452.00	22	-0.0755	-0.0600	0.4663
453.00	22	-0.0755	-0.0600	0.4663
454.00	22	-0.0743	-0.0576	0.4142
455.00	22	-0.0738	-0.0567	0.3925
456.00	22	-0.0734	-0.0561	0.3763
457.00	22	-0.0717	-0.0544	0.3278
458.00	22	-0.0701	-0.0533	0.2876
459.00	22	-0.0585	-0.0609	0.1449
460.00	23	-0.5108	-1.2926	0.6480
461.00	23	-0.5148	-1.2470	0.8068
462.00	23	-0.3599	-1.1062	0.8208
463.00	23	-0.1071	-0.7750	0.8098
464.00	23	-0.1393	-0.6557	0.8207
465.00	23	-0.0789	-0.1911	0.6558
466.00	23	-0.0660	-0.1376	0.4436
467.00	23	-0.0835	-0.0590	0.4730
468.00	23	-0.0892	-0.0612	0.5085
469.00	23	-0.0760	-0.0609	0.4850
470.00	23	-0.0765	-0.0617	0.4983
471.00	23	-0.0757	-0.0604	0.4744
472.00	23	-0.0748	-0.0586	0.4343
473.00	23	-0.0754	-0.0598	0.4619
474.00	23	-0.0747	-0.0584	0.4316
475.00	23	-0.0739	-0.0568	0.3957
476.00	23	-0.0726	-0.0552	0.3525
477.00	23	-0.0725	-0.0551	0.3490
478.00	23	-0.0709	-0.0538	0.3060
479.00	23	-0.0585	-0.0609	0.1449
480.00	24	-0.5114	-1.2921	0.6621
481.00	24	-0.5148	-1.2470	0.8077
482.00	24	-0.3649	-1.1110	0.8204
483.00	24	-0.1049	-0.7676	0.8080
484.00	24	-0.1395	-0.6729	0.8197
485.00	24	-0.0809	-0.2049	0.6665
486.00	24	-0.0660	-0.1379	0.4435
487.00	24	-0.0855	-0.0561	0.4761
488.00	24	-0.0895	-0.0604	0.5080
489.00	24	-0.0760	-0.0608	0.4834
490.00	24	-0.0765	-0.0618	0.4994
491.00	24	-0.0756	-0.0602	0.4705
492.00	24	-0.0751	-0.0591	0.4476
493.00	24	-0.0744	-0.0578	0.4172
494.00	24	-0.0737	-0.0566	0.3893
495.00	24	-0.0729	-0.0556	0.3627
496.00	24	-0.0735	-0.0563	0.3829
497.00	24	-0.0724	-0.0550	0.3455
498.00	24	-0.0706	-0.0536	0.2987
499.00	24	-0.0585	-0.0609	0.1449
500.00	25	-0.5110	-1.2925	0.6527
501.00	25	-0.5150	-1.2476	0.8035
502.00	25	-0.3682	-1.1141	0.8202
503.00	25	-0.1074	-0.7759	0.8099
504.00	25	-0.1394	-0.6784	0.8192
505.00	25	-0.0795	-0.1949	0.6589
506.00	25	-0.0660	-0.1345	0.4450
507.00	25	-0.0835	-0.0590	0.4730
508.00	25	-0.0894	-0.0605	0.5081
509.00	25	-0.0763	-0.0614	0.4936
510.00	25	-0.0756	-0.0603	0.4724
511.00	25	-0.0753	-0.0597	0.4596
512.00	25	-0.0753	-0.0596	0.4572
513.00	25	-0.0750	-0.0589	0.4424
514.00	25	-0.0748	-0.0586	0.4343
515.00	25	-0.0743	-0.0575	0.4112
516.00	25	-0.0727	-0.0553	0.3560
517.00	25	-0.0724	-0.0550	0.3455
518.00	25	-0.0700	-0.0533	0.2839
519.00	25	-0.0585	-0.0609	0.1449
520.00	26	-0.5133	-1.2905	0.7084
521.00	26	-0.5150	-1.2474	0.8041
522.00	26	-0.3500	-1.0965	0.8214
523.00	26	-0.1048	-0.7644	0.8068
524.00	26	-0.1390	-0.6458	0.8211
525.00	26	-0.0791	-0.1930	0.6573
526.00	26	-0.0660	-0.1384	0.4434
527.00	26	-0.0862	-0.0552	0.4774
528.00	26	-0.0890	-0.0619	0.5088
529.00	26	-0.0759	-0.0606	0.4800
530.00	26	-0.0760	-0.0608	0.4834
531.00	26	-0.0751	-0.0591	0.4476
532.00	26	-0.0746	-0.0581	0.4260
533.00	26	-0.0745	-0.0579	0.4202
534.00	26	-0.0747	-0.0583	0.4288
535.00	26	-0.0735	-0.0563	0.3829
536.00	26	-0.0732	-0.0560	0.3729
537.00	26	-0.0719	-0.0545	0.3313
538.00	26	-0.0703	-0.0534	0.2913
539.00	26	-0.0585	-0.0609	0.1449
540.00	27	-0.5128	-1.2909	0.6967
541.00	27	-0.5148	-1.2470	0.8068
542.00	27	-0.3567	-1.1030	0.8210
543.00	27	-0.1050	-0.7682	0.8081
544.00	27	-0.1393	-0.6578	0.8206
545.00	27	-0.0773	-0.1798	0.6467
546.00	27	-0.0659	-0.1351	0.4446
547.00	27	-0.0846	-0.0575	0.4745
548.00	27	-0.0887	-0.0624	0.5091
549.00	27	-0.0765	-0.0618	0.4994
550.00	27	-0.0760	-0.0608	0.4834
551.00	27	-0.0752	-0.0595	0.4549
552.00	27	-0.0751	-0.0591	0.4476
553.00	27	-0.0743	-0.0575	0.4112
554.00	27	-0.0734	-0.0562	0.3796
555.00	27	-0.0735	-0.0563	0.3829
556.00	27	-0.0721	-0.0547	0.3384
557.00	27	-0.0726	-0.0552	0.3525
558.00	27	-0.0720	-0.0546	0.3349
559.00	27	-0.0585	-0.0609	0.1449
560.00	28	-0.5130	-1.2908	0.7007
561.00	28	-0.5149	-1.2471	0.8055
562.00	28	-0.3401	-1.0865	0.8218
563.00	28	-0.1048	-0.7644	0.8068
564.00	28	-0.1395	-0.6692	0.8199
565.00	28	-0.0786	-0.1891	0.6543
566.00	28	-0.0660	-0.1365	0.4440
567.00	28	-0.0844	-0.0577	0.4743
568.00	28	-0.0889	-0.0621	0.5090
569.00	28	-0.0762	-0.0612	0.4910
570.00	28	-0.0755	-0.0600	0.4663
571.00	28	-0.0759	-0.0606	0.4800
572.00	28	-0.0747	-0.0583	0.4288
573.00	28	-0.0743	-0.0575	0.4112
574.00	28	-0.0743	-0.0576	0.4142
575.00	28	-0.0739	-0.0568	0.3957
576.00	28	-0.0734	-0.0561	0.3763
577.00	28	-0.0720	-0.0546	0.3349
578.00	28	-0.0703	-0.0534	0.2913
579.00	28	-0.0585	-0.0609	0.1449
580.00	29	-0.5128	-1.2909	0.6967
581.00	29	-0.5149	-1.2469	0.8064
582.00	29	-0.3401	-1.0865	0.8218
583.00	29	-0.1048	-0.7670	0.8078
584.00	29	-0.1394	-0.6616	0.8203
585.00	29	-0.0752	-0.1659	0.6345
586.00	29	-0.0660	-0.1392	0.4431
587.00	29	-0.0868	-0.0544	0.4786
588.00	29	-0.0889	-0.0620	0.5089
589.00	29	-0.0763	-0.0614	0.4936
590.00	29	-0.0759	-0.0608	0.4817
591.00	29	-0.0753	-0.0596	0.4572
592.00	29	-0.0753	-0.0597	0.4596
593.00	29	-0.0746	-0.0581	0.4260
594.00	29	-0.0741	-0.0572	0.4052
595.00	29	-0.0737	-0.0566	0.3893
596.00	29	-0.0713	-0.0540	0.3169
597.00	29	-0.0715	-0.0541	0.3206
598.00	29	-0.0692	-0.0529	0.2656
599.00	29	-0.0585	-0.0609	0.1449
600.00	30	-0.5130	-1.2908	0.7007
601.00	30	-0.5150	-1.2479	0.8027
602.00	30	-0.3368	-1.0831	0.8220
603.00	30	-0.1057	-0.7709	0.8089
604.00	30	-0.1393	-0.6578	0.8206
605.00	30	-0.0773	-0.1798	0.6467
606.00	30	-0.0660	-0.1381	0.4435
607.00	30	-0.0844	-0.0577	0.4743
608.00	30	-0.0891	-0.0616	0.5086
609.00	30	-0.0765	-0.0617	0.4983
610.00	30	-0.0761	-0.0611	0.4881
611.00	30	-0.0758	-0.0605	0.4764
612.00	30	-0.0746	-0.0580	0.4231
613.00	30	-0.0744	-0.0578	0.4172
614.00	30	-0.0746	-0.0580	0.4231
615.00	30	-0.0740	-0.0569	0.3989
616.00	30	-0.0711	-0.0540	0.3132
617.00	30	-0.0719	-0.0545	0.3313
618.00	30	-0.0698	-0.0532	0.2802
619.00	30	-0.0585	-0.0609	0.1449
620.00	31	-0.5119	-1.2916	0.6756
621.00	31	-0.5149	-1.2471	0.8055
622.00	31	-0.3567	-1.1030	0.8210
623.00	31	-0.1060	-0.7717	0.8090
624.00	31	-0.1386	-0.6334	0.8216
625.00	31	-0.0749	-0.1644	0.6330
626.00	31	-0.0660	-0.1389	0.4432
627.00	31	-0.0854	-0.0563	0.4758
628.00	31	-0.0886	-0.0627	0.5092
629.00	31	-0.0765	-0.0617	0.4983
630.00	31	-0.0756	-0.0603	0.4724
631.00	31	-0.0752	-0.0595	0.4549
632.00	31	-0.0751	-0.0591	0.4476
633.00	31	-0.0739	-0.0568	0.3957
634.00	31	-0.0737	-0.0566	0.3893
635.00	31	-0.0721	-0.0547	0.3384
636.00	31	-0.0729	-0.0556	0.3627
637.00	31	-0.0709	-0.0538	0.3060
638.00	31	-0.0691	-0.0528	0.2620
639.00	31	-0.0585	-0.0609	0.1449
640.00	32	-0.5130	-1.2908	0.7007
641.00	32	-0.5150	-1.2482	0.8020
642.00	32	-0.3484	-1.0949	0.8214
643.00	32	-0.1048	-0.7648	0.8070
644.00	32	-0.1391	-0.6478	0.8210
645.00	32	-0.0786	-0.1891	0.6543
646.00	32	-0.0660	-0.1389	0.4432
647.00	32	-0.0872	-0.0540	0.4795
648.00	32	-0.0885	-0.0629	0.5094
649.00	32	-0.0762	-0.0612	0.4895
650.00	32	-0.0759	-0.0606	0.4800
651.00	32	-0.0752	-0.0595	0.4549
652.00	32	-0.0750	-0.0589	0.4424
653.00	32	-0.0746	-0.0581	0.4260
654.00	32	-0.0741	-0.0572	0.4052
655.00	32	-0.0739	-0.0568	0.3957
656.00	32	-0.0721	-0.0547	0.3384
657.00	32	-0.0713	-0.0540	0.3169
658.00	32	-0.0697	-0.0531	0.2766
659.00	32	-0.0585	-0.0609	0.1449
660.00	33	-0.5125	-1.2912	0.6885
661.00	33	-0.5150	-1.2474	0.8041
662.00	33	-0.3550	-1.1014	0.8211
663.00	33	-0.1057	-0.7626	0.8060
664.00	33	-0.1394	-0.6597	0.8205
665.00	33	-0.0747	-0.1629	0.6315
666.00	33	-0.0660	-0.1387	0.4433
667.00	33	-0.0862	-0.0552	0.4774
668.00	33	-0.0892	-0.0613	0.5085
669.00	33	-0.0757	-0.0604	0.4744
670.00	33	-0.0759	-0.0606	0.4800
671.00	33	-0.0748	-0.0587	0.4370
672.00	33	-0.0752	-0.0595	0.4549
673.00	33	-0.0743	-0.0576	0.4142
674.00	33	-0.0735	-0.0563	0.3829
675.00	33	-0.0725	-0.0551	0.3490
676.00	33	-0.0710	-0.0539	0.3096
677.00	33	-0.0720	-0.0546	0.3349
678.00	33	-0.0687	-0.0527	0.2547
679.00	33	-0.0585	-0.0609	0.1449
680.00	34	-0.5142	-1.2889	0.7331
681.00	34	-0.5150	-1.2478	0.8029
682.00	34	-0.3599	-1.1062	0.8208
683.00	34	-0.1048	-0.7644	0.8068
684.00	34	-0.1391	-0.6478	0.8210
685.00	34	-0.0767	-0.1761	0.6436
686.00	34	-0.0662	-0.1403	0.4430
687.00	34	-0.0874	-0.0538	0.4798
688.00	34	-0.0892	-0.0614	0.5086
689.00	34	-0.0762	-0.0612	0.4895
690.00	34	-0.0760	-0.0608	0.4834
691.00	34	-0.0747	-0.0583	0.4288
692.00	34	-0.0747	-0.0583	0.4288
693.00	34	-0.0737	-0.0566	0.3893
694.00	34	-0.0737	-0.0566	0.3893
695.00	34	-0.0717	-0.0544	0.3278
696.00	34	-0.0717	-0.0544	0.3278
697.00	34	-0.0719	-0.0545	0.3313
698.00	34	-0.0689	-0.0528	0.2583
699.00	34	-0.0585	-0.0609	0.1449
700.00	35	-0.5149	-1.2870	0.7541
701.00	35	-0.5150	-1.2477	0.8033
702.00	35	-0.3484	-1.0949	0.8214
703.00	35	-0.1052	-0.7634	0.8064
704.00	35	-0.1388	-0.6397	0.8214
705.00	35	-0.0770	-0.1780	0.6452
706.00	35	-0.0661	-0.1396	0.4431
707.00	35	-0.0852	-0.0565	0.4755
708.00	35	-0.0889	-0.0619	0.5088
709.00	35	-0.0762	-0.0612	0.4910
710.00	35	-0.0760	-0.0609	0.4850
711.00	35	-0.0754	-0.0598	0.4619
712.00	35	-0.0747	-0.0584	0.4316
713.00	35	-0.0747	-0.0584	0.4316
714.00	35	-0.0725	-0.0551	0.3490
715.00	35	-0.0727	-0.0553	0.3560
716.00	35	-0.0721	-0.0547	0.3384
717.00	35	-0.0711	-0.0540	0.3132
718.00	35	-0.0683	-0.0526	0.2474
719.00	35	-0.0585	-0.0609	0.1449
720.00	36	-0.5139	-1.2897	0.7230
721.00	36	-0.5149	-1.2473	0.8046
722.00	36	-0.3384	-1.0848	0.8219
723.00	36	-0.1047	-0.7656	0.8073
724.00	36	-0.1389	-0.6437	0.8212
725.00	36	-0.0781	-0.1853	0.6513
726.00	36	-0.0660	-0.1384	0.4434
727.00	36	-0.0854	-0.0563	0.4758
728.00	36	-0.0884	-0.0632	0.5095
729.00	36	-0.0756	-0.0602	0.4705
730.00	36	-0.0752	-0.0595	0.4549
731.00	36	-0.0755	-0.0600	0.4663
732.00	36	-0.0741	-0.0572	0.4052
733.00	36	-0.0735	-0.0563	0.3829
734.00	36	-0.0732	-0.0559	0.3695
735.00	36	-0.0734	-0.0562	0.3796
736.00	36	-0.0703	-0.0534	0.2913
737.00	36	-0.0710	-0.0539	0.3096
738.00	36	-0.0696	-0.0530	0.2729
739.00	36	-0.0585	-0.0609	0.1449
740.00	37	-0.5149	-1.2870	0.7541
741.00	37	-0.5150	-1.2476	0.8037
742.00	37	-0.3401	-1.0865	0.8218
743.00	37	-0.1047	-0.7661	0.8075
744.00	37	-0.1377	-0.6164	0.8220
745.00	37	-0.0743	-0.1601	0.6285
746.00	37	-0.0664	-0.1415	0.4430
747.00	37	-0.0865	-0.0548	0.4779
748.00	37	-0.0890	-0.0619	0.5088
749.00	37	-0.0756	-0.0603	0.4724
750.00	37	-0.0752	-0.0592	0.4500
751.00	37	-0.0754	-0.0598	0.4619
752.00	37	-0.0751	-0.0591	0.4476
753.00	37	-0.0744	-0.0578	0.4172
754.00	37	-0.0736	-0.0565	0.3861
755.00	37	-0.0729	-0.0556	0.3627
756.00	37	-0.0706	-0.0536	0.2987
757.00	37	-0.0701	-0.0533	0.2876
758.00	37	-0.0698	-0.0532	0.2802
759.00	37	-0.0585	-0.0609	0.1449
760.00	38	-0.5150	-1.2864	0.7595
761.00	38	-0.5150	-1.2481	0.8021
762.00	38	-0.3467	-1.0932	0.8215
763.00	38	-0.1063	-0.7620	0.8056
764.00	38	-0.1391	-0.6498	0.8210
765.00	38	-0.0770	-0.1780	0.6452
766.00	38	-0.0664	-0.1414	0.4430
767.00	38	-0.0862	-0.0552	0.4774
768.00	38	-0.0887	-0.0625	0.5091
769.00	38	-0.0756	-0.0603	0.4724
770.00	38	-0.0750	-0.0590	0.4450
771.00	38	-0.0743	-0.0576	0.4142
772.00	38	-0.0746	-0.0580	0.4231
773.00	38	-0.0742	-0.0574	0.4082
774.00	38	-0.0729	-0.0556	0.3627
775.00	38	-0.0725	-0.0551	0.3490
776.00	38	-0.0717	-0.0544	0.3278
777.00	38	-0.0689	-0.0528	0.2583
778.00	38	-0.0689	-0.0528	0.2583
779.00	38	-0.0585	-0.0609	0.1449
780.00	39	-0.5141	-1.2893	0.7298
781.00	39	-0.5150	-1.2479	0.8027
782.00	39	-0.3500	-1.0965	0.8214
783.00	39	-0.1061	-0.7622	0.8057
784.00	39	-0.1388	-0.6376	0.8215
785.00	39	-0.0765	-0.1743	0.6421
786.00	39	-0.0664	-0.1415	0.4430
787.00	39	-0.0870	-0.0543	0.4789
788.00	39	-0.0884	-0.0632	0.5095
789.00	39	-0.0762	-0.0612	0.4895
790.00	39	-0.0756	-0.0602	0.4705
791.00	39	-0.0752	-0.0593	0.4525
792.00	39	-0.0737	-0.0566	0.3893
793.00	39	-0.0743	-0.0576	0.4142
794.00	39	-0.0735	-0.0563	0.3829
795.00	39	-0.0730	-0.0557	0.3661
796.00	39	-0.0708	-0.0537	0.3023
797.00	39	-0.0692	-0.0529	0.2656
798.00	39	-0.0687	-0.0527	0.2547
799.00	39	-0.0585	-0.0609	0.1449
800.00	40	-0.5147	-1.2876	0.7485
801.00	40	-0.5150	-1.2478	0.8029
802.00	40	-0.3284	-1.0746	0.8223
803.00	40	-0.1061	-0.7622	0.8057
804.00	40	-0.1383	-0.6292	0.8217
805.00	40	-0.0745	-0.1615	0.6300
806.00	40	-0.0663	-0.1410	0.4429
807.00	40	-0.0868	-0.0544	0.4786
808.00	40	-0.0887	-0.0624	0.5091
809.00	40	-0.0756	-0.0601	0.4684
810.00	40	-0.0758	-0.0605	0.4764
811.00	40	-0.0751	-0.0591	0.4476
812.00	40	-0.0748	-0.0586	0.4343
813.00	40	-0.0735	-0.0563	0.3829
814.00	40	-0.0725	-0.0551	0.3490
815.00	40	-0.0732	-0.0559	0.3695
816.00	40	-0.0721	-0.0547	0.3384
817.00	40	-0.0705	-0.0535	0.2950
818.00	40	-0.0692	-0.0529	0.2656
819.00	40	-0.0585	-0.0609	0.1449
820.00	41	-0.5154	-1.2848	0.7716
821.00	41	-0.5150	-1.2480	0.8025
822.00	41	-0.3318	-1.0780	0.8222
823.00	41	-0.1067	-0.7617	0.8054
824.00	41	-0.1386	-0.6334	0.8216
825.00	41	-0.0730	-0.1512	0.6178
826.00	41	-0.0663	-0.1412	0.4429
827.00	41	-0.0860	-0.0554	0.4771
828.00	41	-0.0887	-0.0625	0.5091
829.00	41	-0.0759	-0.0606	0.4800
830.00	41	-0.0756	-0.0601	0.4684
831.00	41	-0.0742	-0.0574	0.4082
832.00	41	-0.0748	-0.0586	0.4343
833.00	41	-0.0737	-0.0566	0.3893
834.00	41	-0.0729	-0.0556	0.3627
835.00	41	-0.0722	-0.0548	0.3419
836.00	41	-0.0720	-0.0546	0.3349
837.00	41	-0.0706	-0.0536	0.2987
838.00	41	-0.0673	-0.0523	0.2263
839.00	41	-0.0585	-0.0609	0.1449
840.00	42	-0.5143	-1.2887	0.7363
841.00	42	-0.5150	-1.2486	0.8008
842.00	42	-0.3234	-1.0693	0.8225
843.00	42	-0.1057	-0.7626	0.8060
844.00	42	-0.1371	-0.6076	0.8222
845.00	42	-0.0742	-0.1587	0.6270
846.00	42	-0.0665	-0.1422	0.4431
847.00	42	-0.0863	-0.0550	0.4777
848.00	42	-0.0881	-0.0637	0.5099
849.00	42	-0.0758	-0.0606	0.4782
850.00	42	-0.0756	-0.0601	0.4684
851.00	42	-0.0748	-0.0587	0.4370
852.00	42	-0.0747	-0.0583	0.4288
853.00	42	-0.0728	-0.0555	0.3594
854.00	42	-0.0735	-0.0563	0.3829
855.00	42	-0.0719	-0.0545	0.3313
856.00	42	-0.0720	-0.0546	0.3349
857.00	42	-0.0680	-0.0525	0.2404
858.00	42	-0.0692	-0.0529	0.2656
859.00	42	-0.0585	-0.0609	0.1449
860.00	43	-0.5151	-1.2861	0.7620
861.00	43	-0.5150	-1.2480	0.8025
862.00	43	-0.3418	-1.0882	0.8218
863.00	43	-0.1050	-0.7638	0.8066
864.00	43	-0.1383	-0.6292	0.8217
865.00	43	-0.0732	-0.1525	0.6193
866.00	43	-0.0667	-0.1426	0.4433
867.00	43	-0.0871	-0.0542	0.4792
868.00	43	-0.0885	-0.0629	0.5094
869.00	43	-0.0757	-0.0604	0.4744
870.00	43	-0.0753	-0.0596	0.4572
871.00	43	-0.0747	-0.0583	0.4288
872.00	43	-0.0735	-0.0563	0.3829
873.00	43	-0.0742	-0.0574	0.4082
874.00	43	-0.0735	-0.0563	0.3829
875.00	43	-0.0728	-0.0555	0.3594
876.00	43	-0.0701	-0.0533	0.2876
877.00	43	-0.0706	-0.0536	0.2987
878.00	43	-0.0697	-0.0531	0.2766
879.00	43	-0.0585	-0.0609	0.1449
880.00	44	-0.5154	-1.2844	0.7738
881.00	44	-0.5150	-1.2477	0.8033
882.00	44	-0.3183	-1.0640	0.8226
883.00	44	-0.1052	-0.7634	0.8064
884.00	44	-0.1374	-0.6120	0.8221
885.00	44	-0.0749	-0.1644	0.6330
886.00	44	-0.0661	-0.1398	0.4431
887.00	44	-0.0863	-0.0550	0.4777
888.00	44	-0.0887	-0.0625	0.5091
889.00	44	-0.0756	-0.0602	0.4705
890.00	44	-0.0754	-0.0598	0.4619
891.00	44	-0.0747	-0.0584	0.4316
892.00	44	-0.0747	-0.0583	0.4288
893.00	44	-0.0738	-0.0567	0.3925
894.00	44	-0.0720	-0.0546	0.3349
895.00	44	-0.0725	-0.0551	0.3490
896.00	44	-0.0706	-0.0536	0.2987
897.00	44	-0.0692	-0.0529	0.2656
898.00	44	-0.0683	-0.0526	0.2474
899.00	44	-0.0585	-0.0609	0.1449
900.00	45	-0.5146	-1.2879	0.7455
901.00	45	-0.5150	-1.2484	0.8014
902.00	45	-0.3150	-1.0605	0.8228
903.00	45	-0.1070	-0.7615	0.8052
904.00	45	-0.1371	-0.6076	0.8222
905.00	45	-0.0754	-0.1674	0.6361
906.00	45	-0.0667	-0.1427	0.4434
907.00	45	-0.0885	-0.0527	0.4829
908.00	45	-0.0886	-0.0628	0.5093
909.00	45	-0.0758	-0.0606	0.4782
910.00	45	-0.0746	-0.0581	0.4260
911.00	45	-0.0746	-0.0581	0.4260
912.00	45	-0.0740	-0.0569	0.3989
913.00	45	-0.0722	-0.0548	0.3419
914.00	45	-0.0732	-0.0560	0.3729
915.00	45	-0.0703	-0.0534	0.2913
916.00	45	-0.0716	-0.0542	0.3242
917.00	45	-0.0680	-0.0525	0.2404
918.00	45	-0.0664	-0.0521	0.2094
919.00	45	-0.0585	-0.0609	0.1449
920.00	46	-0.5150	-1.2864	0.7595
921.00	46	-0.5150	-1.2487	0.8005
922.00	46	-0.3368	-1.0831	0.8220
923.00	46	-0.1088	-0.7610	0.8044
924.00	46	-0.1371	-0.6076	0.8222
925.00	46	-0.0742	-0.1587	0.6270
926.00	46	-0.0668	-0.1428	0.4435
927.00	46	-0.0885	-0.0527	0.4829
928.00	46	-0.0881	-0.0638	0.5099
929.00	46	-0.0758	-0.0606	0.4782
930.00	46	-0.0753	-0.0596	0.4572
931.00	46	-0.0737	-0.0566	0.3893
932.00	46	-0.0736	-0.0565	0.3861
933.00	46	-0.0734	-0.0561	0.3763
934.00	46	-0.0716	-0.0542	0.3242
935.00	46	-0.0698	-0.0532	0.2802
936.00	46	-0.0696	-0.0530	0.2729
937.00	46	-0.0682	-0.0526	0.2439
938.00	46	-0.0692	-0.0529	0.2656
939.00	46	-0.0585	-0.0609	0.1449
940.00	47	-0.5153	-1.2851	0.7693
941.00	47	-0.5150	-1.2485	0.8010
942.00	47	-0.3217	-1.0676	0.8226
943.00	47	-0.1088	-0.7610	0.8044
944.00	47	-0.1377	-0.6164	0.8220
945.00	47	-0.0729	-0.1500	0.6163
946.00	47	-0.0668	-0.1429	0.4435
947.00	47	-0.0872	-0.0540	0.4795
948.00	47	-0.0885	-0.0630	0.5094
949.00	47	-0.0751	-0.0591	0.4476
950.00	47	-0.0744	-0.0578	0.4172
951.00	47	-0.0743	-0.0576	0.4142
952.00	47	-0.0735	-0.0563	0.3829
953.00	47	-0.0732	-0.0559	0.3695
954.00	47	-0.0725	-0.0551	0.3490
955.00	47	-0.0721	-0.0547	0.3384
956.00	47	-0.0696	-0.0530	0.2729
957.00	47	-0.0673	-0.0523	0.2263
958.00	47	-0.0689	-0.0528	0.2583
959.00	47	-0.0585	-0.0609	0.1449
960.00	48	-0.5145	-1.2882	0.7426
961.00	48	-0.5150	-1.2482	0.8020
962.00	48	-0.3368	-1.0831	0.8220
963.00	48	-0.1099	-0.7610	0.8040
964.00	48	-0.1375	-0.6142	0.8221
965.00	48	-0.0747	-0.1629	0.6315
966.00	48	-0.0665	-0.1422	0.4431
967.00	48	-0.0888	-0.0524	0.4840
968.00	48	-0.0884	-0.0631	0.5095
969.00	48	-0.0747	-0.0583	0.4288
970.00	48	-0.0748	-0.0586	0.4343
971.00	48	-0.0736	-0.0565	0.3861
972.00	48	-0.0738	-0.0567	0.3925
973.00	48	-0.0726	-0.0552	0.3525
974.00	48	-0.0722	-0.0548	0.3419
975.00	48	-0.0703	-0.0534	0.2913
976.00	48	-0.0708	-0.0537	0.3023
977.00	48	-0.0671	-0.0523	0.2229
978.00	48	-0.0687	-0.0527	0.2547
979.00	48	-0.0585	-0.0609	0.1449
980.00	49	-0.5154	-1.2844	0.7738
981.00	49	-0.5150	-1.2483	0.8015
982.00	49	-0.3066	-1.0515	0.8230
983.00	49	-0.1055	-0.7629	0.8061
984.00	49	-0.1360	-0.5920	0.8224
985.00	49	-0.0749	-0.1644	0.6330
986.00	49	-0.0663	-0.1410	0.4429
987.00	49	-0.0884	-0.0528	0.4826
988.00	49	-0.0883	-0.0633	0.5096
989.00	49	-0.0749	-0.0588	0.4397
990.00	49	-0.0748	-0.0587	0.4370
991.00	49	-0.0743	-0.0575	0.4112
992.00	49	-0.0738	-0.0567	0.3925
993.00	49	-0.0719	-0.0545	0.3313
994.00	49	-0.0720	-0.0546	0.3349
995.00	49	-0.0717	-0.0544	0.3278
996.00	49	-0.0697	-0.0531	0.2766
997.00	49	-0.0698	-0.0532	0.2802
998.00	49	-0.0660	-0.0522	0.2028
999.00	49	-0.0585	-0.0609	0.1449
