0.00	0	-0.7318	-1.0073	0.0746
1.00	0	-0.7823	-1.0489	0.8125
2.00	0	-0.7536	-1.0282	0.8310
3.00	0	-0.6887	-0.9422	0.8343
4.00	0	-0.3862	-0.5918	0.8239
5.00	0	-0.2366	-0.3553	0.6474
6.00	0	-0.2440	-0.3854	0.5267
7.00	0	-0.1949	-0.1781	0.5584
8.00	0	-0.1328	-0.0048	0.5592
9.00	0	-0.1142	-0.0424	0.5959
10.00	0	-0.1053	-0.0948	0.5138
11.00	0	-0.1045	-0.0944	0.4952
12.00	0	-0.1037	-0.0939	0.4724
13.00	0	-0.1011	-0.0930	0.4180
14.00	0	-0.1001	-0.0927	0.3983
15.00	0	-0.0992	-0.0924	0.3814
16.00	0	-0.0972	-0.0921	0.3463
17.00	0	-0.0951	-0.0919	0.3099
18.00	0	-0.0933	-0.0918	0.2805
19.00	0	-0.0866	-0.0949	0.1447
20.00	1	-0.7316	-1.0071	0.0720
21.00	1	-0.7833	-1.0505	0.8080
22.00	1	-0.7536	-1.0282	0.8310
23.00	1	-0.6833	-0.9360	0.8347
24.00	1	-0.3979	-0.6085	0.8250
25.00	1	-0.2361	-0.3554	0.6421
26.00	1	-0.2440	-0.3854	0.5267
27.00	1	-0.1949	-0.1781	0.5584
28.00	1	-0.1328	-0.0048	0.5592
29.00	1	-0.1137	-0.0438	0.5967
30.00	1	-0.1053	-0.0948	0.5138
31.00	1	-0.1045	-0.0944	0.4952
32.00	1	-0.1030	-0.0937	0.4583
33.00	1	-0.1011	-0.0930	0.4180
34.00	1	-0.0994	-0.0925	0.3848
35.00	1	-0.0986	-0.0924	0.3710
36.00	1	-0.0975	-0.0921	0.3499
37.00	1	-0.0962	-0.0919	0.3283
38.00	1	-0.0927	-0.0918	0.2695
39.00	1	-0.0866	-0.0949	0.1447
40.00	2	-0.7316	-1.0071	0.0720
41.00	2	-0.7833	-1.0505	0.8080
42.00	2	-0.7536	-1.0282	0.8310
43.00	2	-0.6887	-0.9422	0.8343
44.00	2	-0.3979	-0.6085	0.8250
45.00	2	-0.2357	-0.3555	0.6370
46.00	2	-0.2440	-0.3854	0.5267
47.00	2	-0.1949	-0.1781	0.5584
48.00	2	-0.1328	-0.0048	0.5592
49.00	2	-0.1142	-0.0424	0.5959
50.00	2	-0.1053	-0.0948	0.5138
51.00	2	-0.1034	-0.0939	0.4668
52.00	2	-0.1037	-0.0939	0.4724
53.00	2	-0.1025	-0.0935	0.4464
54.00	2	-0.1003	-0.0927	0.4017
55.00	2	-0.0982	-0.0923	0.3640
56.00	2	-0.0980	-0.0922	0.3605
57.00	2	-0.0949	-0.0918	0.3063
58.00	2	-0.0943	-0.0918	0.2953
59.00	2	-0.0866	-0.0949	0.1447
60.00	3	-0.7316	-1.0071	0.0720
61.00	3	-0.7833	-1.0505	0.8080
62.00	3	-0.7536	-1.0282	0.8310
63.00	3	-0.6887	-0.9422	0.8343
64.00	3	-0.3979	-0.6085	0.8250
65.00	3	-0.2366	-0.3553	0.6474
66.00	3	-0.2440	-0.3854	0.5267
67.00	3	-0.1884	-0.1555	0.5581
68.00	3	-0.1328	-0.0048	0.5592
69.00	3	-0.1142	-0.0424	0.5959
70.00	3	-0.1046	-0.0944	0.4975
71.00	3	-0.1039	-0.0941	0.4804
72.00	3	-0.1030	-0.0937	0.4583
73.00	3	-0.1011	-0.0930	0.4180
74.00	3	-0.1011	-0.0930	0.4180
75.00	3	-0.0986	-0.0924	0.3710
76.00	3	-0.0956	-0.0919	0.3173
77.00	3	-0.0962	-0.0919	0.3283
78.00	3	-0.0921	-0.0918	0.2622
79.00	3	-0.0866	-0.0949	0.1447
80.00	4	-0.7322	-1.0075	0.0839
81.00	4	-0.7833	-1.0505	0.8080
82.00	4	-0.7538	-1.0279	0.8294
83.00	4	-0.6887	-0.9422	0.8343
84.00	4	-0.3979	-0.6085	0.8250
85.00	4	-0.2365	-0.3553	0.6461
86.00	4	-0.2452	-0.3859	0.5281
87.00	4	-0.1942	-0.1759	0.5584
88.00	4	-0.1320	-0.0048	0.5599
89.00	4	-0.1142	-0.0424	0.5959
90.00	4	-0.1043	-0.0943	0.4904
91.00	4	-0.1039	-0.0940	0.4778
92.00	4	-0.1037	-0.0939	0.4724
93.00	4	-0.1025	-0.0935	0.4464
94.00	4	-0.1011	-0.0930	0.4180
95.00	4	-0.0997	-0.0926	0.3915
96.00	4	-0.0980	-0.0922	0.3605
97.00	4	-0.0962	-0.0919	0.3283
98.00	4	-0.0911	-0.0918	0.2477
99.00	4	-0.0866	-0.0949	0.1447
100.00	5	-0.7324	-1.0078	0.0921
101.00	5	-0.7832	-1.0502	0.8089
102.00	5	-0.7539	-1.0277	0.8284
103.00	5	-0.6860	-0.9391	0.8345
104.00	5	-0.3813	-0.5845	0.8234
105.00	5	-0.2357	-0.3555	0.6370
106.00	5	-0.2440	-0.3854	0.5267
107.00	5	-0.1858	-0.1466	0.5579
108.00	5	-0.1319	-0.0047	0.5601
109.00	5	-0.1142	-0.0424	0.5959
110.00	5	-0.1053	-0.0948	0.5138
111.00	5	-0.1041	-0.0942	0.4829
112.00	5	-0.1037	-0.0939	0.4724
113.00	5	-0.1025	-0.0935	0.4464
114.00	5	-0.0997	-0.0926	0.3915
115.00	5	-0.0984	-0.0923	0.3675
116.00	5	-0.0972	-0.0921	0.3463
117.00	5	-0.0960	-0.0919	0.3247
118.00	5	-0.0943	-0.0918	0.2953
119.00	5	-0.0866	-0.0949	0.1447
120.00	6	-0.7322	-1.0074	0.0818
121.00	6	-0.7823	-1.0489	0.8125
122.00	6	-0.7537	-1.0281	0.8301
123.00	6	-0.6887	-0.9422	0.8343
124.00	6	-0.3813	-0.5845	0.8234
125.00	6	-0.2356	-0.3555	0.6357
126.00	6	-0.2447	-0.3858	0.5275
127.00	6	-0.1851	-0.1444	0.5578
128.00	6	-0.1327	-0.0048	0.5594
129.00	6	-0.1142	-0.0424	0.5959
130.00	6	-0.1045	-0.0944	0.4952
131.00	6	-0.1029	-0.0936	0.4554
132.00	6	-0.1028	-0.0935	0.4525
133.00	6	-0.1015	-0.0931	0.4245
134.00	6	-0.0984	-0.0923	0.3675
135.00	6	-0.0986	-0.0924	0.3710
136.00	6	-0.0953	-0.0918	0.3136
137.00	6	-0.0941	-0.0918	0.2916
138.00	6	-0.0907	-0.0917	0.2406
139.00	6	-0.0866	-0.0949	0.1447
140.00	7	-0.7332	-1.0082	0.1066
141.00	7	-0.7830	-1.0499	0.8097
142.00	7	-0.7538	-1.0278	0.8290
143.00	7	-0.6887	-0.9422	0.8343
144.00	7	-0.3963	-0.6061	0.8249
145.00	7	-0.2355	-0.3556	0.6344
146.00	7	-0.2440	-0.3854	0.5267
147.00	7	-0.1858	-0.1466	0.5579
148.00	7	-0.1328	-0.0048	0.5592
149.00	7	-0.1131	-0.0458	0.5980
150.00	7	-0.1042	-0.0942	0.4879
151.00	7	-0.1039	-0.0940	0.4778
152.00	7	-0.1029	-0.0936	0.4554
153.00	7	-0.1015	-0.0931	0.4245
154.00	7	-0.1011	-0.0930	0.4180
155.00	7	-0.0994	-0.0925	0.3848
156.00	7	-0.0972	-0.0921	0.3463
157.00	7	-0.0931	-0.0918	0.2768
158.00	7	-0.0927	-0.0918	0.2695
159.00	7	-0.0866	-0.0949	0.1447
160.00	8	-0.7333	-1.0084	0.1106
161.00	8	-0.7833	-1.0505	0.8080
162.00	8	-0.7536	-1.0282	0.8310
163.00	8	-0.6718	-0.9232	0.8355
164.00	8	-0.3879	-0.5942	0.8241
165.00	8	-0.2357	-0.3555	0.6370
166.00	8	-0.2447	-0.3858	0.5275
167.00	8	-0.1845	-0.1421	0.5578
168.00	8	-0.1325	-0.0048	0.5595
169.00	8	-0.1128	-0.0468	0.5987
170.00	8	-0.1048	-0.0945	0.5019
171.00	8	-0.1042	-0.0942	0.4879
172.00	8	-0.1025	-0.0935	0.4464
173.00	8	-0.1010	-0.0929	0.4148
174.00	8	-0.1011	-0.0930	0.4180
175.00	8	-0.0964	-0.0920	0.3318
176.00	8	-0.0968	-0.0921	0.3390
177.00	8	-0.0938	-0.0918	0.2879
178.00	8	-0.0924	-0.0918	0.2659
179.00	8	-0.0866	-0.0949	0.1447
180.00	9	-0.7330	-1.0080	0.1026
181.00	9	-0.7813	-1.0472	0.8160
182.00	9	-0.7538	-1.0278	0.8290
183.00	9	-0.6747	-0.9265	0.8353
184.00	9	-0.3698	-0.5674	0.8216
185.00	9	-0.2358	-0.3554	0.6383
186.00	9	-0.2447	-0.3858	0.5275
187.00	9	-0.1884	-0.1555	0.5581
188.00	9	-0.1322	-0.0048	0.5598
189.00	9	-0.1130	-0.0462	0.5982
190.00	9	-0.1041	-0.0942	0.4854
191.00	9	-0.1035	-0.0939	0.4696
192.00	9	-0.1032	-0.0937	0.4612
193.00	9	-0.1025	-0.0935	0.4464
194.00	9	-0.1011	-0.0930	0.4180
195.00	9	-0.0997	-0.0926	0.3915
196.00	9	-0.0962	-0.0919	0.3283
197.00	9	-0.0947	-0.0918	0.3026
198.00	9	-0.0927	-0.0918	0.2695
199.00	9	-0.0866	-0.0949	0.1447
200.00	10	-0.7338	-1.0087	0.1194
201.00	10	-0.7820	-1.0484	0.8137
202.00	10	-0.7538	-1.0277	0.8286
203.00	10	-0.6673	-0.9183	0.8358
204.00	10	-0.3846	-0.5894	0.8238
205.00	10	-0.2361	-0.3554	0.6421
206.00	10	-0.2442	-0.3856	0.5269
207.00	10	-0.1826	-0.1356	0.5576
208.00	10	-0.1315	-0.0048	0.5605
209.00	10	-0.1141	-0.0428	0.5961
210.00	10	-0.1045	-0.0944	0.4952
211.00	10	-0.1043	-0.0943	0.4904
212.00	10	-0.1021	-0.0933	0.4372
213.00	10	-0.1008	-0.0928	0.4116
214.00	10	-0.1010	-0.0929	0.4148
215.00	10	-0.0997	-0.0926	0.3915
216.00	10	-0.0977	-0.0921	0.3534
217.00	10	-0.0956	-0.0919	0.3173
218.00	10	-0.0943	-0.0918	0.2953
219.00	10	-0.0866	-0.0949	0.1447
220.00	11	-0.7336	-1.0085	0.1149
221.00	11	-0.7827	-1.0494	0.8111
222.00	11	-0.7542	-1.0273	0.8274
223.00	11	-0.6805	-0.9328	0.8349
224.00	11	-0.3813	-0.5845	0.8234
225.00	11	-0.2350	-0.3562	0.6267
226.00	11	-0.2444	-0.3857	0.5271
227.00	11	-0.1942	-0.1759	0.5584
228.00	11	-0.1310	-0.0049	0.5609
229.00	11	-0.1141	-0.0428	0.5961
230.00	11	-0.1049	-0.0946	0.5060
231.00	11	-0.1030	-0.0937	0.4583
232.00	11	-0.1030	-0.0937	0.4583
233.00	11	-0.0997	-0.0926	0.3915
234.00	11	-0.1007	-0.0928	0.4083
235.00	11	-0.0990	-0.0924	0.3779
236.00	11	-0.0970	-0.0921	0.3427
237.00	11	-0.0945	-0.0918	0.2990
238.00	11	-0.0902	-0.0918	0.2335
239.00	11	-0.0866	-0.0949	0.1447
240.00	12	-0.7333	-1.0084	0.1106
241.00	12	-0.7830	-1.0499	0.8097
242.00	12	-0.7539	-1.0276	0.8283
243.00	12	-0.6658	-0.9166	0.8358
244.00	12	-0.3896	-0.5965	0.8243
245.00	12	-0.2352	-0.3558	0.6318
246.00	12	-0.2457	-0.3860	0.5291
247.00	12	-0.1936	-0.1735	0.5584
248.00	12	-0.1310	-0.0049	0.5609
249.00	12	-0.1139	-0.0435	0.5965
250.00	12	-0.1035	-0.0939	0.4696
251.00	12	-0.1029	-0.0936	0.4554
252.00	12	-0.1021	-0.0933	0.4372
253.00	12	-0.1019	-0.0932	0.4341
254.00	12	-0.0990	-0.0924	0.3779
255.00	12	-0.0970	-0.0921	0.3427
256.00	12	-0.0975	-0.0921	0.3499
257.00	12	-0.0921	-0.0918	0.2622
258.00	12	-0.0900	-0.0918	0.2300
259.00	12	-0.0866	-0.0949	0.1447
260.00	13	-0.7323	-1.0077	0.0891
261.00	13	-0.7829	-1.0496	0.8105
262.00	13	-0.7540	-1.0275	0.8281
263.00	13	-0.6643	-0.9150	0.8359
264.00	13	-0.3797	-0.5821	0.8232
265.00	13	-0.2355	-0.3556	0.6344
266.00	13	-0.2465	-0.3855	0.5314
267.00	13	-0.1806	-0.1291	0.5574
268.00	13	-0.1295	-0.0054	0.5625
269.00	13	-0.1123	-0.0482	0.5994
270.00	13	-0.1039	-0.0941	0.4804
271.00	13	-0.1042	-0.0942	0.4879
272.00	13	-0.1026	-0.0935	0.4495
273.00	13	-0.1010	-0.0929	0.4148
274.00	13	-0.0999	-0.0926	0.3949
275.00	13	-0.0982	-0.0923	0.3640
276.00	13	-0.0943	-0.0918	0.2953
277.00	13	-0.0945	-0.0918	0.2990
278.00	13	-0.0897	-0.0919	0.2265
279.00	13	-0.0866	-0.0949	0.1447
280.00	14	-0.7322	-1.0074	0.0818
281.00	14	-0.7809	-1.0467	0.8169
282.00	14	-0.7547	-1.0271	0.8269
283.00	14	-0.6791	-0.9312	0.8350
284.00	14	-0.3635	-0.5576	0.8201
285.00	14	-0.2360	-0.3554	0.6409
286.00	14	-0.2450	-0.3859	0.5279
287.00	14	-0.1877	-0.1532	0.5581
288.00	14	-0.1322	-0.0048	0.5598
289.00	14	-0.1137	-0.0438	0.5967
290.00	14	-0.1037	-0.0939	0.4724
291.00	14	-0.1029	-0.0936	0.4554
292.00	14	-0.1021	-0.0933	0.4372
293.00	14	-0.1003	-0.0927	0.4017
294.00	14	-0.0996	-0.0925	0.3882
295.00	14	-0.0953	-0.0918	0.3136
296.00	14	-0.0943	-0.0918	0.2953
297.00	14	-0.0938	-0.0918	0.2879
298.00	14	-0.0929	-0.0918	0.2732
299.00	14	-0.0866	-0.0949	0.1447
300.00	15	-0.7322	-1.0076	0.0864
301.00	15	-0.7811	-1.0470	0.8165
302.00	15	-0.7538	-1.0279	0.8296
303.00	15	-0.6762	-0.9281	0.8352
304.00	15	-0.3731	-0.5724	0.8222
305.00	15	-0.2352	-0.3559	0.6305
306.00	15	-0.2452	-0.3859	0.5281
307.00	15	-0.1877	-0.1532	0.5581
308.00	15	-0.1318	-0.0048	0.5602
309.00	15	-0.1120	-0.0495	0.6002
310.00	15	-0.1044	-0.0943	0.4928
311.00	15	-0.1028	-0.0935	0.4525
312.00	15	-0.1007	-0.0928	0.4083
313.00	15	-0.0997	-0.0926	0.3915
314.00	15	-0.0980	-0.0922	0.3605
315.00	15	-0.0962	-0.0919	0.3283
316.00	15	-0.0947	-0.0918	0.3026
317.00	15	-0.0949	-0.0918	0.3063
318.00	15	-0.0921	-0.0918	0.2622
319.00	15	-0.0866	-0.0949	0.1447
320.00	16	-0.7326	-1.0079	0.0953
321.00	16	-0.7803	-1.0458	0.8184
322.00	16	-0.7538	-1.0278	0.8288
323.00	16	-0.6566	-0.9064	0.8363
324.00	16	-0.3588	-0.5504	0.8186
325.00	16	-0.2356	-0.3555	0.6357
326.00	16	-0.2467	-0.3852	0.5320
327.00	16	-0.1884	-0.1555	0.5581
328.00	16	-0.1315	-0.0048	0.5605
329.00	16	-0.1121	-0.0492	0.6000
330.00	16	-0.1037	-0.0939	0.4724
331.00	16	-0.1023	-0.0934	0.4434
332.00	16	-0.1008	-0.0928	0.4116
333.00	16	-0.1013	-0.0930	0.4213
334.00	16	-0.0982	-0.0923	0.3640
335.00	16	-0.0949	-0.0918	0.3063
336.00	16	-0.0949	-0.0918	0.3063
337.00	16	-0.0941	-0.0918	0.2916
338.00	16	-0.0927	-0.0918	0.2695
339.00	16	-0.0866	-0.0949	0.1447
340.00	17	-0.7357	-1.0103	0.1614
341.00	17	-0.7822	-1.0487	0.8131
342.00	17	-0.7541	-1.0274	0.8278
343.00	17	-0.6566	-0.9064	0.8363
344.00	17	-0.3635	-0.5576	0.8201
345.00	17	-0.2351	-0.3560	0.6293
346.00	17	-0.2457	-0.3860	0.5291
347.00	17	-0.1826	-0.1356	0.5576
348.00	17	-0.1305	-0.0050	0.5614
349.00	17	-0.1122	-0.0485	0.5995
350.00	17	-0.1029	-0.0936	0.4554
351.00	17	-0.1037	-0.0939	0.4724
352.00	17	-0.1026	-0.0935	0.4495
353.00	17	-0.1003	-0.0927	0.4017
354.00	17	-0.0978	-0.0922	0.3570
355.00	17	-0.0956	-0.0919	0.3173
356.00	17	-0.0949	-0.0918	0.3063
357.00	17	-0.0929	-0.0918	0.2732
358.00	17	-0.0905	-0.0918	0.2370
359.00	17	-0.0866	-0.0949	0.1447
360.00	18	-0.7336	-1.0085	0.1149
361.00	18	-0.7785	-1.0430	0.8215
362.00	18	-0.7538	-1.0278	0.8292
363.00	18	-0.6628	-0.9133	0.8360
364.00	18	-0.3747	-0.5748	0.8224
365.00	18	-0.2352	-0.3559	0.6305
366.00	18	-0.2466	-0.3853	0.5318
367.00	18	-0.1858	-0.1466	0.5579
368.00	18	-0.1285	-0.0059	0.5636
369.00	18	-0.1122	-0.0485	0.5995
370.00	18	-0.1026	-0.0935	0.4495
371.00	18	-0.1025	-0.0935	0.4464
372.00	18	-0.0996	-0.0925	0.3882
373.00	18	-0.0988	-0.0923	0.3745
374.00	18	-0.0997	-0.0926	0.3915
375.00	18	-0.0943	-0.0918	0.2953
376.00	18	-0.0945	-0.0918	0.2990
377.00	18	-0.0902	-0.0918	0.2335
378.00	18	-0.0892	-0.0919	0.2197
379.00	18	-0.0866	-0.0949	0.1447
380.00	19	-0.7342	-1.0089	0.1290
381.00	19	-0.7803	-1.0458	0.8184
382.00	19	-0.7538	-1.0277	0.8286
383.00	19	-0.6471	-0.8960	0.8368
384.00	19	-0.3635	-0.5576	0.8201
385.00	19	-0.2346	-0.3570	0.6178
386.00	19	-0.2454	-0.3860	0.5286
387.00	19	-0.1794	-0.1248	0.5573
388.00	19	-0.1310	-0.0049	0.5609
389.00	19	-0.1117	-0.0504	0.6006
390.00	19	-0.1033	-0.0938	0.4640
391.00	19	-0.1029	-0.0936	0.4554
392.00	19	-0.0996	-0.0925	0.3882
393.00	19	-0.0982	-0.0923	0.3640
394.00	19	-0.0990	-0.0924	0.3779
395.00	19	-0.0945	-0.0918	0.2990
396.00	19	-0.0933	-0.0918	0.2805
397.00	19	-0.0943	-0.0918	0.2953
398.00	19	-0.0900	-0.0918	0.2300
399.00	19	-0.0866	-0.0949	0.1447
400.00	20	-0.7330	-1.0080	0.1026
401.00	20	-0.7811	-1.0470	0.8165
402.00	20	-0.7542	-1.0273	0.8274
403.00	20	-0.6597	-0.9099	0.8362
404.00	20	-0.3666	-0.5625	0.8209
405.00	20	-0.2347	-0.3567	0.6216
406.00	20	-0.2455	-0.3860	0.5288
407.00	20	-0.1884	-0.1555	0.5581
408.00	20	-0.1282	-0.0061	0.5640
409.00	20	-0.1128	-0.0468	0.5987
410.00	20	-0.1039	-0.0940	0.4778
411.00	20	-0.1013	-0.0930	0.4213
412.00	20	-0.1001	-0.0927	0.3983
413.00	20	-0.1007	-0.0928	0.4083
414.00	20	-0.0978	-0.0922	0.3570
415.00	20	-0.0968	-0.0921	0.3390
416.00	20	-0.0943	-0.0918	0.2953
417.00	20	-0.0927	-0.0918	0.2695
418.00	20	-0.0911	-0.0918	0.2477
419.00	20	-0.0866	-0.0949	0.1447
420.00	21	-0.7328	-1.0079	0.0989
421.00	21	-0.7789	-1.0437	0.8208
422.00	21	-0.7551	-1.0269	0.8260
423.00	21	-0.6703	-0.9216	0.8356
424.00	21	-0.3635	-0.5576	0.8201
425.00	21	-0.2344	-0.3574	0.6153
426.00	21	-0.2463	-0.3857	0.5309
427.00	21	-0.1877	-0.1532	0.5581
428.00	21	-0.1311	-0.0049	0.5608
429.00	21	-0.1120	-0.0495	0.6002
430.00	21	-0.1037	-0.0939	0.4724
431.00	21	-0.1034	-0.0939	0.4668
432.00	21	-0.0992	-0.0924	0.3814
433.00	21	-0.0992	-0.0924	0.3814
434.00	21	-0.0960	-0.0919	0.3247
435.00	21	-0.0964	-0.0920	0.3318
436.00	21	-0.0947	-0.0918	0.3026
437.00	21	-0.0935	-0.0918	0.2842
438.00	21	-0.0884	-0.0920	0.2096
439.00	21	-0.0866	-0.0949	0.1447
440.00	22	-0.7333	-1.0084	0.1106
441.00	22	-0.7774	-1.0415	0.8228
442.00	22	-0.7553	-1.0269	0.8258
443.00	22	-0.6643	-0.9150	0.8359
444.00	22	-0.3731	-0.5724	0.8222
445.00	22	-0.2346	-0.3570	0.6178
446.00	22	-0.2463	-0.3857	0.5309
447.00	22	-0.1781	-0.1205	0.5573
448.00	22	-0.1300	-0.0051	0.5620
449.00	22	-0.1121	-0.0492	0.6000
450.00	22	-0.1028	-0.0935	0.4525
451.00	22	-0.1021	-0.0933	0.4372
452.00	22	-0.0994	-0.0925	0.3848
453.00	22	-0.0970	-0.0921	0.3427
454.00	22	-0.0975	-0.0921	0.3499
455.00	22	-0.0972	-0.0921	0.3463
456.00	22	-0.0953	-0.0918	0.3136
457.00	22	-0.0902	-0.0918	0.2335
458.00	22	-0.0884	-0.0920	0.2096
459.00	22	-0.0866	-0.0949	0.1447
460.00	23	-0.7371	-1.0116	0.1920
461.00	23	-0.7787	-1.0433	0.8212
462.00	23	-0.7553	-1.0269	0.8258
463.00	23	-0.6628	-0.9133	0.8360
464.00	23	-0.3635	-0.5576	0.8201
465.00	23	-0.2343	-0.3579	0.6115
466.00	23	-0.2461	-0.3858	0.5302
467.00	23	-0.1743	-0.1079	0.5568
468.00	23	-0.1305	-0.0050	0.5614
469.00	23	-0.1118	-0.0501	0.6005
470.00	23	-0.1038	-0.0940	0.4751
471.00	23	-0.1011	-0.0930	0.4180
472.00	23	-0.1016	-0.0931	0.4278
473.00	23	-0.0977	-0.0921	0.3534
474.00	23	-0.0984	-0.0923	0.3675
475.00	23	-0.0938	-0.0918	0.2879
476.00	23	-0.0947	-0.0918	0.3026
477.00	23	-0.0931	-0.0918	0.2768
478.00	23	-0.0905	-0.0918	0.2370
479.00	23	-0.0866	-0.0949	0.1447
480.00	24	-0.7351	-1.0098	0.1501
481.00	24	-0.7781	-1.0425	0.8220
482.00	24	-0.7552	-1.0269	0.8259
483.00	24	-0.6673	-0.9183	0.8358
484.00	24	-0.3526	-0.5407	0.8163
485.00	24	-0.2351	-0.3560	0.6293
486.00	24	-0.2461	-0.3858	0.5302
487.00	24	-0.1806	-0.1291	0.5574
488.00	24	-0.1304	-0.0050	0.5616
489.00	24	-0.1114	-0.0514	0.6012
490.00	24	-0.1032	-0.0937	0.4612
491.00	24	-0.1025	-0.0935	0.4464
492.00	24	-0.1003	-0.0927	0.4017
493.00	24	-0.0984	-0.0923	0.3675
494.00	24	-0.0982	-0.0923	0.3640
495.00	24	-0.0943	-0.0918	0.2953
496.00	24	-0.0943	-0.0918	0.2953
497.00	24	-0.0902	-0.0918	0.2335
498.00	24	-0.0909	-0.0918	0.2441
499.00	24	-0.0866	-0.0949	0.1447
500.00	25	-0.7345	-1.0091	0.1341
501.00	25	-0.7807	-1.0464	0.8174
502.00	25	-0.7545	-1.0272	0.8272
503.00	25	-0.6455	-0.8942	0.8369
504.00	25	-0.3480	-0.5334	0.8143
505.00	25	-0.2342	-0.3582	0.6090
506.00	25	-0.2469	-0.3824	0.5353
507.00	25	-0.1730	-0.1038	0.5568
508.00	25	-0.1292	-0.0055	0.5629
509.00	25	-0.1117	-0.0504	0.6006
510.00	25	-0.1026	-0.0935	0.4495
511.00	25	-0.0999	-0.0926	0.3949
512.00	25	-0.0982	-0.0923	0.3640
513.00	25	-0.0972	-0.0921	0.3463
514.00	25	-0.0975	-0.0921	0.3499
515.00	25	-0.0935	-0.0918	0.2842
516.00	25	-0.0921	-0.0918	0.2622
517.00	25	-0.0924	-0.0918	0.2659
518.00	25	-0.0853	-0.0921	0.1808
519.00	25	-0.0866	-0.0949	0.1447
520.00	26	-0.7338	-1.0087	0.1194
521.00	26	-0.7797	-1.0449	0.8195
522.00	26	-0.7542	-1.0274	0.8276
523.00	26	-0.6582	-0.9081	0.8363
524.00	26	-0.3682	-0.5649	0.8213
525.00	26	-0.2341	-0.3590	0.6040
526.00	26	-0.2464	-0.3856	0.5311
527.00	26	-0.1768	-0.1163	0.5571
528.00	26	-0.1300	-0.0051	0.5620
529.00	26	-0.1115	-0.0511	0.6010
530.00	26	-0.1039	-0.0940	0.4778
531.00	26	-0.1025	-0.0935	0.4464
532.00	26	-0.0986	-0.0924	0.3710
533.00	26	-0.0968	-0.0921	0.3390
534.00	26	-0.0970	-0.0921	0.3427
535.00	26	-0.0953	-0.0918	0.3136
536.00	26	-0.0907	-0.0917	0.2406
537.00	26	-0.0894	-0.0919	0.2230
538.00	26	-0.0884	-0.0920	0.2096
539.00	26	-0.0866	-0.0949	0.1447
540.00	27	-0.7359	-1.0105	0.1673
541.00	27	-0.7772	-1.0412	0.8231
542.00	27	-0.7556	-1.0269	0.8253
543.00	27	-0.6597	-0.9099	0.8362
544.00	27	-0.3496	-0.5358	0.8150
545.00	27	-0.2346	-0.3570	0.6178
546.00	27	-0.2468	-0.3849	0.5325
547.00	27	-0.1762	-0.1142	0.5571
548.00	27	-0.1291	-0.0055	0.5631
549.00	27	-0.1107	-0.0542	0.6029
550.00	27	-0.1015	-0.0931	0.4245
551.00	27	-0.1003	-0.0927	0.4017
552.00	27	-0.0997	-0.0926	0.3915
553.00	27	-0.0986	-0.0924	0.3710
554.00	27	-0.0977	-0.0921	0.3534
555.00	27	-0.0935	-0.0918	0.2842
556.00	27	-0.0907	-0.0917	0.2406
557.00	27	-0.0919	-0.0918	0.2585
558.00	27	-0.0862	-0.0920	0.1870
559.00	27	-0.0866	-0.0949	0.1447
560.00	28	-0.7385	-1.0128	0.2180
561.00	28	-0.7791	-1.0440	0.8205
562.00	28	-0.7549	-1.0270	0.8264
563.00	28	-0.6628	-0.9133	0.8360
564.00	28	-0.3511	-0.5383	0.8157
565.00	28	-0.2344	-0.3574	0.6153
566.00	28	-0.2469	-0.3824	0.5353
567.00	28	-0.1768	-0.1163	0.5571
568.00	28	-0.1292	-0.0055	0.5629
569.00	28	-0.1114	-0.0514	0.6012
570.00	28	-0.1037	-0.0939	0.4724
571.00	28	-0.1001	-0.0927	0.3983
572.00	28	-0.1007	-0.0928	0.4083
573.00	28	-0.0964	-0.0920	0.3318
574.00	28	-0.0960	-0.0919	0.3247
575.00	28	-0.0931	-0.0918	0.2768
576.00	28	-0.0941	-0.0918	0.2916
577.00	28	-0.0884	-0.0920	0.2096
578.00	28	-0.0878	-0.0921	0.2030
579.00	28	-0.0866	-0.0949	0.1447
580.00	29	-0.7385	-1.0128	0.2180
581.00	29	-0.7781	-1.0425	0.8220
582.00	29	-0.7553	-1.0269	0.8258
583.00	29	-0.6550	-0.9047	0.8364
584.00	29	-0.3496	-0.5358	0.8150
585.00	29	-0.2344	-0.3574	0.6153
586.00	29	-0.2469	-0.3824	0.5353
587.00	29	-0.1730	-0.1038	0.5568
588.00	29	-0.1269	-0.0072	0.5659
589.00	29	-0.1107	-0.0539	0.6027
590.00	29	-0.1019	-0.0932	0.4341
591.00	29	-0.1023	-0.0934	0.4434
592.00	29	-0.0997	-0.0926	0.3915
593.00	29	-0.0968	-0.0921	0.3390
594.00	29	-0.0947	-0.0918	0.3026
595.00	29	-0.0927	-0.0918	0.2695
596.00	29	-0.0931	-0.0918	0.2768
597.00	29	-0.0872	-0.0921	0.1965
598.00	29	-0.0897	-0.0919	0.2265
599.00	29	-0.0866	-0.0949	0.1447
600.00	30	-0.7400	-1.0143	0.2451
601.00	30	-0.7793	-1.0443	0.8201
602.00	30	-0.7561	-1.0267	0.8247
603.00	30	-0.6550	-0.9047	0.8364
604.00	30	-0.3480	-0.5334	0.8143
605.00	30	-0.2341	-0.3594	0.6014
606.00	30	-0.2470	-0.3838	0.5339
607.00	30	-0.1705	-0.0957	0.5564
608.00	30	-0.1294	-0.0054	0.5627
609.00	30	-0.1121	-0.0492	0.6000
610.00	30	-0.1021	-0.0933	0.4372
611.00	30	-0.0997	-0.0926	0.3915
612.00	30	-0.0992	-0.0924	0.3814
613.00	30	-0.0980	-0.0922	0.3605
614.00	30	-0.0962	-0.0919	0.3283
615.00	30	-0.0914	-0.0918	0.2513
616.00	30	-0.0897	-0.0919	0.2265
617.00	30	-0.0900	-0.0918	0.2300
618.00	30	-0.0872	-0.0921	0.1965
619.00	30	-0.0866	-0.0949	0.1447
620.00	31	-0.7354	-1.0101	0.1556
621.00	31	-0.7774	-1.0415	0.8228
622.00	31	-0.7560	-1.0267	0.8249
623.00	31	-0.6439	-0.8924	0.8369
624.00	31	-0.3466	-0.5310	0.8136
625.00	31	-0.2341	-0.3598	0.5989
626.00	31	-0.2470	-0.3840	0.5336
627.00	31	-0.1768	-0.1163	0.5571
628.00	31	-0.1279	-0.0063	0.5644
629.00	31	-0.1113	-0.0520	0.6016
630.00	31	-0.1021	-0.0933	0.4372
631.00	31	-0.1008	-0.0928	0.4116
632.00	31	-0.0997	-0.0926	0.3915
633.00	31	-0.0958	-0.0919	0.3210
634.00	31	-0.0966	-0.0920	0.3354
635.00	31	-0.0943	-0.0918	0.2953
636.00	31	-0.0897	-0.0919	0.2265
637.00	31	-0.0862	-0.0920	0.1870
638.00	31	-0.0872	-0.0921	0.1965
639.00	31	-0.0866	-0.0949	0.1447
640.00	32	-0.7374	-1.0119	0.1983
641.00	32	-0.7756	-1.0392	0.8248
642.00	32	-0.7554	-1.0269	0.8256
643.00	32	-0.6471	-0.8960	0.8368
644.00	32	-0.3603	-0.5529	0.8191
645.00	32	-0.2342	-0.3586	0.6065
646.00	32	-0.2468	-0.3808	0.5365
647.00	32	-0.1718	-0.0997	0.5566
648.00	32	-0.1266	-0.0075	0.5664
649.00	32	-0.1119	-0.0498	0.6003
650.00	32	-0.1013	-0.0930	0.4213
651.00	32	-0.0994	-0.0925	0.3848
652.00	32	-0.0999	-0.0926	0.3949
653.00	32	-0.0984	-0.0923	0.3675
654.00	32	-0.0953	-0.0918	0.3136
655.00	32	-0.0947	-0.0918	0.3026
656.00	32	-0.0897	-0.0919	0.2265
657.00	32	-0.0892	-0.0919	0.2197
658.00	32	-0.0846	-0.0922	0.1747
659.00	32	-0.0866	-0.0949	0.1447
660.00	33	-0.7389	-1.0132	0.2247
661.00	33	-0.7789	-1.0437	0.8208
662.00	33	-0.7548	-1.0271	0.8267
663.00	33	-0.6550	-0.9047	0.8364
664.00	33	-0.3437	-0.5262	0.8121
665.00	33	-0.2341	-0.3588	0.6053
666.00	33	-0.2467	-0.3804	0.5367
667.00	33	-0.1681	-0.0878	0.5563
668.00	33	-0.1264	-0.0076	0.5666
669.00	33	-0.1106	-0.0545	0.6031
670.00	33	-0.1026	-0.0935	0.4495
671.00	33	-0.0994	-0.0925	0.3848
672.00	33	-0.0999	-0.0926	0.3949
673.00	33	-0.0964	-0.0920	0.3318
674.00	33	-0.0927	-0.0918	0.2695
675.00	33	-0.0919	-0.0918	0.2585
676.00	33	-0.0907	-0.0917	0.2406
677.00	33	-0.0884	-0.0920	0.2096
678.00	33	-0.0878	-0.0921	0.2030
679.00	33	-0.0866	-0.0949	0.1447
680.00	34	-0.7389	-1.0132	0.2247
681.00	34	-0.7768	-1.0406	0.8237
682.00	34	-0.7551	-1.0269	0.8260
683.00	34	-0.6471	-0.8960	0.8368
684.00	34	-0.3437	-0.5262	0.8121
685.00	34	-0.2341	-0.3592	0.6027
686.00	34	-0.2469	-0.3845	0.5330
687.00	34	-0.1749	-0.1100	0.5569
688.00	34	-0.1263	-0.0078	0.5668
689.00	34	-0.1101	-0.0561	0.6039
690.00	34	-0.1011	-0.0930	0.4180
691.00	34	-0.1003	-0.0927	0.4017
692.00	34	-0.0978	-0.0922	0.3570
693.00	34	-0.0964	-0.0920	0.3318
694.00	34	-0.0943	-0.0918	0.2953
695.00	34	-0.0945	-0.0918	0.2990
696.00	34	-0.0927	-0.0918	0.2695
697.00	34	-0.0853	-0.0921	0.1808
698.00	34	-0.0831	-0.0923	0.1634
699.00	34	-0.0866	-0.0949	0.1447
700.00	35	-0.7377	-1.0122	0.2047
701.00	35	-0.7776	-1.0419	0.8225
702.00	35	-0.7562	-1.0267	0.8246
703.00	35	-0.6357	-0.8834	0.8371
704.00	35	-0.3307	-0.5049	0.8043
705.00	35	-0.2341	-0.3598	0.5989
706.00	35	-0.2467	-0.3799	0.5370
707.00	35	-0.1781	-0.1205	0.5573
708.00	35	-0.1289	-0.0056	0.5633
709.00	35	-0.1102	-0.0558	0.6037
710.00	35	-0.1019	-0.0932	0.4341
711.00	35	-0.1001	-0.0927	0.3983
712.00	35	-0.0997	-0.0926	0.3915
713.00	35	-0.0982	-0.0923	0.3640
714.00	35	-0.0929	-0.0918	0.2732
715.00	35	-0.0938	-0.0918	0.2879
716.00	35	-0.0897	-0.0919	0.2265
717.00	35	-0.0894	-0.0919	0.2230
718.00	35	-0.0814	-0.0925	0.1527
719.00	35	-0.0866	-0.0949	0.1447
720.00	36	-0.7377	-1.0122	0.2047
721.00	36	-0.7774	-1.0415	0.8228
722.00	36	-0.7559	-1.0268	0.8249
723.00	36	-0.6439	-0.8924	0.8369
724.00	36	-0.3437	-0.5262	0.8121
725.00	36	-0.2342	-0.3584	0.6078
726.00	36	-0.2469	-0.3827	0.5350
727.00	36	-0.1768	-0.1163	0.5571
728.00	36	-0.1270	-0.0071	0.5656
729.00	36	-0.1099	-0.0570	0.6046
730.00	36	-0.1022	-0.0934	0.4403
731.00	36	-0.1007	-0.0928	0.4083
732.00	36	-0.0970	-0.0921	0.3427
733.00	36	-0.0956	-0.0919	0.3173
734.00	36	-0.0947	-0.0918	0.3026
735.00	36	-0.0900	-0.0918	0.2300
736.00	36	-0.0900	-0.0918	0.2300
737.00	36	-0.0862	-0.0920	0.1870
738.00	36	-0.0869	-0.0921	0.1933
739.00	36	-0.0866	-0.0949	0.1447
740.00	37	-0.7416	-1.0158	0.2728
741.00	37	-0.7745	-1.0377	0.8259
742.00	37	-0.7552	-1.0269	0.8259
743.00	37	-0.6455	-0.8942	0.8369
744.00	37	-0.3496	-0.5358	0.8150
745.00	37	-0.2341	-0.3602	0.5965
746.00	37	-0.2469	-0.3830	0.5347
747.00	37	-0.1705	-0.0957	0.5564
748.00	37	-0.1282	-0.0061	0.5640
749.00	37	-0.1099	-0.0570	0.6046
750.00	37	-0.1003	-0.0927	0.4017
751.00	37	-0.0988	-0.0923	0.3745
752.00	37	-0.0988	-0.0923	0.3745
753.00	37	-0.0953	-0.0918	0.3136
754.00	37	-0.0927	-0.0918	0.2695
755.00	37	-0.0929	-0.0918	0.2732
756.00	37	-0.0894	-0.0919	0.2230
757.00	37	-0.0900	-0.0918	0.2300
758.00	37	-0.0849	-0.0921	0.1778
759.00	37	-0.0866	-0.0949	0.1447
760.00	38	-0.7369	-1.0112	0.1857
761.00	38	-0.7770	-1.0409	0.8234
762.00	38	-0.7554	-1.0269	0.8256
763.00	38	-0.6222	-0.8685	0.8373
764.00	38	-0.3407	-0.5214	0.8105
765.00	38	-0.2341	-0.3588	0.6053
766.00	38	-0.2469	-0.3832	0.5345
767.00	38	-0.1730	-0.1038	0.5568
768.00	38	-0.1263	-0.0078	0.5668
769.00	38	-0.1098	-0.0573	0.6047
770.00	38	-0.0997	-0.0926	0.3915
771.00	38	-0.0999	-0.0926	0.3949
772.00	38	-0.0968	-0.0921	0.3390
773.00	38	-0.0935	-0.0918	0.2842
774.00	38	-0.0927	-0.0918	0.2695
775.00	38	-0.0907	-0.0917	0.2406
776.00	38	-0.0892	-0.0919	0.2197
777.00	38	-0.0884	-0.0920	0.2096
778.00	38	-0.0842	-0.0922	0.1719
779.00	38	-0.0866	-0.0949	0.1447
780.00	39	-0.7369	-1.0112	0.1857
781.00	39	-0.7778	-1.0422	0.8223
782.00	39	-0.7565	-1.0267	0.8241
783.00	39	-0.6273	-0.8742	0.8372
784.00	39	-0.3349	-0.5119	0.8070
785.00	39	-0.2341	-0.3604	0.5952
786.00	39	-0.2467	-0.3799	0.5370
787.00	39	-0.1669	-0.0841	0.5561
788.00	39	-0.1282	-0.0061	0.5640
789.00	39	-0.1100	-0.0564	0.6042
790.00	39	-0.1005	-0.0927	0.4050
791.00	39	-0.0994	-0.0925	0.3848
792.00	39	-0.0984	-0.0923	0.3675
793.00	39	-0.0933	-0.0918	0.2805
794.00	39	-0.0941	-0.0918	0.2916
795.00	39	-0.0924	-0.0918	0.2659
796.00	39	-0.0916	-0.0918	0.2549
797.00	39	-0.0857	-0.0920	0.1839
798.00	39	-0.0866	-0.0920	0.1901
799.00	39	-0.0866	-0.0949	0.1447
800.00	40	-0.7371	-1.0116	0.1920
801.00	40	-0.7743	-1.0375	0.8261
802.00	40	-0.7556	-1.0269	0.8253
803.00	40	-0.6340	-0.8816	0.8372
804.00	40	-0.3378	-0.5167	0.8088
805.00	40	-0.2342	-0.3582	0.6090
806.00	40	-0.2469	-0.3824	0.5353
807.00	40	-0.1724	-0.1017	0.5567
808.00	40	-0.1253	-0.0089	0.5683
809.00	40	-0.1098	-0.0573	0.6047
810.00	40	-0.1007	-0.0928	0.4083
811.00	40	-0.0970	-0.0921	0.3427
812.00	40	-0.0984	-0.0923	0.3675
813.00	40	-0.0958	-0.0919	0.3210
814.00	40	-0.0909	-0.0918	0.2441
815.00	40	-0.0889	-0.0919	0.2163
816.00	40	-0.0902	-0.0918	0.2335
817.00	40	-0.0831	-0.0923	0.1634
818.00	40	-0.0866	-0.0920	0.1901
819.00	40	-0.0866	-0.0949	0.1447
820.00	41	-0.7408	-1.0151	0.2588
821.00	41	-0.7750	-1.0382	0.8255
822.00	41	-0.7553	-1.0269	0.8258
823.00	41	-0.6118	-0.8571	0.8374
824.00	41	-0.3252	-0.4957	0.8004
825.00	41	-0.2341	-0.3588	0.6053
826.00	41	-0.2469	-0.3816	0.5359
827.00	41	-0.1743	-0.1079	0.5568
828.00	41	-0.1257	-0.0084	0.5676
829.00	41	-0.1099	-0.0570	0.6046
830.00	41	-0.0994	-0.0925	0.3848
831.00	41	-0.0972	-0.0921	0.3463
832.00	41	-0.0972	-0.0921	0.3463
833.00	41	-0.0935	-0.0918	0.2842
834.00	41	-0.0929	-0.0918	0.2732
835.00	41	-0.0911	-0.0918	0.2477
836.00	41	-0.0902	-0.0918	0.2335
837.00	41	-0.0862	-0.0920	0.1870
838.00	41	-0.0814	-0.0925	0.1527
839.00	41	-0.0866	-0.0949	0.1447
840.00	42	-0.7437	-1.0180	0.3081
841.00	42	-0.7735	-1.0363	0.8270
842.00	42	-0.7563	-1.0267	0.8245
843.00	42	-0.6135	-0.8591	0.8373
844.00	42	-0.3378	-0.5167	0.8088
845.00	42	-0.2341	-0.3615	0.5889
846.00	42	-0.2459	-0.3742	0.5399
847.00	42	-0.1681	-0.0878	0.5563
848.00	42	-0.1273	-0.0068	0.5652
849.00	42	-0.1099	-0.0570	0.6046
850.00	42	-0.1015	-0.0931	0.4245
851.00	42	-0.0994	-0.0925	0.3848
852.00	42	-0.0962	-0.0919	0.3283
853.00	42	-0.0933	-0.0918	0.2805
854.00	42	-0.0949	-0.0918	0.3063
855.00	42	-0.0894	-0.0919	0.2230
856.00	42	-0.0878	-0.0921	0.2030
857.00	42	-0.0849	-0.0921	0.1778
858.00	42	-0.0806	-0.0925	0.1479
859.00	42	-0.0866	-0.0949	0.1447
860.00	43	-0.7404	-1.0146	0.2519
861.00	43	-0.7741	-1.0372	0.8263
862.00	43	-0.7556	-1.0269	0.8253
863.00	43	-0.6135	-0.8591	0.8373
864.00	43	-0.3437	-0.5262	0.8121
865.00	43	-0.2341	-0.3598	0.5989
866.00	43	-0.2469	-0.3824	0.5353
867.00	43	-0.1652	-0.0789	0.5559
868.00	43	-0.1261	-0.0080	0.5669
869.00	43	-0.1104	-0.0551	0.6034
870.00	43	-0.0988	-0.0923	0.3745
871.00	43	-0.0988	-0.0923	0.3745
872.00	43	-0.0968	-0.0921	0.3390
873.00	43	-0.0935	-0.0918	0.2842
874.00	43	-0.0921	-0.0918	0.2622
875.00	43	-0.0909	-0.0918	0.2441
876.00	43	-0.0894	-0.0919	0.2230
877.00	43	-0.0835	-0.0922	0.1663
878.00	43	-0.0835	-0.0937	0.1476
879.00	43	-0.0866	-0.0949	0.1447
880.00	44	-0.7400	-1.0143	0.2451
881.00	44	-0.7765	-1.0403	0.8239
882.00	44	-0.7558	-1.0268	0.8250
883.00	44	-0.6307	-0.8779	0.8372
884.00	44	-0.3252	-0.4957	0.8004
885.00	44	-0.2341	-0.3592	0.6027
886.00	44	-0.2460	-0.3749	0.5395
887.00	44	-0.1718	-0.0997	0.5566
888.00	44	-0.1255	-0.0087	0.5681
889.00	44	-0.1100	-0.0564	0.6042
890.00	44	-0.1001	-0.0927	0.3983
891.00	44	-0.0996	-0.0925	0.3882
892.00	44	-0.0975	-0.0921	0.3499
893.00	44	-0.0964	-0.0920	0.3318
894.00	44	-0.0929	-0.0918	0.2732
895.00	44	-0.0921	-0.0918	0.2622
896.00	44	-0.0849	-0.0921	0.1778
897.00	44	-0.0857	-0.0920	0.1839
898.00	44	-0.0832	-0.0936	0.1469
899.00	44	-0.0866	-0.0949	0.1447
900.00	45	-0.7460	-1.0202	0.3440
901.00	45	-0.7754	-1.0388	0.8251
902.00	45	-0.7565	-1.0267	0.8241
903.00	45	-0.6118	-0.8571	0.8374
904.00	45	-0.3392	-0.5191	0.8096
905.00	45	-0.2342	-0.3633	0.5789
906.00	45	-0.2458	-0.3735	0.5402
907.00	45	-0.1623	-0.0693	0.5553
908.00	45	-0.1260	-0.0081	0.5672
909.00	45	-0.1103	-0.0555	0.6036
910.00	45	-0.0990	-0.0924	0.3779
911.00	45	-0.0997	-0.0926	0.3915
912.00	45	-0.0970	-0.0921	0.3427
913.00	45	-0.0941	-0.0918	0.2916
914.00	45	-0.0907	-0.0917	0.2406
915.00	45	-0.0916	-0.0918	0.2549
916.00	45	-0.0849	-0.0921	0.1778
917.00	45	-0.0842	-0.0922	0.1719
918.00	45	-0.0846	-0.0922	0.1747
919.00	45	-0.0866	-0.0949	0.1447
920.00	46	-0.7421	-1.0162	0.2799
921.00	46	-0.7725	-1.0354	0.8277
922.00	46	-0.7573	-1.0265	0.8234
923.00	46	-0.6135	-0.8591	0.8373
924.00	46	-0.3185	-0.4844	0.7952
925.00	46	-0.2341	-0.3596	0.6002
926.00	46	-0.2457	-0.3727	0.5405
927.00	46	-0.1618	-0.0677	0.5552
928.00	46	-0.1256	-0.0086	0.5679
929.00	46	-0.1097	-0.0576	0.6049
930.00	46	-0.0992	-0.0924	0.3814
931.00	46	-0.0964	-0.0920	0.3318
932.00	46	-0.0956	-0.0919	0.3173
933.00	46	-0.0947	-0.0918	0.3026
934.00	46	-0.0921	-0.0918	0.2622
935.00	46	-0.0907	-0.0917	0.2406
936.00	46	-0.0881	-0.0920	0.2063
937.00	46	-0.0818	-0.0925	0.1553
938.00	46	-0.0822	-0.0924	0.1580
939.00	46	-0.0866	-0.0949	0.1447
940.00	47	-0.7460	-1.0202	0.3440
941.00	47	-0.7750	-1.0382	0.8255
942.00	47	-0.7570	-1.0266	0.8236
943.00	47	-0.6273	-0.8742	0.8372
944.00	47	-0.3378	-0.5167	0.8088
945.00	47	-0.2340	-0.3608	0.5927
946.00	47	-0.2465	-0.3784	0.5379
947.00	47	-0.1669	-0.0841	0.5561
948.00	47	-0.1255	-0.0087	0.5681
949.00	47	-0.1100	-0.0564	0.6042
950.00	47	-0.0978	-0.0922	0.3570
951.00	47	-0.0992	-0.0924	0.3814
952.00	47	-0.0938	-0.0918	0.2879
953.00	47	-0.0916	-0.0918	0.2549
954.00	47	-0.0933	-0.0918	0.2805
955.00	47	-0.0909	-0.0918	0.2441
956.00	47	-0.0872	-0.0921	0.1965
957.00	47	-0.0818	-0.0925	0.1553
958.00	47	-0.0827	-0.0924	0.1607
959.00	47	-0.0866	-0.0949	0.1447
960.00	48	-0.7464	-1.0206	0.3511
961.00	48	-0.7747	-1.0380	0.8257
962.00	48	-0.7565	-1.0267	0.8241
963.00	48	-0.6307	-0.8779	0.8372
964.00	48	-0.3378	-0.5167	0.8088
965.00	48	-0.2341	-0.3617	0.5877
966.00	48	-0.2458	-0.3735	0.5402
967.00	48	-0.1681	-0.0878	0.5563
968.00	48	-0.1249	-0.0095	0.5689
969.00	48	-0.1091	-0.0600	0.6062
970.00	48	-0.0999	-0.0926	0.3949
971.00	48	-0.0966	-0.0920	0.3354
972.00	48	-0.0945	-0.0918	0.2990
973.00	48	-0.0951	-0.0919	0.3099
974.00	48	-0.0897	-0.0919	0.2265
975.00	48	-0.0902	-0.0918	0.2335
976.00	48	-0.0866	-0.0920	0.1901
977.00	48	-0.0806	-0.0926	0.1444
978.00	48	-0.0827	-0.0924	0.1607
979.00	48	-0.0866	-0.0949	0.1447
980.00	49	-0.7474	-1.0216	0.3653
981.00	49	-0.7723	-1.0351	0.8279
982.00	49	-0.7561	-1.0267	0.8247
983.00	49	-0.6065	-0.8513	0.8374
984.00	49	-0.3238	-0.4934	0.7994
985.00	49	-0.2340	-0.3608	0.5927
986.00	49	-0.2449	-0.3680	0.5421
987.00	49	-0.1658	-0.0806	0.5559
988.00	49	-0.1244	-0.0102	0.5698
989.00	49	-0.1091	-0.0598	0.6061
990.00	49	-0.0980	-0.0922	0.3605
991.00	49	-0.0958	-0.0919	0.3210
992.00	49	-0.0945	-0.0918	0.2990
993.00	49	-0.0933	-0.0918	0.2805
994.00	49	-0.0889	-0.0919	0.2163
995.00	49	-0.0905	-0.0918	0.2370
996.00	49	-0.0853	-0.0921	0.1808
997.00	49	-0.0866	-0.0920	0.1901
998.00	49	-0.0832	-0.0936	0.1469
999.00	49	-0.0866	-0.0949	0.1447
