0.00	0	0.0680	1.1191	0.8446
1.00	0	0.0894	1.0928	0.9056
2.00	0	0.1048	0.5359	0.7183
3.00	0	0.0888	0.3573	0.5549
4.00	0	0.0889	0.3676	0.5780
5.00	0	-0.0719	0.0614	0.4642
6.00	0	-0.0453	0.0532	0.4419
7.00	0	0.0041	-0.0128	0.4697
8.00	0	-0.0348	0.0143	0.4933
9.00	0	-0.0569	-0.0213	0.4933
10.00	0	-0.0298	-0.0779	0.5076
11.00	0	-0.0299	-0.0765	0.5074
12.00	0	-0.0298	-0.0757	0.5073
13.00	0	-0.0292	-0.0739	0.5054
14.00	0	-0.0280	-0.0715	0.4942
15.00	0	-0.0268	-0.0700	0.4770
16.00	0	-0.0250	-0.0683	0.4458
17.00	0	-0.0231	-0.0669	0.4072
18.00	0	-0.0210	-0.0654	0.3588
19.00	0	-0.0147	-0.0426	0.1455
20.00	1	0.0680	1.1191	0.8446
21.00	1	0.0897	1.0922	0.8998
22.00	1	0.1021	0.5107	0.7176
23.00	1	0.0888	0.3573	0.5549
24.00	1	0.0889	0.3680	0.5778
25.00	1	-0.0719	0.0614	0.4642
26.00	1	-0.0452	0.0541	0.4413
27.00	1	0.0039	-0.0125	0.4701
28.00	1	-0.0371	0.0120	0.4934
29.00	1	-0.0552	-0.0217	0.4934
30.00	1	-0.0297	-0.0786	0.5076
31.00	1	-0.0299	-0.0764	0.5074
32.00	1	-0.0294	-0.0745	0.5065
33.00	1	-0.0292	-0.0739	0.5054
34.00	1	-0.0283	-0.0720	0.4977
35.00	1	-0.0260	-0.0692	0.4639
36.00	1	-0.0250	-0.0683	0.4458
37.00	1	-0.0228	-0.0667	0.4011
38.00	1	-0.0210	-0.0654	0.3588
39.00	1	-0.0147	-0.0426	0.1455
40.00	2	0.0680	1.1191	0.8446
41.00	2	0.0899	1.0917	0.8967
42.00	2	0.1035	0.5246	0.7181
43.00	2	0.0888	0.3573	0.5549
44.00	2	0.0889	0.3668	0.5784
45.00	2	-0.0720	0.0613	0.4630
46.00	2	-0.0452	0.0545	0.4412
47.00	2	0.0043	-0.0131	0.4694
48.00	2	-0.0380	0.0109	0.4934
49.00	2	-0.0499	-0.0229	0.4938
50.00	2	-0.0298	-0.0783	0.5076
51.00	2	-0.0299	-0.0761	0.5074
52.00	2	-0.0296	-0.0750	0.5071
53.00	2	-0.0290	-0.0732	0.5038
54.00	2	-0.0283	-0.0720	0.4977
55.00	2	-0.0264	-0.0695	0.4699
56.00	2	-0.0253	-0.0685	0.4507
57.00	2	-0.0221	-0.0662	0.3853
58.00	2	-0.0210	-0.0654	0.3588
59.00	2	-0.0147	-0.0426	0.1455
60.00	3	0.0680	1.1191	0.8446
61.00	3	0.0900	1.0916	0.8956
62.00	3	0.1048	0.5359	0.7183
63.00	3	0.0889	0.3577	0.5548
64.00	3	0.0887	0.3688	0.5774
65.00	3	-0.0720	0.0614	0.4547
66.00	3	-0.0452	0.0543	0.4412
67.00	3	0.0041	-0.0128	0.4697
68.00	3	-0.0361	0.0129	0.4933
69.00	3	-0.0569	-0.0213	0.4933
70.00	3	-0.0297	-0.0786	0.5076
71.00	3	-0.0300	-0.0773	0.5075
72.00	3	-0.0298	-0.0757	0.5073
73.00	3	-0.0292	-0.0739	0.5054
74.00	3	-0.0282	-0.0719	0.4969
75.00	3	-0.0271	-0.0703	0.4803
76.00	3	-0.0242	-0.0677	0.4303
77.00	3	-0.0233	-0.0670	0.4103
78.00	3	-0.0198	-0.0644	0.3240
79.00	3	-0.0147	-0.0426	0.1455
80.00	4	0.0696	1.1185	0.8475
81.00	4	0.0895	1.0926	0.9037
82.00	4	0.1030	0.5190	0.7179
83.00	4	0.0888	0.3573	0.5549
84.00	4	0.0887	0.3687	0.5775
85.00	4	-0.0720	0.0613	0.4582
86.00	4	-0.0451	0.0547	0.4411
87.00	4	0.0040	-0.0126	0.4700
88.00	4	-0.0344	0.0148	0.4933
89.00	4	-0.0569	-0.0213	0.4933
90.00	4	-0.0298	-0.0779	0.5075
91.00	4	-0.0299	-0.0766	0.5074
92.00	4	-0.0298	-0.0757	0.5073
93.00	4	-0.0289	-0.0731	0.5033
94.00	4	-0.0277	-0.0711	0.4898
95.00	4	-0.0260	-0.0692	0.4639
96.00	4	-0.0253	-0.0685	0.4507
97.00	4	-0.0216	-0.0659	0.3755
98.00	4	-0.0198	-0.0644	0.3240
99.00	4	-0.0147	-0.0426	0.1455
100.00	5	0.0713	1.1179	0.8493
101.00	5	0.0895	1.0927	0.9046
102.00	5	0.1006	0.4968	0.7170
103.00	5	0.0888	0.3573	0.5549
104.00	5	0.0889	0.3678	0.5779
105.00	5	-0.0722	0.0616	0.4486
106.00	5	-0.0451	0.0547	0.4411
107.00	5	0.0043	-0.0131	0.4694
108.00	5	-0.0397	0.0090	0.4934
109.00	5	-0.0552	-0.0217	0.4934
110.00	5	-0.0298	-0.0779	0.5075
111.00	5	-0.0300	-0.0767	0.5074
112.00	5	-0.0294	-0.0743	0.5064
113.00	5	-0.0284	-0.0721	0.4985
114.00	5	-0.0271	-0.0703	0.4818
115.00	5	-0.0269	-0.0701	0.4787
116.00	5	-0.0253	-0.0685	0.4507
117.00	5	-0.0218	-0.0660	0.3788
118.00	5	-0.0210	-0.0654	0.3588
119.00	5	-0.0147	-0.0426	0.1455
120.00	6	0.0702	1.1182	0.8482
121.00	6	0.0898	1.0920	0.8988
122.00	6	0.1048	0.5359	0.7183
123.00	6	0.0889	0.3582	0.5548
124.00	6	0.0888	0.3685	0.5776
125.00	6	-0.0722	0.0616	0.4496
126.00	6	-0.0452	0.0545	0.4412
127.00	6	0.0043	-0.0131	0.4694
128.00	6	-0.0344	0.0148	0.4933
129.00	6	-0.0435	-0.0247	0.4942
130.00	6	-0.0299	-0.0776	0.5076
131.00	6	-0.0300	-0.0773	0.5075
132.00	6	-0.0298	-0.0757	0.5073
133.00	6	-0.0287	-0.0728	0.5018
134.00	6	-0.0278	-0.0712	0.4910
135.00	6	-0.0271	-0.0703	0.4803
136.00	6	-0.0244	-0.0678	0.4330
137.00	6	-0.0225	-0.0665	0.3949
138.00	6	-0.0210	-0.0654	0.3588
139.00	6	-0.0147	-0.0426	0.1455
140.00	7	0.0683	1.1190	0.8452
141.00	7	0.0896	1.0924	0.9018
142.00	7	0.1048	0.5359	0.7183
143.00	7	0.0890	0.3596	0.5548
144.00	7	0.0889	0.3663	0.5785
145.00	7	-0.0720	0.0614	0.4593
146.00	7	-0.0453	0.0534	0.4418
147.00	7	0.0034	-0.0118	0.4708
148.00	7	-0.0417	0.0068	0.4934
149.00	7	-0.0491	-0.0231	0.4939
150.00	7	-0.0298	-0.0781	0.5076
151.00	7	-0.0300	-0.0767	0.5074
152.00	7	-0.0297	-0.0751	0.5072
153.00	7	-0.0290	-0.0734	0.5042
154.00	7	-0.0281	-0.0716	0.4952
155.00	7	-0.0271	-0.0703	0.4803
156.00	7	-0.0242	-0.0677	0.4303
157.00	7	-0.0226	-0.0666	0.3980
158.00	7	-0.0195	-0.0640	0.3134
159.00	7	-0.0147	-0.0426	0.1455
160.00	8	0.0707	1.1181	0.8488
161.00	8	0.0900	1.0913	0.8935
162.00	8	0.1000	0.4914	0.7168
163.00	8	0.0890	0.3590	0.5547
164.00	8	0.0889	0.3670	0.5783
165.00	8	-0.0719	0.0614	0.4642
166.00	8	-0.0452	0.0541	0.4413
167.00	8	0.0041	-0.0128	0.4697
168.00	8	-0.0344	0.0148	0.4933
169.00	8	-0.0534	-0.0221	0.4935
170.00	8	-0.0298	-0.0783	0.5076
171.00	8	-0.0300	-0.0773	0.5075
172.00	8	-0.0295	-0.0746	0.5067
173.00	8	-0.0283	-0.0720	0.4977
174.00	8	-0.0275	-0.0709	0.4873
175.00	8	-0.0264	-0.0695	0.4699
176.00	8	-0.0247	-0.0680	0.4383
177.00	8	-0.0209	-0.0653	0.3553
178.00	8	-0.0199	-0.0645	0.3275
179.00	8	-0.0147	-0.0426	0.1455
180.00	9	0.0694	1.1186	0.8471
181.00	9	0.0898	1.0920	0.8988
182.00	9	0.1024	0.5134	0.7177
183.00	9	0.0889	0.3579	0.5548
184.00	9	0.0888	0.3685	0.5776
185.00	9	-0.0721	0.0614	0.4536
186.00	9	-0.0454	0.0521	0.4427
187.00	9	0.0040	-0.0127	0.4699
188.00	9	-0.0384	0.0104	0.4934
189.00	9	-0.0463	-0.0239	0.4940
190.00	9	-0.0298	-0.0783	0.5076
191.00	9	-0.0297	-0.0754	0.5072
192.00	9	-0.0297	-0.0754	0.5072
193.00	9	-0.0285	-0.0722	0.4993
194.00	9	-0.0281	-0.0718	0.4960
195.00	9	-0.0271	-0.0703	0.4803
196.00	9	-0.0251	-0.0684	0.4483
197.00	9	-0.0231	-0.0669	0.4072
198.00	9	-0.0210	-0.0654	0.3588
199.00	9	-0.0147	-0.0426	0.1455
200.00	10	0.0731	1.1170	0.8500
201.00	10	0.0900	1.0916	0.8956
202.00	10	0.1033	0.5218	0.7180
203.00	10	0.0889	0.3589	0.5547
204.00	10	0.0889	0.3674	0.5781
205.00	10	-0.0720	0.0614	0.4570
206.00	10	-0.0452	0.0545	0.4412
207.00	10	0.0032	-0.0115	0.4711
208.00	10	-0.0417	0.0068	0.4934
209.00	10	-0.0499	-0.0229	0.4938
210.00	10	-0.0297	-0.0786	0.5076
211.00	10	-0.0299	-0.0763	0.5074
212.00	10	-0.0297	-0.0751	0.5072
213.00	10	-0.0285	-0.0722	0.4993
214.00	10	-0.0274	-0.0707	0.4861
215.00	10	-0.0255	-0.0686	0.4531
216.00	10	-0.0239	-0.0675	0.4247
217.00	10	-0.0214	-0.0657	0.3689
218.00	10	-0.0196	-0.0641	0.3169
219.00	10	-0.0147	-0.0426	0.1455
220.00	11	0.0699	1.1184	0.8478
221.00	11	0.0902	1.0910	0.8914
222.00	11	0.1038	0.5275	0.7182
223.00	11	0.0890	0.3598	0.5549
224.00	11	0.0889	0.3663	0.5785
225.00	11	-0.0720	0.0613	0.4606
226.00	11	-0.0453	0.0516	0.4430
227.00	11	0.0035	-0.0119	0.4707
228.00	11	-0.0361	0.0129	0.4933
229.00	11	-0.0552	-0.0217	0.4934
230.00	11	-0.0298	-0.0782	0.5076
231.00	11	-0.0299	-0.0766	0.5074
232.00	11	-0.0297	-0.0754	0.5072
233.00	11	-0.0286	-0.0724	0.5000
234.00	11	-0.0268	-0.0700	0.4770
235.00	11	-0.0258	-0.0690	0.4597
236.00	11	-0.0247	-0.0680	0.4383
237.00	11	-0.0210	-0.0654	0.3588
238.00	11	-0.0198	-0.0644	0.3240
239.00	11	-0.0147	-0.0426	0.1455
240.00	12	0.0702	1.1182	0.8482
241.00	12	0.0900	1.0913	0.8935
242.00	12	0.1030	0.5190	0.7179
243.00	12	0.0890	0.3594	0.5547
244.00	12	0.0887	0.3656	0.5788
245.00	12	-0.0722	0.0616	0.4486
246.00	12	-0.0452	0.0543	0.4412
247.00	12	0.0037	-0.0122	0.4703
248.00	12	-0.0421	0.0062	0.4934
249.00	12	-0.0508	-0.0227	0.4937
250.00	12	-0.0300	-0.0775	0.5076
251.00	12	-0.0299	-0.0766	0.5074
252.00	12	-0.0290	-0.0732	0.5038
253.00	12	-0.0288	-0.0730	0.5028
254.00	12	-0.0266	-0.0698	0.4736
255.00	12	-0.0259	-0.0691	0.4619
256.00	12	-0.0225	-0.0665	0.3949
257.00	12	-0.0205	-0.0650	0.3450
258.00	12	-0.0193	-0.0638	0.3063
259.00	12	-0.0147	-0.0426	0.1455
260.00	13	0.0734	1.1169	0.8501
261.00	13	0.0895	1.0926	0.9037
262.00	13	0.1018	0.5079	0.7175
263.00	13	0.0889	0.3585	0.5547
264.00	13	0.0887	0.3656	0.5788
265.00	13	-0.0722	0.0616	0.4486
266.00	13	-0.0453	0.0516	0.4430
267.00	13	0.0029	-0.0111	0.4715
268.00	13	-0.0412	0.0073	0.4934
269.00	13	-0.0407	-0.0255	0.4944
270.00	13	-0.0299	-0.0774	0.5075
271.00	13	-0.0300	-0.0770	0.5075
272.00	13	-0.0295	-0.0747	0.5068
273.00	13	-0.0288	-0.0730	0.5028
274.00	13	-0.0266	-0.0698	0.4736
275.00	13	-0.0244	-0.0678	0.4330
276.00	13	-0.0234	-0.0671	0.4133
277.00	13	-0.0224	-0.0664	0.3918
278.00	13	-0.0191	-0.0637	0.3027
279.00	13	-0.0147	-0.0426	0.1455
280.00	14	0.0691	1.1187	0.8467
281.00	14	0.0904	1.0905	0.8879
282.00	14	0.1003	0.4941	0.7169
283.00	14	0.0890	0.3594	0.5547
284.00	14	0.0886	0.3650	0.5790
285.00	14	-0.0722	0.0617	0.4467
286.00	14	-0.0454	0.0525	0.4424
287.00	14	0.0031	-0.0114	0.4712
288.00	14	-0.0407	0.0079	0.4934
289.00	14	-0.0407	-0.0255	0.4944
290.00	14	-0.0299	-0.0776	0.5076
291.00	14	-0.0296	-0.0749	0.5070
292.00	14	-0.0294	-0.0743	0.5064
293.00	14	-0.0290	-0.0734	0.5042
294.00	14	-0.0279	-0.0713	0.4921
295.00	14	-0.0256	-0.0687	0.4554
296.00	14	-0.0244	-0.0678	0.4330
297.00	14	-0.0203	-0.0647	0.3381
298.00	14	-0.0187	-0.0633	0.2884
299.00	14	-0.0147	-0.0426	0.1455
300.00	15	0.0729	1.1171	0.8500
301.00	15	0.0896	1.0924	0.9018
302.00	15	0.1009	0.4996	0.7172
303.00	15	0.0890	0.3596	0.5548
304.00	15	0.0886	0.3650	0.5790
305.00	15	-0.0722	0.0615	0.4515
306.00	15	-0.0454	0.0523	0.4426
307.00	15	0.0037	-0.0122	0.4703
308.00	15	-0.0456	0.0021	0.4934
309.00	15	-0.0388	-0.0261	0.4944
310.00	15	-0.0299	-0.0764	0.5074
311.00	15	-0.0297	-0.0756	0.5073
312.00	15	-0.0294	-0.0743	0.5064
313.00	15	-0.0276	-0.0710	0.4886
314.00	15	-0.0274	-0.0707	0.4861
315.00	15	-0.0247	-0.0680	0.4383
316.00	15	-0.0235	-0.0672	0.4162
317.00	15	-0.0216	-0.0659	0.3755
318.00	15	-0.0182	-0.0628	0.2739
319.00	15	-0.0147	-0.0426	0.1455
320.00	16	0.0729	1.1171	0.8500
321.00	16	0.0907	1.0897	0.8833
322.00	16	0.0997	0.4887	0.7167
323.00	16	0.0897	0.3614	0.5558
324.00	16	0.0889	0.3670	0.5783
325.00	16	-0.0724	0.0624	0.4403
326.00	16	-0.0453	0.0531	0.4420
327.00	16	0.0034	-0.0118	0.4707
328.00	16	-0.0456	0.0021	0.4934
329.00	16	-0.0481	-0.0234	0.4939
330.00	16	-0.0300	-0.0775	0.5076
331.00	16	-0.0297	-0.0756	0.5073
332.00	16	-0.0295	-0.0747	0.5068
333.00	16	-0.0287	-0.0726	0.5012
334.00	16	-0.0274	-0.0707	0.4861
335.00	16	-0.0256	-0.0687	0.4554
336.00	16	-0.0235	-0.0672	0.4162
337.00	16	-0.0206	-0.0651	0.3485
338.00	16	-0.0182	-0.0627	0.2703
339.00	16	-0.0147	-0.0426	0.1455
340.00	17	0.0736	1.1168	0.8501
341.00	17	0.0901	1.0912	0.8924
342.00	17	0.0991	0.4833	0.7164
343.00	17	0.0891	0.3601	0.5550
344.00	17	0.0887	0.3656	0.5788
345.00	17	-0.0722	0.0616	0.4486
346.00	17	-0.0454	0.0523	0.4426
347.00	17	0.0036	-0.0120	0.4705
348.00	17	-0.0375	0.0115	0.4934
349.00	17	-0.0491	-0.0231	0.4939
350.00	17	-0.0299	-0.0761	0.5074
351.00	17	-0.0299	-0.0764	0.5074
352.00	17	-0.0294	-0.0742	0.5062
353.00	17	-0.0285	-0.0722	0.4993
354.00	17	-0.0258	-0.0690	0.4597
355.00	17	-0.0260	-0.0692	0.4639
356.00	17	-0.0239	-0.0675	0.4247
357.00	17	-0.0210	-0.0654	0.3588
358.00	17	-0.0197	-0.0642	0.3205
359.00	17	-0.0147	-0.0426	0.1455
360.00	18	0.0731	1.1170	0.8500
361.00	18	0.0901	1.0912	0.8924
362.00	18	0.0979	0.4728	0.7158
363.00	18	0.0896	0.3613	0.5557
364.00	18	0.0889	0.3673	0.5782
365.00	18	-0.0724	0.0623	0.4410
366.00	18	-0.0453	0.0528	0.4422
367.00	18	0.0034	-0.0118	0.4707
368.00	18	-0.0447	0.0033	0.4934
369.00	18	-0.0350	-0.0272	0.4946
370.00	18	-0.0299	-0.0776	0.5076
371.00	18	-0.0297	-0.0753	0.5072
372.00	18	-0.0291	-0.0735	0.5045
373.00	18	-0.0286	-0.0725	0.5006
374.00	18	-0.0259	-0.0691	0.4619
375.00	18	-0.0257	-0.0689	0.4576
376.00	18	-0.0222	-0.0663	0.3886
377.00	18	-0.0202	-0.0646	0.3346
378.00	18	-0.0184	-0.0629	0.2775
379.00	18	-0.0147	-0.0426	0.1455
380.00	19	0.0726	1.1172	0.8499
381.00	19	0.0912	1.0880	0.8761
382.00	19	0.1006	0.4968	0.7170
383.00	19	0.0890	0.3598	0.5549
384.00	19	0.0889	0.3668	0.5784
385.00	19	-0.0724	0.0624	0.4403
386.00	19	-0.0453	0.0518	0.4429
387.00	19	0.0037	-0.0121	0.4704
388.00	19	-0.0397	0.0090	0.4934
389.00	19	-0.0369	-0.0266	0.4945
390.00	19	-0.0299	-0.0766	0.5074
391.00	19	-0.0294	-0.0745	0.5065
392.00	19	-0.0286	-0.0725	0.5006
393.00	19	-0.0274	-0.0707	0.4861
394.00	19	-0.0274	-0.0707	0.4861
395.00	19	-0.0249	-0.0682	0.4433
396.00	19	-0.0221	-0.0662	0.3853
397.00	19	-0.0202	-0.0646	0.3346
398.00	19	-0.0182	-0.0628	0.2739
399.00	19	-0.0147	-0.0426	0.1455
400.00	20	0.0723	1.1173	0.8498
401.00	20	0.0907	1.0897	0.8833
402.00	20	0.1009	0.4996	0.7172
403.00	20	0.0894	0.3609	0.5554
404.00	20	0.0889	0.3663	0.5785
405.00	20	-0.0723	0.0621	0.4434
406.00	20	-0.0451	0.0498	0.4442
407.00	20	0.0035	-0.0120	0.4706
408.00	20	-0.0421	0.0062	0.4934
409.00	20	-0.0350	-0.0272	0.4946
410.00	20	-0.0299	-0.0774	0.5075
411.00	20	-0.0294	-0.0743	0.5064
412.00	20	-0.0292	-0.0740	0.5057
413.00	20	-0.0285	-0.0722	0.4993
414.00	20	-0.0265	-0.0697	0.4718
415.00	20	-0.0242	-0.0677	0.4303
416.00	20	-0.0216	-0.0659	0.3755
417.00	20	-0.0198	-0.0644	0.3240
418.00	20	-0.0179	-0.0623	0.2597
419.00	20	-0.0147	-0.0426	0.1455
420.00	21	0.0755	1.1158	0.8497
421.00	21	0.0903	1.0907	0.8891
422.00	21	0.0964	0.4599	0.7152
423.00	21	0.0890	0.3598	0.5549
424.00	21	0.0887	0.3656	0.5788
425.00	21	-0.0724	0.0625	0.4396
426.00	21	-0.0451	0.0498	0.4442
427.00	21	0.0033	-0.0116	0.4710
428.00	21	-0.0431	0.0050	0.4934
429.00	21	-0.0407	-0.0255	0.4944
430.00	21	-0.0300	-0.0773	0.5075
431.00	21	-0.0299	-0.0760	0.5074
432.00	21	-0.0294	-0.0742	0.5062
433.00	21	-0.0271	-0.0703	0.4803
434.00	21	-0.0263	-0.0694	0.4680
435.00	21	-0.0238	-0.0674	0.4219
436.00	21	-0.0218	-0.0660	0.3788
437.00	21	-0.0204	-0.0648	0.3416
438.00	21	-0.0190	-0.0636	0.2991
439.00	21	-0.0147	-0.0426	0.1455
440.00	22	0.0742	1.1165	0.8500
441.00	22	0.0906	1.0899	0.8845
442.00	22	0.0976	0.4702	0.7157
443.00	22	0.0890	0.3598	0.5549
444.00	22	0.0871	0.3611	0.5799
445.00	22	-0.0724	0.0624	0.4403
446.00	22	-0.0454	0.0525	0.4424
447.00	22	0.0031	-0.0113	0.4713
448.00	22	-0.0421	0.0062	0.4934
449.00	22	-0.0435	-0.0247	0.4942
450.00	22	-0.0299	-0.0766	0.5074
451.00	22	-0.0299	-0.0760	0.5074
452.00	22	-0.0289	-0.0731	0.5033
453.00	22	-0.0275	-0.0709	0.4873
454.00	22	-0.0259	-0.0691	0.4619
455.00	22	-0.0242	-0.0677	0.4303
456.00	22	-0.0228	-0.0667	0.4011
457.00	22	-0.0203	-0.0647	0.3381
458.00	22	-0.0177	-0.0620	0.2527
459.00	22	-0.0147	-0.0426	0.1455
460.00	23	0.0739	1.1166	0.8500
461.00	23	0.0902	1.0910	0.8914
462.00	23	0.0954	0.4499	0.7145
463.00	23	0.0901	0.3623	0.5570
464.00	23	0.0888	0.3661	0.5786
465.00	23	-0.0725	0.0628	0.4383
466.00	23	-0.0453	0.0511	0.4434
467.00	23	0.0026	-0.0107	0.4719
468.00	23	-0.0466	0.0009	0.4933
469.00	23	-0.0453	-0.0242	0.4940
470.00	23	-0.0299	-0.0760	0.5074
471.00	23	-0.0297	-0.0756	0.5073
472.00	23	-0.0287	-0.0726	0.5012
473.00	23	-0.0280	-0.0715	0.4942
474.00	23	-0.0271	-0.0703	0.4803
475.00	23	-0.0229	-0.0668	0.4042
476.00	23	-0.0234	-0.0671	0.4133
477.00	23	-0.0195	-0.0640	0.3134
478.00	23	-0.0180	-0.0624	0.2632
479.00	23	-0.0147	-0.0426	0.1455
480.00	24	0.0763	1.1153	0.8493
481.00	24	0.0907	1.0897	0.8833
482.00	24	0.0997	0.4887	0.7167
483.00	24	0.0896	0.3613	0.5557
484.00	24	0.0883	0.3640	0.5793
485.00	24	-0.0726	0.0632	0.4365
486.00	24	-0.0453	0.0518	0.4429
487.00	24	0.0026	-0.0107	0.4719
488.00	24	-0.0477	-0.0003	0.4934
489.00	24	-0.0426	-0.0249	0.4943
490.00	24	-0.0298	-0.0758	0.5073
491.00	24	-0.0296	-0.0749	0.5070
492.00	24	-0.0281	-0.0718	0.4960
493.00	24	-0.0273	-0.0706	0.4847
494.00	24	-0.0255	-0.0686	0.4531
495.00	24	-0.0233	-0.0670	0.4103
496.00	24	-0.0225	-0.0665	0.3949
497.00	24	-0.0194	-0.0639	0.3099
498.00	24	-0.0194	-0.0639	0.3099
499.00	24	-0.0147	-0.0426	0.1455
500.00	25	0.0721	1.1175	0.8497
501.00	25	0.0906	1.0899	0.8845
502.00	25	0.0982	0.4754	0.7160
503.00	25	0.0894	0.3609	0.5554
504.00	25	0.0883	0.3640	0.5793
505.00	25	-0.0726	0.0635	0.4353
506.00	25	-0.0453	0.0516	0.4430
507.00	25	0.0031	-0.0113	0.4713
508.00	25	-0.0421	0.0062	0.4934
509.00	25	-0.0275	-0.0295	0.4950
510.00	25	-0.0300	-0.0770	0.5075
511.00	25	-0.0294	-0.0743	0.5064
512.00	25	-0.0280	-0.0715	0.4942
513.00	25	-0.0272	-0.0705	0.4833
514.00	25	-0.0264	-0.0695	0.4699
515.00	25	-0.0229	-0.0668	0.4042
516.00	25	-0.0222	-0.0663	0.3886
517.00	25	-0.0205	-0.0650	0.3450
518.00	25	-0.0193	-0.0638	0.3063
519.00	25	-0.0147	-0.0426	0.1455
520.00	26	0.0763	1.1153	0.8493
521.00	26	0.0913	1.0875	0.8737
522.00	26	0.0959	0.4548	0.7148
523.00	26	0.0897	0.3615	0.5559
524.00	26	0.0865	0.3597	0.5802
525.00	26	-0.0727	0.0641	0.4337
526.00	26	-0.0453	0.0512	0.4432
527.00	26	0.0026	-0.0106	0.4720
528.00	26	-0.0442	0.0039	0.4934
529.00	26	-0.0360	-0.0269	0.4946
530.00	26	-0.0299	-0.0766	0.5074
531.00	26	-0.0293	-0.0741	0.5060
532.00	26	-0.0291	-0.0738	0.5051
533.00	26	-0.0274	-0.0707	0.4861
534.00	26	-0.0269	-0.0701	0.4787
535.00	26	-0.0225	-0.0665	0.3949
536.00	26	-0.0231	-0.0669	0.4072
537.00	26	-0.0194	-0.0639	0.3099
538.00	26	-0.0188	-0.0634	0.2919
539.00	26	-0.0147	-0.0426	0.1455
540.00	27	0.0734	1.1169	0.8501
541.00	27	0.0916	1.0864	0.8700
542.00	27	0.0962	0.4573	0.7150
543.00	27	0.0902	0.3625	0.5573
544.00	27	0.0883	0.3640	0.5793
545.00	27	-0.0727	0.0642	0.4333
546.00	27	-0.0453	0.0509	0.4435
547.00	27	0.0030	-0.0113	0.4714
548.00	27	-0.0461	0.0015	0.4933
549.00	27	-0.0350	-0.0272	0.4946
550.00	27	-0.0299	-0.0760	0.5074
551.00	27	-0.0290	-0.0732	0.5038
552.00	27	-0.0288	-0.0730	0.5028
553.00	27	-0.0271	-0.0703	0.4803
554.00	27	-0.0253	-0.0685	0.4507
555.00	27	-0.0248	-0.0681	0.4408
556.00	27	-0.0221	-0.0662	0.3853
557.00	27	-0.0200	-0.0645	0.3311
558.00	27	-0.0190	-0.0636	0.2991
559.00	27	-0.0147	-0.0426	0.1455
560.00	28	0.0734	1.1169	0.8501
561.00	28	0.0908	1.0895	0.8822
562.00	28	0.0962	0.4573	0.7150
563.00	28	0.0899	0.3620	0.5566
564.00	28	0.0882	0.3636	0.5793
565.00	28	-0.0725	0.0628	0.4383
566.00	28	-0.0453	0.0512	0.4432
567.00	28	0.0023	-0.0102	0.4724
568.00	28	-0.0497	-0.0028	0.4933
569.00	28	-0.0265	-0.0298	0.4950
570.00	28	-0.0297	-0.0751	0.5072
571.00	28	-0.0288	-0.0730	0.5028
572.00	28	-0.0291	-0.0735	0.5045
573.00	28	-0.0275	-0.0709	0.4873
574.00	28	-0.0247	-0.0680	0.4383
575.00	28	-0.0233	-0.0670	0.4103
576.00	28	-0.0207	-0.0652	0.3519
577.00	28	-0.0190	-0.0636	0.2991
578.00	28	-0.0176	-0.0619	0.2491
579.00	28	-0.0147	-0.0426	0.1455
580.00	29	0.0755	1.1158	0.8497
581.00	29	0.0913	1.0875	0.8737
582.00	29	0.0962	0.4573	0.7150
583.00	29	0.0901	0.3623	0.5570
584.00	29	0.0875	0.3621	0.5798
585.00	29	-0.0727	0.0644	0.4327
586.00	29	-0.0445	0.0481	0.4452
587.00	29	0.0025	-0.0105	0.4721
588.00	29	-0.0461	0.0015	0.4933
589.00	29	-0.0246	-0.0304	0.4951
590.00	29	-0.0299	-0.0764	0.5074
591.00	29	-0.0297	-0.0751	0.5072
592.00	29	-0.0279	-0.0713	0.4921
593.00	29	-0.0267	-0.0699	0.4753
594.00	29	-0.0265	-0.0697	0.4718
595.00	29	-0.0242	-0.0677	0.4303
596.00	29	-0.0203	-0.0647	0.3381
597.00	29	-0.0205	-0.0650	0.3450
598.00	29	-0.0174	-0.0616	0.2422
599.00	29	-0.0147	-0.0426	0.1455
600.00	30	0.0760	1.1155	0.8495
601.00	30	0.0921	1.0843	0.8638
602.00	30	0.0976	0.4702	0.7157
603.00	30	0.0899	0.3621	0.5567
604.00	30	0.0871	0.3611	0.5799
605.00	30	-0.0727	0.0639	0.4342
606.00	30	-0.0440	0.0470	0.4459
607.00	30	0.0015	-0.0093	0.4734
608.00	30	-0.0477	-0.0003	0.4934
609.00	30	-0.0341	-0.0274	0.4947
610.00	30	-0.0300	-0.0767	0.5074
611.00	30	-0.0295	-0.0748	0.5069
612.00	30	-0.0286	-0.0724	0.5000
613.00	30	-0.0280	-0.0714	0.4932
614.00	30	-0.0242	-0.0677	0.4303
615.00	30	-0.0240	-0.0676	0.4275
616.00	30	-0.0215	-0.0658	0.3722
617.00	30	-0.0204	-0.0648	0.3416
618.00	30	-0.0173	-0.0615	0.2387
619.00	30	-0.0147	-0.0426	0.1455
620.00	31	0.0739	1.1166	0.8500
621.00	31	0.0906	1.0899	0.8845
622.00	31	0.0938	0.4354	0.7132
623.00	31	0.0900	0.3622	0.5568
624.00	31	0.0861	0.3587	0.5804
625.00	31	-0.0725	0.0627	0.4390
626.00	31	-0.0443	0.0476	0.4455
627.00	31	0.0019	-0.0097	0.4729
628.00	31	-0.0442	0.0039	0.4934
629.00	31	-0.0284	-0.0292	0.4949
630.00	31	-0.0296	-0.0749	0.5070
631.00	31	-0.0296	-0.0749	0.5070
632.00	31	-0.0278	-0.0712	0.4910
633.00	31	-0.0269	-0.0701	0.4787
634.00	31	-0.0248	-0.0681	0.4408
635.00	31	-0.0233	-0.0670	0.4103
636.00	31	-0.0215	-0.0658	0.3722
637.00	31	-0.0200	-0.0645	0.3311
638.00	31	-0.0178	-0.0621	0.2562
639.00	31	-0.0147	-0.0426	0.1455
640.00	32	0.0774	1.1148	0.8488
641.00	32	0.0908	1.0892	0.8810
642.00	32	0.0931	0.4284	0.7124
643.00	32	0.0901	0.3624	0.5571
644.00	32	0.0877	0.3625	0.5797
645.00	32	-0.0725	0.0627	0.4390
646.00	32	-0.0440	0.0470	0.4459
647.00	32	0.0016	-0.0094	0.4732
648.00	32	-0.0456	0.0021	0.4934
649.00	32	-0.0321	-0.0280	0.4947
650.00	32	-0.0298	-0.0759	0.5074
651.00	32	-0.0294	-0.0745	0.5065
652.00	32	-0.0277	-0.0711	0.4898
653.00	32	-0.0276	-0.0710	0.4886
654.00	32	-0.0255	-0.0686	0.4531
655.00	32	-0.0225	-0.0665	0.3949
656.00	32	-0.0204	-0.0648	0.3416
657.00	32	-0.0200	-0.0645	0.3311
658.00	32	-0.0171	-0.0610	0.2286
659.00	32	-0.0147	-0.0426	0.1455
660.00	33	0.0784	1.1142	0.8480
661.00	33	0.0918	1.0856	0.8675
662.00	33	0.0928	0.4262	0.7121
663.00	33	0.0902	0.3629	0.5580
664.00	33	0.0877	0.3625	0.5797
665.00	33	-0.0725	0.0628	0.4383
666.00	33	-0.0448	0.0486	0.4449
667.00	33	0.0025	-0.0105	0.4721
668.00	33	-0.0466	0.0009	0.4933
669.00	33	-0.0255	-0.0301	0.4951
670.00	33	-0.0299	-0.0763	0.5074
671.00	33	-0.0289	-0.0731	0.5033
672.00	33	-0.0285	-0.0722	0.4993
673.00	33	-0.0271	-0.0703	0.4803
674.00	33	-0.0256	-0.0687	0.4554
675.00	33	-0.0224	-0.0664	0.3918
676.00	33	-0.0206	-0.0651	0.3485
677.00	33	-0.0182	-0.0628	0.2739
678.00	33	-0.0172	-0.0612	0.2319
679.00	33	-0.0147	-0.0426	0.1455
680.00	34	0.0768	1.1151	0.8490
681.00	34	0.0923	1.0833	0.8613
682.00	34	0.0951	0.4475	0.7143
683.00	34	0.0904	0.3632	0.5588
684.00	34	0.0848	0.3557	0.5808
685.00	34	-0.0726	0.0635	0.4353
686.00	34	-0.0452	0.0503	0.4439
687.00	34	0.0017	-0.0095	0.4731
688.00	34	-0.0524	-0.0057	0.4934
689.00	34	-0.0182	-0.0325	0.4954
690.00	34	-0.0299	-0.0764	0.5074
691.00	34	-0.0290	-0.0732	0.5038
692.00	34	-0.0280	-0.0715	0.4942
693.00	34	-0.0260	-0.0692	0.4639
694.00	34	-0.0256	-0.0687	0.4554
695.00	34	-0.0226	-0.0666	0.3980
696.00	34	-0.0215	-0.0658	0.3722
697.00	34	-0.0197	-0.0642	0.3205
698.00	34	-0.0172	-0.0612	0.2319
699.00	34	-0.0147	-0.0426	0.1455
700.00	35	0.0758	1.1157	0.8496
701.00	35	0.0926	1.0822	0.8587
702.00	35	0.0959	0.4548	0.7148
703.00	35	0.0902	0.3626	0.5575
704.00	35	0.0868	0.3602	0.5801
705.00	35	-0.0727	0.0647	0.4318
706.00	35	-0.0449	0.0489	0.4448
707.00	35	0.0021	-0.0100	0.4726
708.00	35	-0.0544	-0.0081	0.4933
709.00	35	-0.0173	-0.0328	0.4954
710.00	35	-0.0295	-0.0748	0.5069
711.00	35	-0.0287	-0.0728	0.5018
712.00	35	-0.0285	-0.0722	0.4993
713.00	35	-0.0267	-0.0699	0.4753
714.00	35	-0.0256	-0.0687	0.4554
715.00	35	-0.0231	-0.0669	0.4072
716.00	35	-0.0215	-0.0658	0.3722
717.00	35	-0.0189	-0.0635	0.2955
718.00	35	-0.0179	-0.0623	0.2597
719.00	35	-0.0147	-0.0426	0.1455
720.00	36	0.0799	1.1135	0.8468
721.00	36	0.0920	1.0848	0.8650
722.00	36	0.0933	0.4307	0.7127
723.00	36	0.0900	0.3622	0.5568
724.00	36	0.0863	0.3592	0.5803
725.00	36	-0.0725	0.0629	0.4377
726.00	36	-0.0448	0.0486	0.4449
727.00	36	0.0018	-0.0096	0.4730
728.00	36	-0.0539	-0.0075	0.4933
729.00	36	-0.0227	-0.0310	0.4951
730.00	36	-0.0298	-0.0758	0.5073
731.00	36	-0.0292	-0.0739	0.5054
732.00	36	-0.0272	-0.0705	0.4833
733.00	36	-0.0253	-0.0685	0.4507
734.00	36	-0.0235	-0.0672	0.4162
735.00	36	-0.0238	-0.0674	0.4219
736.00	36	-0.0196	-0.0641	0.3169
737.00	36	-0.0182	-0.0628	0.2739
738.00	36	-0.0179	-0.0623	0.2597
739.00	36	-0.0147	-0.0426	0.1455
740.00	37	0.0787	1.1141	0.8478
741.00	37	0.0928	1.0805	0.8549
742.00	37	0.0928	0.4262	0.7121
743.00	37	0.0904	0.3634	0.5590
744.00	37	0.0848	0.3557	0.5808
745.00	37	-0.0727	0.0646	0.4322
746.00	37	-0.0449	0.0489	0.4448
747.00	37	0.0012	-0.0088	0.4738
748.00	37	-0.0497	-0.0028	0.4933
749.00	37	-0.0146	-0.0337	0.4955
750.00	37	-0.0292	-0.0739	0.5054
751.00	37	-0.0286	-0.0724	0.5000
752.00	37	-0.0276	-0.0710	0.4886
753.00	37	-0.0264	-0.0695	0.4699
754.00	37	-0.0235	-0.0672	0.4162
755.00	37	-0.0226	-0.0666	0.3980
756.00	37	-0.0214	-0.0657	0.3689
757.00	37	-0.0191	-0.0637	0.3027
758.00	37	-0.0168	-0.0604	0.2152
759.00	37	-0.0147	-0.0426	0.1455
760.00	38	0.0766	1.1152	0.8492
761.00	38	0.0919	1.0852	0.8662
762.00	38	0.0956	0.4524	0.7146
763.00	38	0.0904	0.3635	0.5592
764.00	38	0.0858	0.3581	0.5805
765.00	38	-0.0726	0.0632	0.4365
766.00	38	-0.0443	0.0476	0.4455
767.00	38	0.0015	-0.0093	0.4734
768.00	38	-0.0513	-0.0046	0.4933
769.00	38	-0.0265	-0.0298	0.4950
770.00	38	-0.0292	-0.0739	0.5054
771.00	38	-0.0287	-0.0728	0.5018
772.00	38	-0.0276	-0.0710	0.4886
773.00	38	-0.0264	-0.0695	0.4699
774.00	38	-0.0249	-0.0682	0.4433
775.00	38	-0.0224	-0.0664	0.3918
776.00	38	-0.0199	-0.0645	0.3275
777.00	38	-0.0195	-0.0640	0.3134
778.00	38	-0.0178	-0.0621	0.2562
779.00	38	-0.0147	-0.0426	0.1455
780.00	39	0.0807	1.1131	0.8461
781.00	39	0.0924	1.0828	0.8600
782.00	39	0.0962	0.4573	0.7150
783.00	39	0.0904	0.3631	0.5586
784.00	39	0.0856	0.3575	0.5806
785.00	39	-0.0727	0.0647	0.4318
786.00	39	-0.0449	0.0489	0.4448
787.00	39	0.0015	-0.0093	0.4734
788.00	39	-0.0529	-0.0063	0.4933
789.00	39	-0.0246	-0.0304	0.4951
790.00	39	-0.0297	-0.0753	0.5072
791.00	39	-0.0291	-0.0738	0.5051
792.00	39	-0.0281	-0.0716	0.4952
793.00	39	-0.0267	-0.0699	0.4753
794.00	39	-0.0234	-0.0671	0.4133
795.00	39	-0.0211	-0.0655	0.3622
796.00	39	-0.0198	-0.0644	0.3240
797.00	39	-0.0190	-0.0636	0.2991
798.00	39	-0.0173	-0.0613	0.2353
799.00	39	-0.0147	-0.0426	0.1455
800.00	40	0.0802	1.1134	0.8465
801.00	40	0.0916	1.0864	0.8700
802.00	40	0.0922	0.4194	0.7110
803.00	40	0.0904	0.3632	0.5588
804.00	40	0.0861	0.3587	0.5804
805.00	40	-0.0727	0.0641	0.4337
806.00	40	-0.0450	0.0492	0.4447
807.00	40	0.0007	-0.0082	0.4743
808.00	40	-0.0560	-0.0099	0.4934
809.00	40	-0.0255	-0.0301	0.4951
810.00	40	-0.0291	-0.0736	0.5048
811.00	40	-0.0291	-0.0735	0.5045
812.00	40	-0.0271	-0.0703	0.4803
813.00	40	-0.0256	-0.0687	0.4554
814.00	40	-0.0229	-0.0668	0.4042
815.00	40	-0.0229	-0.0668	0.4042
816.00	40	-0.0209	-0.0653	0.3553
817.00	40	-0.0179	-0.0623	0.2597
818.00	40	-0.0168	-0.0604	0.2152
819.00	40	-0.0147	-0.0426	0.1455
820.00	41	0.0792	1.1139	0.8474
821.00	41	0.0928	1.0805	0.8549
822.00	41	0.0945	0.4426	0.7140
823.00	41	0.0904	0.3632	0.5588
824.00	41	0.0810	0.3476	0.5820
825.00	41	-0.0727	0.0646	0.4322
826.00	41	-0.0448	0.0486	0.4449
827.00	41	0.0007	-0.0082	0.4743
828.00	41	-0.0544	-0.0081	0.4933
829.00	41	-0.0255	-0.0301	0.4951
830.00	41	-0.0296	-0.0750	0.5071
831.00	41	-0.0286	-0.0724	0.5000
832.00	41	-0.0282	-0.0719	0.4969
833.00	41	-0.0255	-0.0686	0.4531
834.00	41	-0.0226	-0.0666	0.3980
835.00	41	-0.0209	-0.0653	0.3553
836.00	41	-0.0189	-0.0635	0.2955
837.00	41	-0.0177	-0.0620	0.2527
838.00	41	-0.0173	-0.0613	0.2353
839.00	41	-0.0147	-0.0426	0.1455
840.00	42	0.0774	1.1148	0.8488
841.00	42	0.0932	1.0778	0.8498
842.00	42	0.0928	0.4262	0.7121
843.00	42	0.0905	0.3644	0.5610
844.00	42	0.0836	0.3530	0.5813
845.00	42	-0.0726	0.0668	0.4276
846.00	42	-0.0427	0.0450	0.4469
847.00	42	0.0020	-0.0099	0.4728
848.00	42	-0.0508	-0.0040	0.4933
849.00	42	-0.0173	-0.0328	0.4954
850.00	42	-0.0290	-0.0734	0.5042
851.00	42	-0.0291	-0.0735	0.5045
852.00	42	-0.0276	-0.0710	0.4886
853.00	42	-0.0260	-0.0692	0.4639
854.00	42	-0.0229	-0.0668	0.4042
855.00	42	-0.0206	-0.0651	0.3485
856.00	42	-0.0189	-0.0635	0.2955
857.00	42	-0.0182	-0.0628	0.2739
858.00	42	-0.0165	-0.0589	0.1932
859.00	42	-0.0147	-0.0426	0.1455
860.00	43	0.0784	1.1142	0.8480
861.00	43	0.0928	1.0805	0.8549
862.00	43	0.0931	0.4284	0.7124
863.00	43	0.0902	0.3629	0.5580
864.00	43	0.0813	0.3484	0.5819
865.00	43	-0.0728	0.0656	0.4301
866.00	43	-0.0417	0.0435	0.4476
867.00	43	0.0005	-0.0078	0.4747
868.00	43	-0.0513	-0.0046	0.4933
869.00	43	-0.0237	-0.0307	0.4951
870.00	43	-0.0295	-0.0747	0.5068
871.00	43	-0.0287	-0.0726	0.5012
872.00	43	-0.0273	-0.0706	0.4847
873.00	43	-0.0256	-0.0687	0.4554
874.00	43	-0.0248	-0.0681	0.4408
875.00	43	-0.0216	-0.0659	0.3755
876.00	43	-0.0191	-0.0637	0.3027
877.00	43	-0.0176	-0.0619	0.2491
878.00	43	-0.0165	-0.0586	0.1901
879.00	43	-0.0147	-0.0426	0.1455
880.00	44	0.0807	1.1131	0.8461
881.00	44	0.0930	1.0799	0.8537
882.00	44	0.0928	0.4262	0.7121
883.00	44	0.0902	0.3628	0.5578
884.00	44	0.0818	0.3492	0.5818
885.00	44	-0.0727	0.0661	0.4290
886.00	44	-0.0410	0.0427	0.4479
887.00	44	0.0015	-0.0093	0.4734
888.00	44	-0.0606	-0.0150	0.4933
889.00	44	-0.0227	-0.0310	0.4951
890.00	44	-0.0296	-0.0750	0.5071
891.00	44	-0.0281	-0.0718	0.4960
892.00	44	-0.0266	-0.0698	0.4736
893.00	44	-0.0257	-0.0689	0.4576
894.00	44	-0.0229	-0.0668	0.4042
895.00	44	-0.0215	-0.0658	0.3722
896.00	44	-0.0202	-0.0646	0.3346
897.00	44	-0.0175	-0.0618	0.2457
898.00	44	-0.0164	-0.0576	0.1813
899.00	44	-0.0147	-0.0426	0.1455
900.00	45	0.0789	1.1140	0.8476
901.00	45	0.0935	1.0755	0.8460
902.00	45	0.0924	0.4216	0.7114
903.00	45	0.0904	0.3648	0.5615
904.00	45	0.0822	0.3500	0.5816
905.00	45	-0.0728	0.0659	0.4293
906.00	45	-0.0404	0.0419	0.4484
907.00	45	0.0015	-0.0093	0.4734
908.00	45	-0.0585	-0.0128	0.4933
909.00	45	-0.0085	-0.0358	0.4957
910.00	45	-0.0291	-0.0735	0.5045
911.00	45	-0.0279	-0.0713	0.4921
912.00	45	-0.0271	-0.0703	0.4803
913.00	45	-0.0244	-0.0678	0.4330
914.00	45	-0.0221	-0.0662	0.3853
915.00	45	-0.0214	-0.0657	0.3689
916.00	45	-0.0204	-0.0648	0.3416
917.00	45	-0.0171	-0.0609	0.2252
918.00	45	-0.0165	-0.0591	0.1963
919.00	45	-0.0147	-0.0426	0.1455
920.00	46	0.0810	1.1130	0.8459
921.00	46	0.0927	1.0817	0.8574
922.00	46	0.0924	0.4216	0.7114
923.00	46	0.0903	0.3630	0.5582
924.00	46	0.0793	0.3442	0.5823
925.00	46	-0.0727	0.0649	0.4313
926.00	46	-0.0397	0.0410	0.4487
927.00	46	0.0018	-0.0096	0.4730
928.00	46	-0.0539	-0.0075	0.4933
929.00	46	-0.0138	-0.0340	0.4956
930.00	46	-0.0288	-0.0729	0.5023
931.00	46	-0.0278	-0.0712	0.4910
932.00	46	-0.0259	-0.0691	0.4619
933.00	46	-0.0260	-0.0692	0.4639
934.00	46	-0.0231	-0.0669	0.4072
935.00	46	-0.0203	-0.0647	0.3381
936.00	46	-0.0188	-0.0634	0.2919
937.00	46	-0.0182	-0.0627	0.2703
938.00	46	-0.0165	-0.0591	0.1963
939.00	46	-0.0147	-0.0426	0.1455
940.00	47	0.0784	1.1142	0.8480
941.00	47	0.0932	1.0778	0.8498
942.00	47	0.0918	0.4150	0.7103
943.00	47	0.0904	0.3648	0.5615
944.00	47	0.0818	0.3492	0.5818
945.00	47	-0.0728	0.0659	0.4293
946.00	47	-0.0423	0.0443	0.4473
947.00	47	0.0002	-0.0075	0.4750
948.00	47	-0.0555	-0.0093	0.4934
949.00	47	-0.0209	-0.0316	0.4953
950.00	47	-0.0288	-0.0729	0.5023
951.00	47	-0.0286	-0.0724	0.5000
952.00	47	-0.0265	-0.0697	0.4718
953.00	47	-0.0247	-0.0680	0.4383
954.00	47	-0.0226	-0.0666	0.3980
955.00	47	-0.0222	-0.0663	0.3886
956.00	47	-0.0203	-0.0647	0.3381
957.00	47	-0.0180	-0.0624	0.2632
958.00	47	-0.0167	-0.0602	0.2120
959.00	47	-0.0147	-0.0426	0.1455
960.00	48	0.0827	1.1122	0.8441
961.00	48	0.0930	1.0792	0.8524
962.00	48	0.0906	0.4042	0.7083
963.00	48	0.0904	0.3632	0.5588
964.00	48	0.0829	0.3515	0.5814
965.00	48	-0.0727	0.0663	0.4286
966.00	48	-0.0438	0.0467	0.4461
967.00	48	0.0004	-0.0078	0.4747
968.00	48	-0.0539	-0.0075	0.4933
969.00	48	-0.0173	-0.0328	0.4954
970.00	48	-0.0294	-0.0745	0.5065
971.00	48	-0.0275	-0.0709	0.4873
972.00	48	-0.0265	-0.0697	0.4718
973.00	48	-0.0255	-0.0686	0.4531
974.00	48	-0.0239	-0.0675	0.4247
975.00	48	-0.0199	-0.0645	0.3275
976.00	48	-0.0189	-0.0635	0.2955
977.00	48	-0.0184	-0.0629	0.2775
978.00	48	-0.0171	-0.0609	0.2252
979.00	48	-0.0147	-0.0426	0.1455
980.00	49	0.0787	1.1141	0.8478
981.00	49	0.0930	1.0792	0.8524
982.00	49	0.0926	0.4239	0.7117
983.00	49	0.0904	0.3647	0.5613
984.00	49	0.0779	0.3415	0.5827
985.00	49	-0.0728	0.0651	0.4309
986.00	49	-0.0420	0.0439	0.4475
987.00	49	0.0008	-0.0083	0.4742
988.00	49	-0.0596	-0.0139	0.4933
989.00	49	-0.0155	-0.0334	0.4954
990.00	49	-0.0290	-0.0732	0.5038
991.00	49	-0.0273	-0.0706	0.4847
992.00	49	-0.0273	-0.0706	0.4847
993.00	49	-0.0235	-0.0672	0.4162
994.00	49	-0.0229	-0.0668	0.4042
995.00	49	-0.0211	-0.0655	0.3622
996.00	49	-0.0182	-0.0628	0.2739
997.00	49	-0.0178	-0.0621	0.2562
998.00	49	-0.0161	-0.0568	0.1727
999.00	49	-0.0147	-0.0426	0.1455
