0.00	0	0.9999	-0.5117	0.7874
1.00	0	0.9123	-0.5677	0.8143
2.00	0	0.4127	-0.2244	0.7095
3.00	0	0.3783	-0.1406	0.7504
4.00	0	0.6589	-0.5623	0.8477
5.00	0	0.1336	-0.3340	0.7948
6.00	0	0.0649	-0.2422	0.4963
7.00	0	0.0604	-0.1098	0.4703
8.00	0	-0.0326	-0.0040	0.5076
9.00	0	-0.0023	-0.0257	0.4752
10.00	0	-0.0872	-0.0708	0.4923
11.00	0	-0.0866	-0.0703	0.4926
12.00	0	-0.0833	-0.0677	0.4918
13.00	0	-0.0826	-0.0672	0.4910
14.00	0	-0.0802	-0.0655	0.4862
15.00	0	-0.0781	-0.0640	0.4786
16.00	0	-0.0752	-0.0623	0.4637
17.00	0	-0.0722	-0.0607	0.4420
18.00	0	-0.0703	-0.0597	0.4252
19.00	0	-0.0412	-0.0454	0.1450
20.00	1	1.0033	-0.5128	0.7784
21.00	1	0.9138	-0.5667	0.8144
22.00	1	0.4034	-0.2180	0.7100
23.00	1	0.3867	-0.1445	0.7512
24.00	1	0.6574	-0.5638	0.8578
25.00	1	0.1169	-0.3255	0.7873
26.00	1	0.0684	-0.2402	0.4929
27.00	1	0.0594	-0.1085	0.4703
28.00	1	-0.0326	-0.0040	0.5076
29.00	1	-0.0021	-0.0257	0.4757
30.00	1	-0.0879	-0.0713	0.4922
31.00	1	-0.0847	-0.0688	0.4927
32.00	1	-0.0847	-0.0688	0.4927
33.00	1	-0.0824	-0.0670	0.4907
34.00	1	-0.0802	-0.0655	0.4862
35.00	1	-0.0781	-0.0640	0.4786
36.00	1	-0.0755	-0.0625	0.4653
37.00	1	-0.0722	-0.0607	0.4420
38.00	1	-0.0688	-0.0588	0.4092
39.00	1	-0.0412	-0.0454	0.1450
40.00	2	1.0033	-0.5128	0.7784
41.00	2	0.9117	-0.5683	0.8143
42.00	2	0.3962	-0.2131	0.7105
43.00	2	0.3853	-0.1439	0.7511
44.00	2	0.6589	-0.5623	0.8477
45.00	2	0.1169	-0.3255	0.7873
46.00	2	0.0649	-0.2422	0.4963
47.00	2	0.0703	-0.1214	0.4704
48.00	2	-0.0326	-0.0040	0.5076
49.00	2	-0.0023	-0.0257	0.4753
50.00	2	-0.0885	-0.0719	0.4918
51.00	2	-0.0855	-0.0695	0.4927
52.00	2	-0.0847	-0.0688	0.4927
53.00	2	-0.0805	-0.0657	0.4869
54.00	2	-0.0781	-0.0640	0.4786
55.00	2	-0.0770	-0.0634	0.4739
56.00	2	-0.0749	-0.0622	0.4619
57.00	2	-0.0728	-0.0610	0.4464
58.00	2	-0.0685	-0.0587	0.4064
59.00	2	-0.0412	-0.0454	0.1450
60.00	3	0.9999	-0.5117	0.7874
61.00	3	0.9088	-0.5702	0.8141
62.00	3	0.4127	-0.2244	0.7095
63.00	3	0.3953	-0.1487	0.7520
64.00	3	0.6583	-0.5630	0.8520
65.00	3	0.1336	-0.3340	0.7948
66.00	3	0.0737	-0.2369	0.4878
67.00	3	0.0648	-0.1150	0.4704
68.00	3	-0.0319	-0.0044	0.5072
69.00	3	-0.0022	-0.0257	0.4755
70.00	3	-0.0885	-0.0719	0.4918
71.00	3	-0.0866	-0.0703	0.4926
72.00	3	-0.0847	-0.0688	0.4927
73.00	3	-0.0819	-0.0666	0.4899
74.00	3	-0.0793	-0.0648	0.4833
75.00	3	-0.0762	-0.0630	0.4698
76.00	3	-0.0755	-0.0625	0.4653
77.00	3	-0.0700	-0.0595	0.4226
78.00	3	-0.0700	-0.0595	0.4226
79.00	3	-0.0412	-0.0454	0.1450
80.00	4	0.9974	-0.5109	0.7921
81.00	4	0.9138	-0.5667	0.8144
82.00	4	0.4103	-0.2228	0.7096
83.00	4	0.3783	-0.1406	0.7504
84.00	4	0.6589	-0.5623	0.8477
85.00	4	0.1169	-0.3255	0.7873
86.00	4	0.0675	-0.2407	0.4938
87.00	4	0.0703	-0.1214	0.4704
88.00	4	-0.0319	-0.0044	0.5072
89.00	4	-0.0023	-0.0257	0.4752
90.00	4	-0.0860	-0.0698	0.4927
91.00	4	-0.0864	-0.0701	0.4926
92.00	4	-0.0847	-0.0688	0.4927
93.00	4	-0.0824	-0.0670	0.4907
94.00	4	-0.0802	-0.0655	0.4862
95.00	4	-0.0781	-0.0640	0.4786
96.00	4	-0.0739	-0.0615	0.4546
97.00	4	-0.0703	-0.0597	0.4252
98.00	4	-0.0703	-0.0597	0.4252
99.00	4	-0.0412	-0.0454	0.1450
100.00	5	0.9984	-0.5112	0.7904
101.00	5	0.9123	-0.5677	0.8143
102.00	5	0.4034	-0.2180	0.7100
103.00	5	0.3895	-0.1459	0.7514
104.00	5	0.6578	-0.5635	0.8549
105.00	5	0.1336	-0.3340	0.7948
106.00	5	0.0746	-0.2364	0.4870
107.00	5	0.0682	-0.1189	0.4703
108.00	5	-0.0313	-0.0048	0.5065
109.00	5	-0.0021	-0.0257	0.4757
110.00	5	-0.0877	-0.0711	0.4922
111.00	5	-0.0866	-0.0703	0.4926
112.00	5	-0.0847	-0.0688	0.4927
113.00	5	-0.0800	-0.0654	0.4855
114.00	5	-0.0802	-0.0655	0.4862
115.00	5	-0.0778	-0.0639	0.4775
116.00	5	-0.0755	-0.0625	0.4653
117.00	5	-0.0698	-0.0593	0.4200
118.00	5	-0.0672	-0.0579	0.3918
119.00	5	-0.0412	-0.0454	0.1450
120.00	6	1.0033	-0.5128	0.7784
121.00	6	0.9131	-0.5672	0.8144
122.00	6	0.4127	-0.2244	0.7095
123.00	6	0.3881	-0.1453	0.7513
124.00	6	0.6589	-0.5623	0.8477
125.00	6	0.1146	-0.3243	0.7862
126.00	6	0.0666	-0.2412	0.4946
127.00	6	0.0615	-0.1111	0.4704
128.00	6	-0.0303	-0.0053	0.5052
129.00	6	-0.0023	-0.0257	0.4752
130.00	6	-0.0885	-0.0719	0.4918
131.00	6	-0.0834	-0.0678	0.4920
132.00	6	-0.0830	-0.0675	0.4916
133.00	6	-0.0798	-0.0652	0.4849
134.00	6	-0.0765	-0.0631	0.4712
135.00	6	-0.0765	-0.0631	0.4712
136.00	6	-0.0752	-0.0623	0.4637
137.00	6	-0.0690	-0.0589	0.4120
138.00	6	-0.0696	-0.0592	0.4174
139.00	6	-0.0412	-0.0454	0.1450
140.00	7	0.9959	-0.5105	0.7944
141.00	7	0.9138	-0.5667	0.8144
142.00	7	0.3962	-0.2131	0.7105
143.00	7	0.3783	-0.1406	0.7504
144.00	7	0.6589	-0.5623	0.8477
145.00	7	0.1012	-0.3173	0.7798
146.00	7	0.0657	-0.2417	0.4955
147.00	7	0.0638	-0.1136	0.4704
148.00	7	-0.0321	-0.0043	0.5073
149.00	7	-0.0018	-0.0258	0.4760
150.00	7	-0.0885	-0.0719	0.4918
151.00	7	-0.0866	-0.0703	0.4926
152.00	7	-0.0828	-0.0673	0.4913
153.00	7	-0.0812	-0.0661	0.4886
154.00	7	-0.0793	-0.0648	0.4833
155.00	7	-0.0755	-0.0625	0.4653
156.00	7	-0.0749	-0.0622	0.4619
157.00	7	-0.0725	-0.0608	0.4443
158.00	7	-0.0693	-0.0590	0.4147
159.00	7	-0.0412	-0.0454	0.1450
160.00	8	0.9954	-0.5103	0.7950
161.00	8	0.9037	-0.5730	0.8139
162.00	8	0.3726	-0.1974	0.7118
163.00	8	0.4013	-0.1516	0.7524
164.00	8	0.6556	-0.5646	0.8679
165.00	8	0.1336	-0.3340	0.7948
166.00	8	0.0649	-0.2422	0.4963
167.00	8	0.0703	-0.1214	0.4704
168.00	8	-0.0326	-0.0040	0.5076
169.00	8	-0.0027	-0.0256	0.4749
170.00	8	-0.0862	-0.0699	0.4927
171.00	8	-0.0858	-0.0696	0.4927
172.00	8	-0.0821	-0.0668	0.4903
173.00	8	-0.0798	-0.0652	0.4849
174.00	8	-0.0773	-0.0635	0.4751
175.00	8	-0.0752	-0.0623	0.4637
176.00	8	-0.0720	-0.0605	0.4398
177.00	8	-0.0709	-0.0599	0.4303
178.00	8	-0.0703	-0.0597	0.4252
179.00	8	-0.0412	-0.0454	0.1450
180.00	9	1.0004	-0.5118	0.7862
181.00	9	0.9096	-0.5697	0.8141
182.00	9	0.4127	-0.2244	0.7095
183.00	9	0.3796	-0.1413	0.7505
184.00	9	0.6571	-0.5639	0.8593
185.00	9	0.1288	-0.3315	0.7926
186.00	9	0.0675	-0.2407	0.4938
187.00	9	0.0548	-0.1031	0.4704
188.00	9	-0.0299	-0.0055	0.5045
189.00	9	-0.0018	-0.0258	0.4760
190.00	9	-0.0882	-0.0716	0.4920
191.00	9	-0.0847	-0.0688	0.4927
192.00	9	-0.0833	-0.0677	0.4918
193.00	9	-0.0793	-0.0648	0.4833
194.00	9	-0.0757	-0.0626	0.4669
195.00	9	-0.0760	-0.0628	0.4683
196.00	9	-0.0739	-0.0615	0.4546
197.00	9	-0.0700	-0.0595	0.4226
198.00	9	-0.0677	-0.0582	0.3977
199.00	9	-0.0412	-0.0454	0.1450
200.00	10	0.9984	-0.5112	0.7904
201.00	10	0.8999	-0.5746	0.8139
202.00	10	0.3726	-0.1974	0.7118
203.00	10	0.3853	-0.1439	0.7511
204.00	10	0.6583	-0.5630	0.8520
205.00	10	0.1288	-0.3315	0.7926
206.00	10	0.0657	-0.2417	0.4955
207.00	10	0.0703	-0.1214	0.4704
208.00	10	-0.0324	-0.0041	0.5075
209.00	10	-0.0017	-0.0258	0.4763
210.00	10	-0.0847	-0.0688	0.4927
211.00	10	-0.0860	-0.0698	0.4927
212.00	10	-0.0819	-0.0666	0.4899
213.00	10	-0.0812	-0.0661	0.4886
214.00	10	-0.0783	-0.0642	0.4796
215.00	10	-0.0767	-0.0633	0.4725
216.00	10	-0.0728	-0.0610	0.4464
217.00	10	-0.0685	-0.0587	0.4064
218.00	10	-0.0696	-0.0592	0.4174
219.00	10	-0.0412	-0.0454	0.1450
220.00	11	0.9959	-0.5105	0.7944
221.00	11	0.9030	-0.5734	0.8139
222.00	11	0.4080	-0.2212	0.7098
223.00	11	0.3939	-0.1480	0.7519
224.00	11	0.6550	-0.5647	0.8708
225.00	11	0.1169	-0.3255	0.7873
226.00	11	0.0755	-0.2358	0.4861
227.00	11	0.0582	-0.1071	0.4704
228.00	11	-0.0305	-0.0052	0.5055
229.00	11	-0.0015	-0.0260	0.4767
230.00	11	-0.0847	-0.0688	0.4927
231.00	11	-0.0839	-0.0682	0.4923
232.00	11	-0.0834	-0.0678	0.4920
233.00	11	-0.0788	-0.0645	0.4815
234.00	11	-0.0788	-0.0645	0.4815
235.00	11	-0.0767	-0.0633	0.4725
236.00	11	-0.0736	-0.0614	0.4527
237.00	11	-0.0679	-0.0584	0.4006
238.00	11	-0.0700	-0.0595	0.4226
239.00	11	-0.0412	-0.0454	0.1450
240.00	12	0.9994	-0.5116	0.7884
241.00	12	0.9117	-0.5683	0.8143
242.00	12	0.3845	-0.2052	0.7110
243.00	12	0.3881	-0.1453	0.7513
244.00	12	0.6541	-0.5648	0.8752
245.00	12	0.1192	-0.3266	0.7884
246.00	12	0.0728	-0.2375	0.4886
247.00	12	0.0660	-0.1163	0.4704
248.00	12	-0.0313	-0.0048	0.5065
249.00	12	-0.0019	-0.0258	0.4758
250.00	12	-0.0882	-0.0716	0.4920
251.00	12	-0.0845	-0.0686	0.4926
252.00	12	-0.0830	-0.0675	0.4916
253.00	12	-0.0776	-0.0637	0.4764
254.00	12	-0.0752	-0.0623	0.4637
255.00	12	-0.0746	-0.0620	0.4602
256.00	12	-0.0709	-0.0599	0.4303
257.00	12	-0.0674	-0.0580	0.3948
258.00	12	-0.0674	-0.0580	0.3948
259.00	12	-0.0412	-0.0454	0.1450
260.00	13	0.9940	-0.5100	0.7968
261.00	13	0.8999	-0.5746	0.8139
262.00	13	0.4034	-0.2180	0.7100
263.00	13	0.3867	-0.1445	0.7512
264.00	13	0.6571	-0.5639	0.8593
265.00	13	0.1056	-0.3196	0.7820
266.00	13	0.0711	-0.2386	0.4903
267.00	13	0.0492	-0.0964	0.4704
268.00	13	-0.0278	-0.0066	0.5005
269.00	13	-0.0020	-0.0257	0.4758
270.00	13	-0.0868	-0.0705	0.4925
271.00	13	-0.0841	-0.0683	0.4924
272.00	13	-0.0836	-0.0680	0.4921
273.00	13	-0.0793	-0.0648	0.4833
274.00	13	-0.0762	-0.0630	0.4698
275.00	13	-0.0762	-0.0630	0.4698
276.00	13	-0.0696	-0.0592	0.4174
277.00	13	-0.0698	-0.0593	0.4200
278.00	13	-0.0647	-0.0564	0.3636
279.00	13	-0.0412	-0.0454	0.1450
280.00	14	0.9974	-0.5109	0.7921
281.00	14	0.9006	-0.5743	0.8139
282.00	14	0.3749	-0.1989	0.7117
283.00	14	0.3924	-0.1473	0.7517
284.00	14	0.6566	-0.5642	0.8622
285.00	14	0.0843	-0.3084	0.7712
286.00	14	0.0765	-0.2353	0.4852
287.00	14	0.0469	-0.0937	0.4705
288.00	14	-0.0280	-0.0065	0.5010
289.00	14	-0.0015	-0.0261	0.4769
290.00	14	-0.0850	-0.0690	0.4927
291.00	14	-0.0817	-0.0665	0.4895
292.00	14	-0.0810	-0.0660	0.4881
293.00	14	-0.0805	-0.0657	0.4869
294.00	14	-0.0752	-0.0623	0.4637
295.00	14	-0.0725	-0.0608	0.4443
296.00	14	-0.0715	-0.0602	0.4352
297.00	14	-0.0703	-0.0597	0.4252
298.00	14	-0.0690	-0.0589	0.4120
299.00	14	-0.0412	-0.0454	0.1450
300.00	15	0.9934	-0.5098	0.7973
301.00	15	0.9059	-0.5719	0.8140
302.00	15	0.3702	-0.1958	0.7119
303.00	15	0.4028	-0.1523	0.7526
304.00	15	0.6544	-0.5648	0.8737
305.00	15	0.0948	-0.3139	0.7766
306.00	15	0.0774	-0.2347	0.4843
307.00	15	0.0469	-0.0937	0.4705
308.00	15	-0.0313	-0.0048	0.5065
309.00	15	-0.0016	-0.0259	0.4765
310.00	15	-0.0839	-0.0682	0.4923
311.00	15	-0.0824	-0.0670	0.4907
312.00	15	-0.0793	-0.0648	0.4833
313.00	15	-0.0802	-0.0655	0.4862
314.00	15	-0.0746	-0.0620	0.4602
315.00	15	-0.0762	-0.0630	0.4698
316.00	15	-0.0715	-0.0602	0.4352
317.00	15	-0.0666	-0.0576	0.3857
318.00	15	-0.0666	-0.0576	0.3857
319.00	15	-0.0412	-0.0454	0.1450
320.00	16	0.9950	-0.5102	0.7957
321.00	16	0.8999	-0.5746	0.8139
322.00	16	0.3726	-0.1974	0.7118
323.00	16	0.3895	-0.1459	0.7514
324.00	16	0.6550	-0.5647	0.8708
325.00	16	0.0969	-0.3150	0.7777
326.00	16	0.0783	-0.2341	0.4835
327.00	16	0.0435	-0.0896	0.4705
328.00	16	-0.0275	-0.0067	0.4999
329.00	16	-0.0015	-0.0262	0.4773
330.00	16	-0.0843	-0.0685	0.4926
331.00	16	-0.0828	-0.0673	0.4913
332.00	16	-0.0796	-0.0650	0.4841
333.00	16	-0.0791	-0.0647	0.4825
334.00	16	-0.0778	-0.0639	0.4775
335.00	16	-0.0731	-0.0611	0.4486
336.00	16	-0.0722	-0.0607	0.4420
337.00	16	-0.0674	-0.0580	0.3948
338.00	16	-0.0636	-0.0558	0.3504
339.00	16	-0.0412	-0.0454	0.1450
340.00	17	0.9974	-0.5109	0.7921
341.00	17	0.8991	-0.5749	0.8139
342.00	17	0.3605	-0.1896	0.7125
343.00	17	0.4028	-0.1523	0.7526
344.00	17	0.6568	-0.5641	0.8607
345.00	17	0.1012	-0.3173	0.7798
346.00	17	0.0792	-0.2335	0.4827
347.00	17	0.0457	-0.0923	0.4705
348.00	17	-0.0310	-0.0049	0.5062
349.00	17	-0.0015	-0.0260	0.4767
350.00	17	-0.0834	-0.0678	0.4920
351.00	17	-0.0828	-0.0673	0.4913
352.00	17	-0.0833	-0.0677	0.4918
353.00	17	-0.0793	-0.0648	0.4833
354.00	17	-0.0773	-0.0635	0.4751
355.00	17	-0.0752	-0.0623	0.4637
356.00	17	-0.0698	-0.0593	0.4200
357.00	17	-0.0679	-0.0584	0.4006
358.00	17	-0.0642	-0.0561	0.3570
359.00	17	-0.0412	-0.0454	0.1450
360.00	18	0.9989	-0.5114	0.7894
361.00	18	0.8935	-0.5762	0.8140
362.00	18	0.3654	-0.1927	0.7121
363.00	18	0.4043	-0.1530	0.7527
364.00	18	0.6536	-0.5649	0.8780
365.00	18	0.0948	-0.3139	0.7766
366.00	18	0.0819	-0.2318	0.4802
367.00	18	0.0582	-0.1071	0.4704
368.00	18	-0.0296	-0.0057	0.5042
369.00	18	-0.0018	-0.0258	0.4759
370.00	18	-0.0843	-0.0685	0.4926
371.00	18	-0.0834	-0.0678	0.4920
372.00	18	-0.0815	-0.0663	0.4891
373.00	18	-0.0760	-0.0628	0.4683
374.00	18	-0.0755	-0.0625	0.4653
375.00	18	-0.0720	-0.0605	0.4398
376.00	18	-0.0731	-0.0611	0.4486
377.00	18	-0.0660	-0.0573	0.3795
378.00	18	-0.0669	-0.0577	0.3888
379.00	18	-0.0412	-0.0454	0.1450
380.00	19	0.9964	-0.5106	0.7936
381.00	19	0.9044	-0.5726	0.8139
382.00	19	0.3749	-0.1989	0.7117
383.00	19	0.3998	-0.1508	0.7523
384.00	19	0.6553	-0.5647	0.8694
385.00	19	0.1078	-0.3208	0.7830
386.00	19	0.0893	-0.2270	0.4734
387.00	19	0.0446	-0.0910	0.4705
388.00	19	-0.0267	-0.0072	0.4977
389.00	19	-0.0015	-0.0261	0.4771
390.00	19	-0.0833	-0.0677	0.4918
391.00	19	-0.0834	-0.0678	0.4920
392.00	19	-0.0805	-0.0657	0.4869
393.00	19	-0.0805	-0.0657	0.4869
394.00	19	-0.0770	-0.0634	0.4739
395.00	19	-0.0715	-0.0602	0.4352
396.00	19	-0.0715	-0.0602	0.4352
397.00	19	-0.0690	-0.0589	0.4120
398.00	19	-0.0642	-0.0561	0.3570
399.00	19	-0.0412	-0.0454	0.1450
400.00	20	0.9944	-0.5101	0.7963
401.00	20	0.9022	-0.5737	0.8139
402.00	20	0.3678	-0.1942	0.7120
403.00	20	0.4217	-0.1615	0.7540
404.00	20	0.6558	-0.5646	0.8664
405.00	20	0.0762	-0.3040	0.7669
406.00	20	0.0746	-0.2364	0.4870
407.00	20	0.0560	-0.1045	0.4704
408.00	20	-0.0267	-0.0072	0.4977
409.00	20	-0.0015	-0.0261	0.4770
410.00	20	-0.0841	-0.0683	0.4924
411.00	20	-0.0839	-0.0682	0.4923
412.00	20	-0.0824	-0.0670	0.4907
413.00	20	-0.0762	-0.0630	0.4698
414.00	20	-0.0770	-0.0634	0.4739
415.00	20	-0.0739	-0.0615	0.4546
416.00	20	-0.0709	-0.0599	0.4303
417.00	20	-0.0655	-0.0569	0.3732
418.00	20	-0.0653	-0.0567	0.3701
419.00	20	-0.0412	-0.0454	0.1450
420.00	21	0.9887	-0.5087	0.8008
421.00	21	0.8910	-0.5766	0.8140
422.00	21	0.3629	-0.1911	0.7123
423.00	21	0.4137	-0.1576	0.7534
424.00	21	0.6511	-0.5647	0.8895
425.00	21	0.1078	-0.3208	0.7830
426.00	21	0.0746	-0.2364	0.4870
427.00	21	0.0435	-0.0896	0.4705
428.00	21	-0.0264	-0.0073	0.4971
429.00	21	-0.0015	-0.0262	0.4772
430.00	21	-0.0824	-0.0670	0.4907
431.00	21	-0.0834	-0.0678	0.4920
432.00	21	-0.0805	-0.0657	0.4869
433.00	21	-0.0783	-0.0642	0.4796
434.00	21	-0.0736	-0.0614	0.4527
435.00	21	-0.0700	-0.0595	0.4226
436.00	21	-0.0709	-0.0599	0.4303
437.00	21	-0.0698	-0.0593	0.4200
438.00	21	-0.0660	-0.0573	0.3795
439.00	21	-0.0412	-0.0454	0.1450
440.00	22	0.9920	-0.5095	0.7987
441.00	22	0.8952	-0.5759	0.8140
442.00	22	0.3484	-0.1820	0.7131
443.00	22	0.4137	-0.1576	0.7534
444.00	22	0.6547	-0.5648	0.8723
445.00	22	0.0723	-0.3019	0.7648
446.00	22	0.0783	-0.2341	0.4835
447.00	22	0.0480	-0.0951	0.4704
448.00	22	-0.0270	-0.0070	0.4988
449.00	22	-0.0015	-0.0261	0.4771
450.00	22	-0.0821	-0.0668	0.4903
451.00	22	-0.0841	-0.0683	0.4924
452.00	22	-0.0819	-0.0666	0.4899
453.00	22	-0.0773	-0.0635	0.4751
454.00	22	-0.0773	-0.0635	0.4751
455.00	22	-0.0725	-0.0608	0.4443
456.00	22	-0.0672	-0.0579	0.3918
457.00	22	-0.0658	-0.0571	0.3764
458.00	22	-0.0660	-0.0573	0.3795
459.00	22	-0.0412	-0.0454	0.1450
460.00	23	0.9929	-0.5097	0.7978
461.00	23	0.9030	-0.5734	0.8139
462.00	23	0.3797	-0.2020	0.7114
463.00	23	0.4250	-0.1631	0.7543
464.00	23	0.6553	-0.5647	0.8694
465.00	23	0.0685	-0.2998	0.7626
466.00	23	0.0829	-0.2312	0.4793
467.00	23	0.0526	-0.1005	0.4704
468.00	23	-0.0294	-0.0058	0.5037
469.00	23	-0.0015	-0.0260	0.4767
470.00	23	-0.0847	-0.0688	0.4927
471.00	23	-0.0834	-0.0678	0.4920
472.00	23	-0.0810	-0.0660	0.4881
473.00	23	-0.0770	-0.0634	0.4739
474.00	23	-0.0765	-0.0631	0.4712
475.00	23	-0.0736	-0.0614	0.4527
476.00	23	-0.0700	-0.0595	0.4226
477.00	23	-0.0658	-0.0571	0.3764
478.00	23	-0.0647	-0.0564	0.3636
479.00	23	-0.0412	-0.0454	0.1450
480.00	24	0.9950	-0.5102	0.7957
481.00	24	0.8918	-0.5765	0.8140
482.00	24	0.3459	-0.1804	0.7133
483.00	24	0.4201	-0.1607	0.7539
484.00	24	0.6556	-0.5646	0.8679
485.00	24	0.0762	-0.3040	0.7669
486.00	24	0.0801	-0.2330	0.4819
487.00	24	0.0504	-0.0978	0.4704
488.00	24	-0.0255	-0.0079	0.4946
489.00	24	-0.0015	-0.0260	0.4767
490.00	24	-0.0830	-0.0675	0.4916
491.00	24	-0.0830	-0.0675	0.4916
492.00	24	-0.0783	-0.0642	0.4796
493.00	24	-0.0781	-0.0640	0.4786
494.00	24	-0.0760	-0.0628	0.4683
495.00	24	-0.0731	-0.0611	0.4486
496.00	24	-0.0685	-0.0587	0.4064
497.00	24	-0.0679	-0.0584	0.4006
498.00	24	-0.0620	-0.0548	0.3298
499.00	24	-0.0412	-0.0454	0.1450
500.00	25	0.9920	-0.5095	0.7987
501.00	25	0.8901	-0.5766	0.8140
502.00	25	0.3336	-0.1729	0.7139
503.00	25	0.4137	-0.1576	0.7534
504.00	25	0.6541	-0.5648	0.8752
505.00	25	0.0628	-0.2966	0.7594
506.00	25	0.0903	-0.2264	0.4725
507.00	25	0.0480	-0.0951	0.4704
508.00	25	-0.0275	-0.0067	0.4999
509.00	25	-0.0016	-0.0259	0.4765
510.00	25	-0.0855	-0.0695	0.4927
511.00	25	-0.0817	-0.0665	0.4895
512.00	25	-0.0812	-0.0661	0.4886
513.00	25	-0.0783	-0.0642	0.4796
514.00	25	-0.0762	-0.0630	0.4698
515.00	25	-0.0700	-0.0595	0.4226
516.00	25	-0.0688	-0.0588	0.4092
517.00	25	-0.0636	-0.0558	0.3504
518.00	25	-0.0626	-0.0552	0.3368
519.00	25	-0.0412	-0.0454	0.1450
520.00	26	0.9891	-0.5088	0.8006
521.00	26	0.8960	-0.5757	0.8139
522.00	26	0.3581	-0.1881	0.7126
523.00	26	0.4137	-0.1576	0.7534
524.00	26	0.6504	-0.5645	0.8918
525.00	26	0.0969	-0.3150	0.7777
526.00	26	0.0949	-0.2233	0.4684
527.00	26	0.0492	-0.0964	0.4704
528.00	26	-0.0248	-0.0083	0.4928
529.00	26	-0.0015	-0.0263	0.4774
530.00	26	-0.0853	-0.0693	0.4927
531.00	26	-0.0817	-0.0665	0.4895
532.00	26	-0.0770	-0.0634	0.4739
533.00	26	-0.0783	-0.0642	0.4796
534.00	26	-0.0720	-0.0605	0.4398
535.00	26	-0.0709	-0.0599	0.4303
536.00	26	-0.0690	-0.0589	0.4120
537.00	26	-0.0663	-0.0574	0.3826
538.00	26	-0.0636	-0.0558	0.3504
539.00	26	-0.0412	-0.0454	0.1450
540.00	27	0.9882	-0.5086	0.8010
541.00	27	0.8918	-0.5765	0.8140
542.00	27	0.3508	-0.1835	0.7130
543.00	27	0.4233	-0.1623	0.7541
544.00	27	0.6493	-0.5642	0.8959
545.00	27	0.0863	-0.3095	0.7723
546.00	27	0.0921	-0.2251	0.4708
547.00	27	0.0469	-0.0937	0.4705
548.00	27	-0.0262	-0.0074	0.4965
549.00	27	-0.0015	-0.0265	0.4777
550.00	27	-0.0841	-0.0683	0.4924
551.00	27	-0.0802	-0.0655	0.4862
552.00	27	-0.0773	-0.0635	0.4751
553.00	27	-0.0760	-0.0628	0.4683
554.00	27	-0.0736	-0.0614	0.4527
555.00	27	-0.0703	-0.0597	0.4252
556.00	27	-0.0685	-0.0587	0.4064
557.00	27	-0.0634	-0.0556	0.3470
558.00	27	-0.0653	-0.0567	0.3701
559.00	27	-0.0412	-0.0454	0.1450
560.00	28	0.9934	-0.5098	0.7973
561.00	28	0.8845	-0.5765	0.8143
562.00	28	0.3262	-0.1684	0.7143
563.00	28	0.4201	-0.1607	0.7539
564.00	28	0.6508	-0.5646	0.8907
565.00	28	0.0802	-0.3062	0.7690
566.00	28	0.0847	-0.2300	0.4776
567.00	28	0.0344	-0.0790	0.4705
568.00	28	-0.0282	-0.0064	0.5015
569.00	28	-0.0015	-0.0262	0.4773
570.00	28	-0.0821	-0.0668	0.4903
571.00	28	-0.0815	-0.0663	0.4891
572.00	28	-0.0788	-0.0645	0.4815
573.00	28	-0.0755	-0.0625	0.4653
574.00	28	-0.0717	-0.0604	0.4375
575.00	28	-0.0725	-0.0608	0.4443
576.00	28	-0.0679	-0.0584	0.4006
577.00	28	-0.0660	-0.0573	0.3795
578.00	28	-0.0639	-0.0560	0.3536
579.00	28	-0.0412	-0.0454	0.1450
580.00	29	0.9868	-0.5083	0.8015
581.00	29	0.8883	-0.5766	0.8141
582.00	29	0.3410	-0.1774	0.7136
583.00	29	0.4299	-0.1654	0.7547
584.00	29	0.6522	-0.5648	0.8847
585.00	29	0.0574	-0.2935	0.7562
586.00	29	0.0912	-0.2258	0.4717
587.00	29	0.0457	-0.0923	0.4705
588.00	29	-0.0262	-0.0074	0.4965
589.00	29	-0.0024	-0.0275	0.4789
590.00	29	-0.0817	-0.0665	0.4895
591.00	29	-0.0808	-0.0658	0.4875
592.00	29	-0.0800	-0.0654	0.4855
593.00	29	-0.0731	-0.0611	0.4486
594.00	29	-0.0712	-0.0600	0.4328
595.00	29	-0.0698	-0.0593	0.4200
596.00	29	-0.0698	-0.0593	0.4200
597.00	29	-0.0669	-0.0577	0.3888
598.00	29	-0.0607	-0.0539	0.3123
599.00	29	-0.0412	-0.0454	0.1450
600.00	30	0.9929	-0.5097	0.7978
601.00	30	0.8935	-0.5762	0.8140
602.00	30	0.3459	-0.1804	0.7133
603.00	30	0.4168	-0.1591	0.7537
604.00	30	0.6486	-0.5640	0.8979
605.00	30	0.0555	-0.2925	0.7551
606.00	30	0.0893	-0.2270	0.4734
607.00	30	0.0469	-0.0937	0.4705
608.00	30	-0.0255	-0.0079	0.4946
609.00	30	-0.0019	-0.0271	0.4784
610.00	30	-0.0815	-0.0663	0.4891
611.00	30	-0.0796	-0.0650	0.4841
612.00	30	-0.0760	-0.0628	0.4683
613.00	30	-0.0744	-0.0619	0.4584
614.00	30	-0.0717	-0.0604	0.4375
615.00	30	-0.0693	-0.0590	0.4147
616.00	30	-0.0672	-0.0579	0.3918
617.00	30	-0.0674	-0.0580	0.3948
618.00	30	-0.0623	-0.0550	0.3333
619.00	30	-0.0412	-0.0454	0.1450
620.00	31	0.9868	-0.5083	0.8015
621.00	31	0.8901	-0.5766	0.8140
622.00	31	0.3581	-0.1881	0.7126
623.00	31	0.4332	-0.1671	0.7550
624.00	31	0.6514	-0.5647	0.8884
625.00	31	0.0723	-0.3019	0.7648
626.00	31	0.0940	-0.2239	0.4692
627.00	31	0.0401	-0.0856	0.4705
628.00	31	-0.0250	-0.0081	0.4934
629.00	31	-0.0015	-0.0264	0.4775
630.00	31	-0.0819	-0.0666	0.4899
631.00	31	-0.0821	-0.0668	0.4903
632.00	31	-0.0783	-0.0642	0.4796
633.00	31	-0.0765	-0.0631	0.4712
634.00	31	-0.0736	-0.0614	0.4527
635.00	31	-0.0696	-0.0592	0.4174
636.00	31	-0.0698	-0.0593	0.4200
637.00	31	-0.0666	-0.0576	0.3857
638.00	31	-0.0602	-0.0536	0.3052
639.00	31	-0.0412	-0.0454	0.1450
640.00	32	0.9920	-0.5095	0.7987
641.00	32	0.8864	-0.5766	0.8142
642.00	32	0.3556	-0.1865	0.7128
643.00	32	0.4332	-0.1671	0.7550
644.00	32	0.6502	-0.5645	0.8929
645.00	32	0.0762	-0.3040	0.7669
646.00	32	0.0994	-0.2202	0.4642
647.00	32	0.0412	-0.0870	0.4704
648.00	32	-0.0241	-0.0087	0.4907
649.00	32	-0.0024	-0.0275	0.4789
650.00	32	-0.0812	-0.0661	0.4886
651.00	32	-0.0796	-0.0650	0.4841
652.00	32	-0.0767	-0.0633	0.4725
653.00	32	-0.0767	-0.0633	0.4725
654.00	32	-0.0725	-0.0608	0.4443
655.00	32	-0.0720	-0.0605	0.4398
656.00	32	-0.0647	-0.0564	0.3636
657.00	32	-0.0639	-0.0560	0.3536
658.00	32	-0.0617	-0.0547	0.3264
659.00	32	-0.0412	-0.0454	0.1450
660.00	33	0.9853	-0.5079	0.8018
661.00	33	0.8968	-0.5756	0.8139
662.00	33	0.3189	-0.1640	0.7146
663.00	33	0.4282	-0.1647	0.7545
664.00	33	0.6489	-0.5641	0.8969
665.00	33	0.0555	-0.2925	0.7551
666.00	33	0.1011	-0.2190	0.4626
667.00	33	0.0401	-0.0856	0.4705
668.00	33	-0.0233	-0.0092	0.4879
669.00	33	-0.0015	-0.0262	0.4772
670.00	33	-0.0819	-0.0666	0.4899
671.00	33	-0.0815	-0.0663	0.4891
672.00	33	-0.0755	-0.0625	0.4653
673.00	33	-0.0746	-0.0620	0.4602
674.00	33	-0.0744	-0.0619	0.4584
675.00	33	-0.0717	-0.0604	0.4375
676.00	33	-0.0660	-0.0573	0.3795
677.00	33	-0.0615	-0.0545	0.3229
678.00	33	-0.0594	-0.0531	0.2945
679.00	33	-0.0412	-0.0454	0.1450
680.00	34	0.9906	-0.5091	0.7997
681.00	34	0.8891	-0.5766	0.8141
682.00	34	0.3238	-0.1669	0.7144
683.00	34	0.4201	-0.1607	0.7539
684.00	34	0.6517	-0.5648	0.8872
685.00	34	0.0610	-0.2956	0.7583
686.00	34	0.0875	-0.2282	0.4751
687.00	34	0.0355	-0.0803	0.4705
688.00	34	-0.0260	-0.0076	0.4959
689.00	34	-0.0015	-0.0264	0.4775
690.00	34	-0.0836	-0.0680	0.4921
691.00	34	-0.0802	-0.0655	0.4862
692.00	34	-0.0770	-0.0634	0.4739
693.00	34	-0.0752	-0.0623	0.4637
694.00	34	-0.0728	-0.0610	0.4464
695.00	34	-0.0696	-0.0592	0.4174
696.00	34	-0.0666	-0.0576	0.3857
697.00	34	-0.0644	-0.0563	0.3603
698.00	34	-0.0591	-0.0529	0.2909
699.00	34	-0.0412	-0.0454	0.1450
700.00	35	0.9858	-0.5081	0.8017
701.00	35	0.8795	-0.5757	0.8146
702.00	35	0.3385	-0.1759	0.7137
703.00	35	0.4153	-0.1583	0.7536
704.00	35	0.6508	-0.5646	0.8907
705.00	35	0.0486	-0.2886	0.7507
706.00	35	0.0921	-0.2251	0.4708
707.00	35	0.0344	-0.0790	0.4705
708.00	35	-0.0260	-0.0076	0.4959
709.00	35	-0.0018	-0.0268	0.4782
710.00	35	-0.0830	-0.0675	0.4916
711.00	35	-0.0770	-0.0634	0.4739
712.00	35	-0.0778	-0.0639	0.4775
713.00	35	-0.0736	-0.0614	0.4527
714.00	35	-0.0725	-0.0608	0.4443
715.00	35	-0.0715	-0.0602	0.4352
716.00	35	-0.0685	-0.0587	0.4064
717.00	35	-0.0642	-0.0561	0.3570
718.00	35	-0.0599	-0.0535	0.3016
719.00	35	-0.0412	-0.0454	0.1450
720.00	36	0.9858	-0.5081	0.8017
721.00	36	0.8805	-0.5759	0.8145
722.00	36	0.3336	-0.1729	0.7139
723.00	36	0.4433	-0.1721	0.7557
724.00	36	0.6499	-0.5644	0.8939
725.00	36	0.0538	-0.2915	0.7540
726.00	36	0.1011	-0.2190	0.4626
727.00	36	0.0212	-0.0633	0.4708
728.00	36	-0.0227	-0.0096	0.4858
729.00	36	-0.0027	-0.0278	0.4791
730.00	36	-0.0791	-0.0647	0.4825
731.00	36	-0.0802	-0.0655	0.4862
732.00	36	-0.0778	-0.0639	0.4775
733.00	36	-0.0757	-0.0626	0.4669
734.00	36	-0.0736	-0.0614	0.4527
735.00	36	-0.0696	-0.0592	0.4174
736.00	36	-0.0666	-0.0576	0.3857
737.00	36	-0.0636	-0.0558	0.3504
738.00	36	-0.0610	-0.0541	0.3159
739.00	36	-0.0412	-0.0454	0.1450
740.00	37	0.9863	-0.5082	0.8016
741.00	37	0.8816	-0.5761	0.8145
742.00	37	0.3238	-0.1669	0.7144
743.00	37	0.4468	-0.1738	0.7560
744.00	37	0.6458	-0.5628	0.9045
745.00	37	0.0647	-0.2977	0.7604
746.00	37	0.1038	-0.2172	0.4603
747.00	37	0.0245	-0.0672	0.4706
748.00	37	-0.0255	-0.0079	0.4946
749.00	37	-0.0027	-0.0278	0.4791
750.00	37	-0.0812	-0.0661	0.4886
751.00	37	-0.0770	-0.0634	0.4739
752.00	37	-0.0770	-0.0634	0.4739
753.00	37	-0.0725	-0.0608	0.4443
754.00	37	-0.0712	-0.0600	0.4328
755.00	37	-0.0660	-0.0573	0.3795
756.00	37	-0.0650	-0.0566	0.3669
757.00	37	-0.0647	-0.0564	0.3636
758.00	37	-0.0589	-0.0527	0.2873
759.00	37	-0.0412	-0.0454	0.1450
760.00	38	0.9836	-0.5075	0.8019
761.00	38	0.8927	-0.5764	0.8140
762.00	38	0.3434	-0.1789	0.7134
763.00	38	0.4332	-0.1671	0.7550
764.00	38	0.6476	-0.5636	0.9006
765.00	38	0.0434	-0.2856	0.7475
766.00	38	0.0976	-0.2215	0.4658
767.00	38	0.0180	-0.0595	0.4708
768.00	38	-0.0241	-0.0087	0.4907
769.00	38	-0.0024	-0.0275	0.4789
770.00	38	-0.0798	-0.0652	0.4849
771.00	38	-0.0796	-0.0650	0.4841
772.00	38	-0.0773	-0.0635	0.4751
773.00	38	-0.0739	-0.0615	0.4546
774.00	38	-0.0717	-0.0604	0.4375
775.00	38	-0.0655	-0.0569	0.3732
776.00	38	-0.0666	-0.0576	0.3857
777.00	38	-0.0631	-0.0555	0.3437
778.00	38	-0.0602	-0.0536	0.3052
779.00	38	-0.0412	-0.0454	0.1450
780.00	39	0.9836	-0.5075	0.8019
781.00	39	0.8864	-0.5766	0.8142
782.00	39	0.3385	-0.1759	0.7137
783.00	39	0.4332	-0.1671	0.7550
784.00	39	0.6489	-0.5641	0.8969
785.00	39	0.0628	-0.2966	0.7594
786.00	39	0.0931	-0.2245	0.4700
787.00	39	0.0322	-0.0764	0.4706
788.00	39	-0.0227	-0.0096	0.4858
789.00	39	-0.0017	-0.0267	0.4781
790.00	39	-0.0826	-0.0672	0.4910
791.00	39	-0.0781	-0.0640	0.4786
792.00	39	-0.0731	-0.0611	0.4486
793.00	39	-0.0752	-0.0623	0.4637
794.00	39	-0.0709	-0.0599	0.4303
795.00	39	-0.0688	-0.0588	0.4092
796.00	39	-0.0636	-0.0558	0.3504
797.00	39	-0.0644	-0.0563	0.3603
798.00	39	-0.0578	-0.0521	0.2729
799.00	39	-0.0412	-0.0454	0.1450
800.00	40	0.9836	-0.5075	0.8019
801.00	40	0.8764	-0.5751	0.8147
802.00	40	0.3067	-0.1568	0.7151
803.00	40	0.4299	-0.1654	0.7547
804.00	40	0.6465	-0.5631	0.9030
805.00	40	0.0486	-0.2886	0.7507
806.00	40	0.1064	-0.2155	0.4583
807.00	40	0.0223	-0.0646	0.4707
808.00	40	-0.0233	-0.0092	0.4879
809.00	40	-0.0020	-0.0271	0.4785
810.00	40	-0.0793	-0.0648	0.4833
811.00	40	-0.0762	-0.0630	0.4698
812.00	40	-0.0773	-0.0635	0.4751
813.00	40	-0.0741	-0.0617	0.4566
814.00	40	-0.0722	-0.0607	0.4420
815.00	40	-0.0669	-0.0577	0.3888
816.00	40	-0.0631	-0.0555	0.3437
817.00	40	-0.0604	-0.0538	0.3088
818.00	40	-0.0596	-0.0533	0.2981
819.00	40	-0.0412	-0.0454	0.1450
820.00	41	0.9858	-0.5081	0.8017
821.00	41	0.8795	-0.5757	0.8146
822.00	41	0.3020	-0.1540	0.7152
823.00	41	0.4433	-0.1721	0.7557
824.00	41	0.6472	-0.5635	0.9014
825.00	41	0.0610	-0.2956	0.7583
826.00	41	0.1038	-0.2172	0.4603
827.00	41	0.0212	-0.0633	0.4708
828.00	41	-0.0246	-0.0084	0.4921
829.00	41	-0.0018	-0.0269	0.4783
830.00	41	-0.0815	-0.0663	0.4891
831.00	41	-0.0762	-0.0630	0.4698
832.00	41	-0.0749	-0.0622	0.4619
833.00	41	-0.0706	-0.0598	0.4278
834.00	41	-0.0679	-0.0584	0.4006
835.00	41	-0.0658	-0.0571	0.3764
836.00	41	-0.0647	-0.0564	0.3636
837.00	41	-0.0607	-0.0539	0.3123
838.00	41	-0.0610	-0.0541	0.3159
839.00	41	-0.0412	-0.0454	0.1450
840.00	42	0.9811	-0.5068	0.8018
841.00	42	0.8845	-0.5765	0.8143
842.00	42	0.3140	-0.1611	0.7148
843.00	42	0.4416	-0.1712	0.7556
844.00	42	0.6469	-0.5633	0.9022
845.00	42	0.0385	-0.2828	0.7442
846.00	42	0.1089	-0.2138	0.4566
847.00	42	0.0138	-0.0545	0.4710
848.00	42	-0.0213	-0.0106	0.4810
849.00	42	-0.0028	-0.0279	0.4792
850.00	42	-0.0819	-0.0666	0.4899
851.00	42	-0.0765	-0.0631	0.4712
852.00	42	-0.0770	-0.0634	0.4739
853.00	42	-0.0739	-0.0615	0.4546
854.00	42	-0.0688	-0.0588	0.4092
855.00	42	-0.0669	-0.0577	0.3888
856.00	42	-0.0658	-0.0571	0.3764
857.00	42	-0.0634	-0.0556	0.3470
858.00	42	-0.0583	-0.0524	0.2801
859.00	42	-0.0412	-0.0454	0.1450
860.00	43	0.9858	-0.5081	0.8017
861.00	43	0.8826	-0.5763	0.8144
862.00	43	0.3336	-0.1729	0.7139
863.00	43	0.4332	-0.1671	0.7550
864.00	43	0.6453	-0.5626	0.9053
865.00	43	0.0486	-0.2886	0.7507
866.00	43	0.1080	-0.2143	0.4571
867.00	43	0.0138	-0.0545	0.4710
868.00	43	-0.0211	-0.0107	0.4803
869.00	43	-0.0021	-0.0273	0.4786
870.00	43	-0.0805	-0.0657	0.4869
871.00	43	-0.0749	-0.0622	0.4619
872.00	43	-0.0770	-0.0634	0.4739
873.00	43	-0.0715	-0.0602	0.4352
874.00	43	-0.0669	-0.0577	0.3888
875.00	43	-0.0660	-0.0573	0.3795
876.00	43	-0.0663	-0.0574	0.3826
877.00	43	-0.0626	-0.0552	0.3368
878.00	43	-0.0571	-0.0515	0.2622
879.00	43	-0.0412	-0.0454	0.1450
880.00	44	0.9800	-0.5064	0.8016
881.00	44	0.8816	-0.5761	0.8145
882.00	44	0.3238	-0.1669	0.7144
883.00	44	0.4366	-0.1687	0.7552
884.00	44	0.6462	-0.5630	0.9038
885.00	44	0.0385	-0.2828	0.7442
886.00	44	0.1020	-0.2184	0.4618
887.00	44	0.0149	-0.0557	0.4709
888.00	44	-0.0235	-0.0091	0.4886
889.00	44	-0.0043	-0.0291	0.4800
890.00	44	-0.0770	-0.0634	0.4739
891.00	44	-0.0765	-0.0631	0.4712
892.00	44	-0.0746	-0.0620	0.4602
893.00	44	-0.0741	-0.0617	0.4566
894.00	44	-0.0674	-0.0580	0.3948
895.00	44	-0.0679	-0.0584	0.4006
896.00	44	-0.0642	-0.0561	0.3570
897.00	44	-0.0626	-0.0552	0.3368
898.00	44	-0.0568	-0.0514	0.2586
899.00	44	-0.0412	-0.0454	0.1450
900.00	45	0.9796	-0.5063	0.8016
901.00	45	0.8805	-0.5759	0.8145
902.00	45	0.3067	-0.1568	0.7151
903.00	45	0.4383	-0.1696	0.7553
904.00	45	0.6423	-0.5612	0.9097
905.00	45	0.0538	-0.2915	0.7540
906.00	45	0.1072	-0.2149	0.4577
907.00	45	0.0117	-0.0520	0.4711
908.00	45	-0.0217	-0.0103	0.4823
909.00	45	-0.0038	-0.0287	0.4798
910.00	45	-0.0765	-0.0631	0.4712
911.00	45	-0.0757	-0.0626	0.4669
912.00	45	-0.0765	-0.0631	0.4712
913.00	45	-0.0734	-0.0612	0.4507
914.00	45	-0.0679	-0.0584	0.4006
915.00	45	-0.0660	-0.0573	0.3795
916.00	45	-0.0653	-0.0567	0.3701
917.00	45	-0.0604	-0.0538	0.3088
918.00	45	-0.0591	-0.0529	0.2909
919.00	45	-0.0412	-0.0454	0.1450
920.00	46	0.9811	-0.5068	0.8018
921.00	46	0.8816	-0.5761	0.8145
922.00	46	0.2996	-0.1526	0.7153
923.00	46	0.4400	-0.1704	0.7555
924.00	46	0.6486	-0.5640	0.8979
925.00	46	0.0538	-0.2915	0.7540
926.00	46	0.0994	-0.2202	0.4642
927.00	46	0.0170	-0.0583	0.4708
928.00	46	-0.0223	-0.0099	0.4843
929.00	46	-0.0065	-0.0306	0.4806
930.00	46	-0.0808	-0.0658	0.4875
931.00	46	-0.0744	-0.0619	0.4584
932.00	46	-0.0731	-0.0611	0.4486
933.00	46	-0.0715	-0.0602	0.4352
934.00	46	-0.0693	-0.0590	0.4147
935.00	46	-0.0639	-0.0560	0.3536
936.00	46	-0.0642	-0.0561	0.3570
937.00	46	-0.0626	-0.0552	0.3368
938.00	46	-0.0589	-0.0527	0.2873
939.00	46	-0.0412	-0.0454	0.1450
940.00	47	0.9796	-0.5063	0.8016
941.00	47	0.8649	-0.5714	0.8153
942.00	47	0.2854	-0.1445	0.7157
943.00	47	0.4604	-0.1810	0.7569
944.00	47	0.6437	-0.5618	0.9079
945.00	47	0.0486	-0.2886	0.7507
946.00	47	0.1114	-0.2122	0.4552
947.00	47	0.0138	-0.0545	0.4710
948.00	47	-0.0217	-0.0103	0.4823
949.00	47	-0.0027	-0.0278	0.4791
950.00	47	-0.0778	-0.0639	0.4775
951.00	47	-0.0734	-0.0612	0.4507
952.00	47	-0.0709	-0.0599	0.4303
953.00	47	-0.0685	-0.0587	0.4064
954.00	47	-0.0669	-0.0577	0.3888
955.00	47	-0.0653	-0.0567	0.3701
956.00	47	-0.0604	-0.0538	0.3088
957.00	47	-0.0629	-0.0553	0.3402
958.00	47	-0.0604	-0.0538	0.3088
959.00	47	-0.0412	-0.0454	0.1450
960.00	48	0.9811	-0.5068	0.8018
961.00	48	0.8785	-0.5756	0.8146
962.00	48	0.3091	-0.1582	0.7150
963.00	48	0.4416	-0.1712	0.7556
964.00	48	0.6458	-0.5628	0.9045
965.00	48	0.0231	-0.2738	0.7333
966.00	48	0.1105	-0.2127	0.4557
967.00	48	0.0098	-0.0495	0.4712
968.00	48	-0.0237	-0.0090	0.4893
969.00	48	-0.0072	-0.0312	0.4807
970.00	48	-0.0805	-0.0657	0.4869
971.00	48	-0.0734	-0.0612	0.4507
972.00	48	-0.0720	-0.0605	0.4398
973.00	48	-0.0728	-0.0610	0.4464
974.00	48	-0.0660	-0.0573	0.3795
975.00	48	-0.0634	-0.0556	0.3470
976.00	48	-0.0650	-0.0566	0.3669
977.00	48	-0.0583	-0.0524	0.2801
978.00	48	-0.0581	-0.0522	0.2765
979.00	48	-0.0412	-0.0454	0.1450
980.00	49	0.9836	-0.5075	0.8019
981.00	49	0.8795	-0.5757	0.8146
982.00	49	0.3140	-0.1611	0.7148
983.00	49	0.4553	-0.1782	0.7566
984.00	49	0.6458	-0.5628	0.9045
985.00	49	0.0503	-0.2896	0.7518
986.00	49	0.1038	-0.2172	0.4603
987.00	49	0.0138	-0.0545	0.4710
988.00	49	-0.0217	-0.0103	0.4823
989.00	49	-0.0048	-0.0295	0.4801
990.00	49	-0.0773	-0.0635	0.4751
991.00	49	-0.0776	-0.0637	0.4764
992.00	49	-0.0715	-0.0602	0.4352
993.00	49	-0.0700	-0.0595	0.4226
994.00	49	-0.0688	-0.0588	0.4092
995.00	49	-0.0658	-0.0571	0.3764
996.00	49	-0.0644	-0.0563	0.3603
997.00	49	-0.0612	-0.0543	0.3194
998.00	49	-0.0586	-0.0525	0.2838
999.00	49	-0.0412	-0.0454	0.1450
