0.00	0	-1.0905	0.3414	0.8182
1.00	0	-0.9776	0.2650	0.8367
2.00	0	-0.8442	0.2253	0.8419
3.00	0	-0.7021	0.2187	0.8399
4.00	0	-0.5501	0.2522	0.8427
5.00	0	-0.3904	0.2602	0.8344
6.00	0	-0.2083	0.2329	0.8312
7.00	0	-0.0548	0.2523	0.8253
8.00	0	-0.0688	0.0565	0.8606
9.00	0	-0.0416	-0.1501	0.8806
10.00	0	-0.0408	-0.1107	0.8704
11.00	0	-0.0396	-0.1081	0.8185
12.00	0	-0.0366	-0.1042	0.7101
13.00	0	-0.0337	-0.1012	0.6278
14.00	0	-0.0306	-0.0976	0.5518
15.00	0	-0.0275	-0.0933	0.4759
16.00	0	-0.0220	-0.0854	0.3594
17.00	0	-0.0190	-0.0816	0.3103
18.00	0	-0.0125	-0.0741	0.2250
19.00	0	0.0399	-0.0580	0.1456
20.00	1	-1.0898	0.3416	0.8176
21.00	1	-0.9776	0.2650	0.8367
22.00	1	-0.8441	0.2243	0.8437
23.00	1	-0.7021	0.2187	0.8399
24.00	1	-0.5502	0.2516	0.8428
25.00	1	-0.3904	0.2609	0.8346
26.00	1	-0.2083	0.2329	0.8312
27.00	1	-0.0548	0.2523	0.8253
28.00	1	-0.0688	0.0565	0.8606
29.00	1	-0.0416	-0.1501	0.8806
30.00	1	-0.0408	-0.1104	0.8666
31.00	1	-0.0396	-0.1081	0.8185
32.00	1	-0.0373	-0.1049	0.7300
33.00	1	-0.0345	-0.1020	0.6486
34.00	1	-0.0304	-0.0974	0.5476
35.00	1	-0.0279	-0.0938	0.4843
36.00	1	-0.0238	-0.0881	0.3966
37.00	1	-0.0185	-0.0810	0.3023
38.00	1	-0.0118	-0.0734	0.2179
39.00	1	0.0399	-0.0580	0.1456
40.00	2	-1.0885	0.3421	0.8164
41.00	2	-0.9776	0.2652	0.8369
42.00	2	-0.8442	0.2247	0.8430
43.00	2	-0.7021	0.2187	0.8399
44.00	2	-0.5501	0.2532	0.8425
45.00	2	-0.3904	0.2598	0.8343
46.00	2	-0.2086	0.2332	0.8308
47.00	2	-0.0553	0.2525	0.8261
48.00	2	-0.0683	0.0567	0.8614
49.00	2	-0.0406	-0.1506	0.8809
50.00	2	-0.0407	-0.1103	0.8646
51.00	2	-0.0396	-0.1081	0.8185
52.00	2	-0.0376	-0.1054	0.7454
53.00	2	-0.0335	-0.1011	0.6236
54.00	2	-0.0306	-0.0976	0.5518
55.00	2	-0.0259	-0.0911	0.4423
56.00	2	-0.0238	-0.0881	0.3966
57.00	2	-0.0190	-0.0816	0.3103
58.00	2	-0.0125	-0.0741	0.2250
59.00	2	0.0399	-0.0580	0.1456
60.00	3	-1.0911	0.3412	0.8187
61.00	3	-0.9776	0.2650	0.8367
62.00	3	-0.8441	0.2245	0.8435
63.00	3	-0.7021	0.2184	0.8383
64.00	3	-0.5502	0.2517	0.8428
65.00	3	-0.3904	0.2606	0.8345
66.00	3	-0.2090	0.2339	0.8300
67.00	3	-0.0545	0.2523	0.8249
68.00	3	-0.0677	0.0571	0.8626
69.00	3	-0.0416	-0.1501	0.8806
70.00	3	-0.0408	-0.1107	0.8704
71.00	3	-0.0391	-0.1074	0.7993
72.00	3	-0.0376	-0.1054	0.7454
73.00	3	-0.0334	-0.1009	0.6195
74.00	3	-0.0310	-0.0983	0.5645
75.00	3	-0.0266	-0.0920	0.4549
76.00	3	-0.0226	-0.0863	0.3716
77.00	3	-0.0190	-0.0816	0.3103
78.00	3	-0.0125	-0.0741	0.2250
79.00	3	0.0399	-0.0580	0.1456
80.00	4	-1.0885	0.3421	0.8164
81.00	4	-0.9776	0.2653	0.8371
82.00	4	-0.8441	0.2257	0.8411
83.00	4	-0.7021	0.2185	0.8387
84.00	4	-0.5501	0.2524	0.8427
85.00	4	-0.3904	0.2608	0.8346
86.00	4	-0.2090	0.2339	0.8300
87.00	4	-0.0545	0.2523	0.8249
88.00	4	-0.0687	0.0565	0.8608
89.00	4	-0.0416	-0.1501	0.8806
90.00	4	-0.0406	-0.1099	0.8582
91.00	4	-0.0385	-0.1066	0.7786
92.00	4	-0.0369	-0.1045	0.7181
93.00	4	-0.0345	-0.1020	0.6486
94.00	4	-0.0313	-0.0987	0.5729
95.00	4	-0.0277	-0.0936	0.4801
96.00	4	-0.0238	-0.0881	0.3966
97.00	4	-0.0190	-0.0816	0.3103
98.00	4	-0.0125	-0.0741	0.2250
99.00	4	0.0399	-0.0580	0.1456
100.00	5	-1.0890	0.3420	0.8169
101.00	5	-0.9775	0.2653	0.8372
102.00	5	-0.8441	0.2243	0.8437
103.00	5	-0.7021	0.2186	0.8391
104.00	5	-0.5502	0.2516	0.8428
105.00	5	-0.3904	0.2602	0.8344
106.00	5	-0.2090	0.2339	0.8300
107.00	5	-0.0545	0.2523	0.8249
108.00	5	-0.0688	0.0565	0.8606
109.00	5	-0.0389	-0.1513	0.8813
110.00	5	-0.0408	-0.1107	0.8704
111.00	5	-0.0384	-0.1063	0.7715
112.00	5	-0.0373	-0.1049	0.7300
113.00	5	-0.0327	-0.1002	0.6067
114.00	5	-0.0294	-0.0961	0.5222
115.00	5	-0.0273	-0.0930	0.4717
116.00	5	-0.0218	-0.0851	0.3552
117.00	5	-0.0183	-0.0806	0.2983
118.00	5	-0.0125	-0.0741	0.2250
119.00	5	0.0399	-0.0580	0.1456
120.00	6	-1.0912	0.3410	0.8189
121.00	6	-0.9776	0.2651	0.8368
122.00	6	-0.8440	0.2260	0.8407
123.00	6	-0.7021	0.2185	0.8389
124.00	6	-0.5502	0.2516	0.8428
125.00	6	-0.3904	0.2602	0.8344
126.00	6	-0.2088	0.2336	0.8303
127.00	6	-0.0549	0.2523	0.8255
128.00	6	-0.0688	0.0565	0.8606
129.00	6	-0.0403	-0.1507	0.8809
130.00	6	-0.0402	-0.1091	0.8412
131.00	6	-0.0392	-0.1075	0.8026
132.00	6	-0.0375	-0.1050	0.7340
133.00	6	-0.0335	-0.1011	0.6236
134.00	6	-0.0306	-0.0976	0.5518
135.00	6	-0.0266	-0.0920	0.4549
136.00	6	-0.0238	-0.0881	0.3966
137.00	6	-0.0151	-0.0768	0.2548
138.00	6	-0.0105	-0.0720	0.2041
139.00	6	0.0399	-0.0580	0.1456
140.00	7	-1.0911	0.3412	0.8187
141.00	7	-0.9776	0.2650	0.8367
142.00	7	-0.8441	0.2256	0.8413
143.00	7	-0.7021	0.2187	0.8397
144.00	7	-0.5501	0.2525	0.8426
145.00	7	-0.3904	0.2598	0.8343
146.00	7	-0.2090	0.2339	0.8300
147.00	7	-0.0548	0.2523	0.8253
148.00	7	-0.0682	0.0568	0.8616
149.00	7	-0.0414	-0.1502	0.8806
150.00	7	-0.0408	-0.1105	0.8686
151.00	7	-0.0396	-0.1081	0.8185
152.00	7	-0.0376	-0.1054	0.7454
153.00	7	-0.0346	-0.1024	0.6609
154.00	7	-0.0306	-0.0976	0.5518
155.00	7	-0.0279	-0.0938	0.4843
156.00	7	-0.0226	-0.0863	0.3716
157.00	7	-0.0179	-0.0802	0.2941
158.00	7	-0.0122	-0.0738	0.2215
159.00	7	0.0399	-0.0580	0.1456
160.00	8	-1.0890	0.3420	0.8169
161.00	8	-0.9775	0.2653	0.8372
162.00	8	-0.8441	0.2243	0.8437
163.00	8	-0.7020	0.2180	0.8364
164.00	8	-0.5502	0.2516	0.8428
165.00	8	-0.3902	0.2621	0.8349
166.00	8	-0.2088	0.2336	0.8303
167.00	8	-0.0563	0.2530	0.8280
168.00	8	-0.0687	0.0565	0.8608
169.00	8	-0.0399	-0.1509	0.8810
170.00	8	-0.0404	-0.1096	0.8513
171.00	8	-0.0396	-0.1081	0.8185
172.00	8	-0.0365	-0.1040	0.7061
173.00	8	-0.0322	-0.0997	0.5940
174.00	8	-0.0299	-0.0967	0.5349
175.00	8	-0.0263	-0.0916	0.4506
176.00	8	-0.0205	-0.0835	0.3347
177.00	8	-0.0157	-0.0775	0.2625
178.00	8	-0.0125	-0.0741	0.2250
179.00	8	0.0399	-0.0580	0.1456
180.00	9	-1.0920	0.3406	0.8197
181.00	9	-0.9776	0.2650	0.8367
182.00	9	-0.8439	0.2264	0.8401
183.00	9	-0.7021	0.2184	0.8383
184.00	9	-0.5502	0.2521	0.8427
185.00	9	-0.3902	0.2622	0.8350
186.00	9	-0.2085	0.2330	0.8310
187.00	9	-0.0549	0.2523	0.8255
188.00	9	-0.0674	0.0574	0.8632
189.00	9	-0.0397	-0.1509	0.8811
190.00	9	-0.0404	-0.1096	0.8513
191.00	9	-0.0385	-0.1066	0.7786
192.00	9	-0.0373	-0.1049	0.7300
193.00	9	-0.0337	-0.1012	0.6278
194.00	9	-0.0301	-0.0969	0.5391
195.00	9	-0.0273	-0.0930	0.4717
196.00	9	-0.0215	-0.0847	0.3511
197.00	9	-0.0176	-0.0799	0.2901
198.00	9	-0.0080	-0.0698	0.1815
199.00	9	0.0399	-0.0580	0.1456
200.00	10	-1.0902	0.3415	0.8180
201.00	10	-0.9774	0.2654	0.8374
202.00	10	-0.8442	0.2253	0.8419
203.00	10	-0.7020	0.2181	0.8368
204.00	10	-0.5501	0.2534	0.8425
205.00	10	-0.3902	0.2621	0.8349
206.00	10	-0.2092	0.2344	0.8295
207.00	10	-0.0552	0.2525	0.8259
208.00	10	-0.0676	0.0572	0.8628
209.00	10	-0.0377	-0.1515	0.8818
210.00	10	-0.0401	-0.1089	0.8359
211.00	10	-0.0395	-0.1080	0.8154
212.00	10	-0.0365	-0.1040	0.7061
213.00	10	-0.0319	-0.0993	0.5856
214.00	10	-0.0301	-0.0969	0.5391
215.00	10	-0.0279	-0.0938	0.4843
216.00	10	-0.0198	-0.0825	0.3226
217.00	10	-0.0165	-0.0785	0.2742
218.00	10	-0.0056	-0.0676	0.1634
219.00	10	0.0399	-0.0580	0.1456
220.00	11	-1.0894	0.3418	0.8172
221.00	11	-0.9776	0.2651	0.8367
222.00	11	-0.8442	0.2249	0.8426
223.00	11	-0.7021	0.2183	0.8381
224.00	11	-0.5502	0.2519	0.8428
225.00	11	-0.3904	0.2602	0.8344
226.00	11	-0.2086	0.2332	0.8308
227.00	11	-0.0566	0.2532	0.8287
228.00	11	-0.0674	0.0574	0.8632
229.00	11	-0.0401	-0.1508	0.8810
230.00	11	-0.0399	-0.1086	0.8303
231.00	11	-0.0380	-0.1058	0.7567
232.00	11	-0.0351	-0.1028	0.6733
233.00	11	-0.0340	-0.1015	0.6361
234.00	11	-0.0294	-0.0961	0.5222
235.00	11	-0.0259	-0.0911	0.4423
236.00	11	-0.0205	-0.0835	0.3347
237.00	11	-0.0176	-0.0799	0.2901
238.00	11	-0.0064	-0.0683	0.1692
239.00	11	0.0399	-0.0580	0.1456
240.00	12	-1.0909	0.3413	0.8185
241.00	12	-0.9774	0.2654	0.8374
242.00	12	-0.8441	0.2246	0.8432
243.00	12	-0.7021	0.2186	0.8391
244.00	12	-0.5501	0.2532	0.8425
245.00	12	-0.3904	0.2602	0.8344
246.00	12	-0.2090	0.2339	0.8300
247.00	12	-0.0555	0.2526	0.8263
248.00	12	-0.0675	0.0573	0.8630
249.00	12	-0.0381	-0.1515	0.8817
250.00	12	-0.0403	-0.1093	0.8464
251.00	12	-0.0389	-0.1072	0.7926
252.00	12	-0.0366	-0.1042	0.7101
253.00	12	-0.0330	-0.1005	0.6110
254.00	12	-0.0298	-0.0965	0.5307
255.00	12	-0.0273	-0.0930	0.4717
256.00	12	-0.0222	-0.0857	0.3635
257.00	12	-0.0183	-0.0806	0.2983
258.00	12	-0.0060	-0.0680	0.1662
259.00	12	0.0399	-0.0580	0.1456
260.00	13	-1.0916	0.3408	0.8193
261.00	13	-0.9776	0.2653	0.8371
262.00	13	-0.8436	0.2270	0.8391
263.00	13	-0.7019	0.2180	0.8357
264.00	13	-0.5501	0.2525	0.8426
265.00	13	-0.3904	0.2603	0.8345
266.00	13	-0.2091	0.2342	0.8296
267.00	13	-0.0555	0.2526	0.8263
268.00	13	-0.0664	0.0580	0.8648
269.00	13	-0.0387	-0.1513	0.8814
270.00	13	-0.0398	-0.1084	0.8245
271.00	13	-0.0385	-0.1065	0.7751
272.00	13	-0.0351	-0.1028	0.6733
273.00	13	-0.0340	-0.1015	0.6361
274.00	13	-0.0287	-0.0951	0.5053
275.00	13	-0.0272	-0.0928	0.4675
276.00	13	-0.0203	-0.0832	0.3307
277.00	13	-0.0154	-0.0771	0.2587
278.00	13	-0.0094	-0.0710	0.1941
279.00	13	0.0399	-0.0580	0.1456
280.00	14	-1.0911	0.3412	0.8187
281.00	14	-0.9776	0.2653	0.8371
282.00	14	-0.8442	0.2249	0.8426
283.00	14	-0.7021	0.2183	0.8378
284.00	14	-0.5501	0.2524	0.8427
285.00	14	-0.3904	0.2605	0.8345
286.00	14	-0.2094	0.2350	0.8290
287.00	14	-0.0551	0.2524	0.8257
288.00	14	-0.0670	0.0576	0.8638
289.00	14	-0.0387	-0.1513	0.8814
290.00	14	-0.0400	-0.1088	0.8331
291.00	14	-0.0376	-0.1054	0.7454
292.00	14	-0.0348	-0.1025	0.6650
293.00	14	-0.0340	-0.1015	0.6361
294.00	14	-0.0294	-0.0961	0.5222
295.00	14	-0.0259	-0.0911	0.4423
296.00	14	-0.0185	-0.0810	0.3023
297.00	14	-0.0122	-0.0738	0.2215
298.00	14	-0.0083	-0.0700	0.1844
299.00	14	0.0399	-0.0580	0.1456
300.00	15	-1.0928	0.3401	0.8206
301.00	15	-0.9773	0.2654	0.8377
302.00	15	-0.8440	0.2260	0.8407
303.00	15	-0.7021	0.2184	0.8385
304.00	15	-0.5499	0.2543	0.8424
305.00	15	-0.3902	0.2623	0.8351
306.00	15	-0.2094	0.2350	0.8290
307.00	15	-0.0566	0.2532	0.8286
308.00	15	-0.0680	0.0570	0.8622
309.00	15	-0.0377	-0.1515	0.8818
310.00	15	-0.0400	-0.1088	0.8331
311.00	15	-0.0385	-0.1066	0.7786
312.00	15	-0.0346	-0.1022	0.6528
313.00	15	-0.0335	-0.1011	0.6236
314.00	15	-0.0275	-0.0933	0.4759
315.00	15	-0.0247	-0.0894	0.4172
316.00	15	-0.0205	-0.0835	0.3347
317.00	15	-0.0154	-0.0771	0.2587
318.00	15	-0.0060	-0.0680	0.1662
319.00	15	0.0399	-0.0580	0.1456
320.00	16	-1.0907	0.3414	0.8184
321.00	16	-0.9776	0.2653	0.8371
322.00	16	-0.8438	0.2265	0.8399
323.00	16	-0.7018	0.2180	0.8355
324.00	16	-0.5500	0.2536	0.8424
325.00	16	-0.3903	0.2616	0.8348
326.00	16	-0.2089	0.2337	0.8302
327.00	16	-0.0559	0.2528	0.8270
328.00	16	-0.0669	0.0577	0.8640
329.00	16	-0.0371	-0.1516	0.8821
330.00	16	-0.0401	-0.1089	0.8359
331.00	16	-0.0385	-0.1066	0.7786
332.00	16	-0.0348	-0.1025	0.6650
333.00	16	-0.0322	-0.0997	0.5940
334.00	16	-0.0289	-0.0953	0.5096
335.00	16	-0.0249	-0.0897	0.4214
336.00	16	-0.0220	-0.0854	0.3594
337.00	16	-0.0129	-0.0744	0.2287
338.00	16	-0.0094	-0.0710	0.1941
339.00	16	0.0399	-0.0580	0.1456
340.00	17	-1.0928	0.3401	0.8206
341.00	17	-0.9774	0.2654	0.8373
342.00	17	-0.8437	0.2268	0.8395
343.00	17	-0.7020	0.2181	0.8368
344.00	17	-0.5501	0.2530	0.8425
345.00	17	-0.3902	0.2617	0.8348
346.00	17	-0.2088	0.2335	0.8304
347.00	17	-0.0568	0.2535	0.8297
348.00	17	-0.0657	0.0585	0.8659
349.00	17	-0.0395	-0.1510	0.8811
350.00	17	-0.0402	-0.1090	0.8386
351.00	17	-0.0380	-0.1058	0.7567
352.00	17	-0.0363	-0.1039	0.7021
353.00	17	-0.0310	-0.0983	0.5645
354.00	17	-0.0291	-0.0956	0.5138
355.00	17	-0.0232	-0.0872	0.3841
356.00	17	-0.0220	-0.0854	0.3594
357.00	17	-0.0136	-0.0751	0.2360
358.00	17	-0.0064	-0.0683	0.1692
359.00	17	0.0399	-0.0580	0.1456
360.00	18	-1.0928	0.3401	0.8206
361.00	18	-0.9772	0.2654	0.8377
362.00	18	-0.8432	0.2276	0.8382
363.00	18	-0.7021	0.2182	0.8374
364.00	18	-0.5499	0.2545	0.8424
365.00	18	-0.3903	0.2616	0.8348
366.00	18	-0.2089	0.2338	0.8301
367.00	18	-0.0564	0.2531	0.8282
368.00	18	-0.0662	0.0581	0.8650
369.00	18	-0.0365	-0.1516	0.8825
370.00	18	-0.0404	-0.1096	0.8513
371.00	18	-0.0378	-0.1056	0.7530
372.00	18	-0.0359	-0.1035	0.6899
373.00	18	-0.0310	-0.0983	0.5645
374.00	18	-0.0289	-0.0953	0.5096
375.00	18	-0.0263	-0.0916	0.4506
376.00	18	-0.0174	-0.0795	0.2861
377.00	18	-0.0112	-0.0727	0.2110
378.00	18	-0.0014	-0.0643	0.1463
379.00	18	0.0399	-0.0580	0.1456
380.00	19	-1.0931	0.3399	0.8211
381.00	19	-0.9772	0.2654	0.8377
382.00	19	-0.8439	0.2262	0.8403
383.00	19	-0.7021	0.2182	0.8372
384.00	19	-0.5501	0.2532	0.8425
385.00	19	-0.3903	0.2618	0.8348
386.00	19	-0.2095	0.2354	0.8286
387.00	19	-0.0558	0.2527	0.8268
388.00	19	-0.0676	0.0572	0.8628
389.00	19	-0.0389	-0.1513	0.8813
390.00	19	-0.0404	-0.1096	0.8513
391.00	19	-0.0380	-0.1059	0.7605
392.00	19	-0.0349	-0.1027	0.6692
393.00	19	-0.0327	-0.1002	0.6067
394.00	19	-0.0284	-0.0946	0.4969
395.00	19	-0.0241	-0.0886	0.4047
396.00	19	-0.0183	-0.0806	0.2983
397.00	19	-0.0122	-0.0738	0.2215
398.00	19	-0.0048	-0.0670	0.1578
399.00	19	0.0399	-0.0580	0.1456
400.00	20	-1.0921	0.3406	0.8199
401.00	20	-0.9774	0.2654	0.8375
402.00	20	-0.8440	0.2260	0.8407
403.00	20	-0.7021	0.2182	0.8376
404.00	20	-0.5501	0.2534	0.8425
405.00	20	-0.3902	0.2620	0.8349
406.00	20	-0.2093	0.2347	0.8292
407.00	20	-0.0563	0.2530	0.8280
408.00	20	-0.0676	0.0572	0.8628
409.00	20	-0.0365	-0.1516	0.8825
410.00	20	-0.0400	-0.1088	0.8331
411.00	20	-0.0368	-0.1043	0.7142
412.00	20	-0.0338	-0.1014	0.6320
413.00	20	-0.0304	-0.0974	0.5476
414.00	20	-0.0293	-0.0958	0.5180
415.00	20	-0.0249	-0.0897	0.4214
416.00	20	-0.0193	-0.0819	0.3144
417.00	20	-0.0101	-0.0716	0.2007
418.00	20	-0.0032	-0.0657	0.1479
419.00	20	0.0399	-0.0580	0.1456
420.00	21	-1.0926	0.3402	0.8204
421.00	21	-0.9772	0.2654	0.8377
422.00	21	-0.8438	0.2265	0.8399
423.00	21	-0.7018	0.2180	0.8353
424.00	21	-0.5499	0.2552	0.8425
425.00	21	-0.3902	0.2625	0.8352
426.00	21	-0.2093	0.2348	0.8291
427.00	21	-0.0566	0.2532	0.8287
428.00	21	-0.0657	0.0585	0.8659
429.00	21	-0.0375	-0.1516	0.8819
430.00	21	-0.0398	-0.1084	0.8245
431.00	21	-0.0370	-0.1046	0.7221
432.00	21	-0.0351	-0.1028	0.6733
433.00	21	-0.0302	-0.0972	0.5434
434.00	21	-0.0272	-0.0928	0.4675
435.00	21	-0.0228	-0.0866	0.3759
436.00	21	-0.0190	-0.0816	0.3103
437.00	21	-0.0132	-0.0748	0.2323
438.00	21	-0.0080	-0.0698	0.1815
439.00	21	0.0399	-0.0580	0.1456
440.00	22	-1.0935	0.3390	0.8225
441.00	22	-0.9771	0.2654	0.8382
442.00	22	-0.8436	0.2270	0.8391
443.00	22	-0.7016	0.2181	0.8337
444.00	22	-0.5499	0.2550	0.8425
445.00	22	-0.3902	0.2624	0.8351
446.00	22	-0.2090	0.2339	0.8300
447.00	22	-0.0565	0.2531	0.8284
448.00	22	-0.0671	0.0575	0.8636
449.00	22	-0.0379	-0.1515	0.8818
450.00	22	-0.0392	-0.1077	0.8059
451.00	22	-0.0380	-0.1058	0.7567
452.00	22	-0.0357	-0.1033	0.6858
453.00	22	-0.0310	-0.0983	0.5645
454.00	22	-0.0268	-0.0922	0.4592
455.00	22	-0.0235	-0.0877	0.3922
456.00	22	-0.0210	-0.0841	0.3429
457.00	22	-0.0094	-0.0710	0.1941
458.00	22	-0.0080	-0.0698	0.1815
459.00	22	0.0399	-0.0580	0.1456
460.00	23	-1.0928	0.3401	0.8206
461.00	23	-0.9771	0.2654	0.8381
462.00	23	-0.8439	0.2264	0.8401
463.00	23	-0.7018	0.2180	0.8355
464.00	23	-0.5499	0.2554	0.8426
465.00	23	-0.3903	0.2616	0.8348
466.00	23	-0.2093	0.2348	0.8291
467.00	23	-0.0565	0.2531	0.8284
468.00	23	-0.0654	0.0587	0.8663
469.00	23	-0.0352	-0.1514	0.8834
470.00	23	-0.0388	-0.1070	0.7892
471.00	23	-0.0383	-0.1062	0.7678
472.00	23	-0.0346	-0.1022	0.6528
473.00	23	-0.0306	-0.0976	0.5518
474.00	23	-0.0287	-0.0951	0.5053
475.00	23	-0.0238	-0.0881	0.3966
476.00	23	-0.0201	-0.0829	0.3266
477.00	23	-0.0115	-0.0730	0.2144
478.00	23	-0.0072	-0.0690	0.1753
479.00	23	0.0399	-0.0580	0.1456
480.00	24	-1.0935	0.3394	0.8219
481.00	24	-0.9774	0.2654	0.8372
482.00	24	-0.8439	0.2262	0.8403
483.00	24	-0.7015	0.2181	0.8334
484.00	24	-0.5499	0.2548	0.8424
485.00	24	-0.3901	0.2629	0.8354
486.00	24	-0.2094	0.2353	0.8287
487.00	24	-0.0570	0.2536	0.8302
488.00	24	-0.0661	0.0582	0.8653
489.00	24	-0.0354	-0.1514	0.8833
490.00	24	-0.0396	-0.1081	0.8185
491.00	24	-0.0383	-0.1062	0.7678
492.00	24	-0.0332	-0.1007	0.6152
493.00	24	-0.0309	-0.0981	0.5602
494.00	24	-0.0257	-0.0908	0.4380
495.00	24	-0.0240	-0.0884	0.4008
496.00	24	-0.0174	-0.0795	0.2861
497.00	24	-0.0151	-0.0768	0.2548
498.00	24	0.0027	-0.0643	0.1464
499.00	24	0.0399	-0.0580	0.1456
500.00	25	-1.0934	0.3387	0.8229
501.00	25	-0.9774	0.2654	0.8374
502.00	25	-0.8436	0.2270	0.8391
503.00	25	-0.7018	0.2180	0.8355
504.00	25	-0.5500	0.2538	0.8424
505.00	25	-0.3902	0.2621	0.8349
506.00	25	-0.2093	0.2348	0.8291
507.00	25	-0.0564	0.2531	0.8282
508.00	25	-0.0647	0.0591	0.8674
509.00	25	-0.0381	-0.1515	0.8817
510.00	25	-0.0388	-0.1070	0.7892
511.00	25	-0.0382	-0.1061	0.7642
512.00	25	-0.0356	-0.1032	0.6817
513.00	25	-0.0315	-0.0989	0.5771
514.00	25	-0.0282	-0.0943	0.4927
515.00	25	-0.0235	-0.0877	0.3922
516.00	25	-0.0179	-0.0802	0.2941
517.00	25	-0.0118	-0.0734	0.2179
518.00	25	-0.0052	-0.0673	0.1606
519.00	25	0.0399	-0.0580	0.1456
520.00	26	-1.0933	0.3385	0.8231
521.00	26	-0.9772	0.2654	0.8377
522.00	26	-0.8435	0.2271	0.8390
523.00	26	-0.7016	0.2181	0.8337
524.00	26	-0.5499	0.2546	0.8424
525.00	26	-0.3901	0.2627	0.8353
526.00	26	-0.2096	0.2358	0.8281
527.00	26	-0.0569	0.2538	0.8311
528.00	26	-0.0653	0.0588	0.8665
529.00	26	-0.0359	-0.1515	0.8829
530.00	26	-0.0389	-0.1072	0.7926
531.00	26	-0.0373	-0.1049	0.7300
532.00	26	-0.0341	-0.1017	0.6403
533.00	26	-0.0312	-0.0985	0.5687
534.00	26	-0.0284	-0.0946	0.4969
535.00	26	-0.0234	-0.0875	0.3883
536.00	26	-0.0179	-0.0802	0.2941
537.00	26	-0.0083	-0.0700	0.1844
538.00	26	-0.0060	-0.0680	0.1662
539.00	26	0.0399	-0.0580	0.1456
540.00	27	-1.0925	0.3403	0.8202
541.00	27	-0.9774	0.2654	0.8374
542.00	27	-0.8427	0.2282	0.8372
543.00	27	-0.7016	0.2180	0.8343
544.00	27	-0.5499	0.2549	0.8424
545.00	27	-0.3901	0.2627	0.8353
546.00	27	-0.2097	0.2363	0.8275
547.00	27	-0.0567	0.2533	0.8290
548.00	27	-0.0669	0.0577	0.8640
549.00	27	-0.0377	-0.1515	0.8818
550.00	27	-0.0385	-0.1066	0.7786
551.00	27	-0.0378	-0.1056	0.7530
552.00	27	-0.0334	-0.1009	0.6195
553.00	27	-0.0299	-0.0967	0.5349
554.00	27	-0.0275	-0.0933	0.4759
555.00	27	-0.0215	-0.0847	0.3511
556.00	27	-0.0162	-0.0782	0.2703
557.00	27	-0.0139	-0.0755	0.2397
558.00	27	0.0046	-0.0640	0.1495
559.00	27	0.0399	-0.0580	0.1456
560.00	28	-1.0923	0.3405	0.8201
561.00	28	-0.9772	0.2654	0.8379
562.00	28	-0.8426	0.2283	0.8371
563.00	28	-0.7013	0.2183	0.8325
564.00	28	-0.5499	0.2554	0.8426
565.00	28	-0.3901	0.2631	0.8355
566.00	28	-0.2097	0.2365	0.8273
567.00	28	-0.0568	0.2534	0.8295
568.00	28	-0.0648	0.0590	0.8672
569.00	28	-0.0369	-0.1516	0.8822
570.00	28	-0.0393	-0.1078	0.8091
571.00	28	-0.0376	-0.1052	0.7379
572.00	28	-0.0345	-0.1022	0.6568
573.00	28	-0.0294	-0.0961	0.5222
574.00	28	-0.0277	-0.0936	0.4801
575.00	28	-0.0220	-0.0854	0.3594
576.00	28	-0.0151	-0.0768	0.2548
577.00	28	-0.0086	-0.0703	0.1876
578.00	28	0.0073	-0.0637	0.1516
579.00	28	0.0399	-0.0580	0.1456
580.00	29	-1.0935	0.3396	0.8217
581.00	29	-0.9772	0.2654	0.8377
582.00	29	-0.8438	0.2266	0.8397
583.00	29	-0.7014	0.2182	0.8327
584.00	29	-0.5499	0.2559	0.8427
585.00	29	-0.3900	0.2639	0.8360
586.00	29	-0.2096	0.2359	0.8280
587.00	29	-0.0568	0.2539	0.8315
588.00	29	-0.0666	0.0578	0.8644
589.00	29	-0.0375	-0.1516	0.8819
590.00	29	-0.0389	-0.1072	0.7926
591.00	29	-0.0357	-0.1033	0.6858
592.00	29	-0.0345	-0.1022	0.6568
593.00	29	-0.0310	-0.0983	0.5645
594.00	29	-0.0245	-0.0892	0.4131
595.00	29	-0.0232	-0.0872	0.3841
596.00	29	-0.0162	-0.0782	0.2703
597.00	29	-0.0094	-0.0710	0.1941
598.00	29	0.0045	-0.0644	0.1467
599.00	29	0.0399	-0.0580	0.1456
600.00	30	-1.0935	0.3388	0.8227
601.00	30	-0.9767	0.2655	0.8393
602.00	30	-0.8427	0.2282	0.8372
603.00	30	-0.7018	0.2180	0.8355
604.00	30	-0.5499	0.2553	0.8425
605.00	30	-0.3901	0.2629	0.8354
606.00	30	-0.2097	0.2363	0.8275
607.00	30	-0.0569	0.2535	0.8300
608.00	30	-0.0648	0.0590	0.8672
609.00	30	-0.0367	-0.1516	0.8823
610.00	30	-0.0380	-0.1058	0.7567
611.00	30	-0.0373	-0.1049	0.7300
612.00	30	-0.0320	-0.0995	0.5898
613.00	30	-0.0284	-0.0946	0.4969
614.00	30	-0.0259	-0.0911	0.4423
615.00	30	-0.0201	-0.0829	0.3266
616.00	30	-0.0188	-0.0813	0.3063
617.00	30	-0.0122	-0.0738	0.2215
618.00	30	0.0073	-0.0637	0.1516
619.00	30	0.0399	-0.0580	0.1456
620.00	31	-1.0926	0.3402	0.8204
621.00	31	-0.9774	0.2654	0.8376
622.00	31	-0.8436	0.2270	0.8391
623.00	31	-0.7015	0.2181	0.8334
624.00	31	-0.5499	0.2558	0.8427
625.00	31	-0.3901	0.2637	0.8358
626.00	31	-0.2096	0.2362	0.8277
627.00	31	-0.0569	0.2535	0.8300
628.00	31	-0.0651	0.0589	0.8668
629.00	31	-0.0363	-0.1516	0.8826
630.00	31	-0.0386	-0.1067	0.7822
631.00	31	-0.0375	-0.1050	0.7340
632.00	31	-0.0322	-0.0997	0.5940
633.00	31	-0.0284	-0.0946	0.4969
634.00	31	-0.0277	-0.0936	0.4801
635.00	31	-0.0220	-0.0854	0.3594
636.00	31	-0.0151	-0.0768	0.2548
637.00	31	-0.0064	-0.0683	0.1692
638.00	31	-0.0037	-0.0661	0.1504
639.00	31	0.0399	-0.0580	0.1456
640.00	32	-1.0931	0.3399	0.8211
641.00	32	-0.9770	0.2654	0.8383
642.00	32	-0.8436	0.2270	0.8391
643.00	32	-0.7016	0.2180	0.8341
644.00	32	-0.5499	0.2552	0.8425
645.00	32	-0.3900	0.2643	0.8361
646.00	32	-0.2096	0.2358	0.8281
647.00	32	-0.0570	0.2536	0.8302
648.00	32	-0.0647	0.0591	0.8674
649.00	32	-0.0354	-0.1514	0.8833
650.00	32	-0.0386	-0.1067	0.7822
651.00	32	-0.0368	-0.1043	0.7142
652.00	32	-0.0345	-0.1022	0.6568
653.00	32	-0.0282	-0.0943	0.4927
654.00	32	-0.0273	-0.0930	0.4717
655.00	32	-0.0228	-0.0866	0.3759
656.00	32	-0.0168	-0.0789	0.2782
657.00	32	-0.0080	-0.0698	0.1815
658.00	32	0.0040	-0.0642	0.1487
659.00	32	0.0399	-0.0580	0.1456
660.00	33	-1.0935	0.3396	0.8217
661.00	33	-0.9772	0.2654	0.8379
662.00	33	-0.8431	0.2278	0.8379
663.00	33	-0.7016	0.2180	0.8341
664.00	33	-0.5499	0.2558	0.8427
665.00	33	-0.3900	0.2643	0.8361
666.00	33	-0.2095	0.2355	0.8284
667.00	33	-0.0569	0.2538	0.8309
668.00	33	-0.0633	0.0598	0.8694
669.00	33	-0.0369	-0.1516	0.8822
670.00	33	-0.0383	-0.1062	0.7678
671.00	33	-0.0360	-0.1036	0.6939
672.00	33	-0.0343	-0.1019	0.6445
673.00	33	-0.0281	-0.0941	0.4885
674.00	33	-0.0270	-0.0925	0.4634
675.00	33	-0.0201	-0.0829	0.3266
676.00	33	-0.0141	-0.0758	0.2434
677.00	33	-0.0115	-0.0730	0.2144
678.00	33	0.0099	-0.0632	0.1531
679.00	33	0.0399	-0.0580	0.1456
680.00	34	-1.0934	0.3387	0.8229
681.00	34	-0.9772	0.2654	0.8379
682.00	34	-0.8433	0.2274	0.8384
683.00	34	-0.7015	0.2181	0.8336
684.00	34	-0.5499	0.2548	0.8424
685.00	34	-0.3901	0.2629	0.8354
686.00	34	-0.2100	0.2384	0.8256
687.00	34	-0.0570	0.2537	0.8305
688.00	34	-0.0650	0.0590	0.8670
689.00	34	-0.0357	-0.1515	0.8830
690.00	34	-0.0392	-0.1075	0.8026
691.00	34	-0.0362	-0.1038	0.6980
692.00	34	-0.0312	-0.0985	0.5687
693.00	34	-0.0291	-0.0956	0.5138
694.00	34	-0.0241	-0.0886	0.4047
695.00	34	-0.0222	-0.0857	0.3635
696.00	34	-0.0176	-0.0799	0.2901
697.00	34	-0.0083	-0.0700	0.1844
698.00	34	-0.0032	-0.0657	0.1479
699.00	34	0.0399	-0.0580	0.1456
700.00	35	-1.0932	0.3398	0.8213
701.00	35	-0.9770	0.2654	0.8383
702.00	35	-0.8423	0.2286	0.8366
703.00	35	-0.7013	0.2183	0.8323
704.00	35	-0.5498	0.2560	0.8427
705.00	35	-0.3899	0.2645	0.8362
706.00	35	-0.2096	0.2361	0.8278
707.00	35	-0.0570	0.2536	0.8303
708.00	35	-0.0646	0.0592	0.8676
709.00	35	-0.0340	-0.1509	0.8844
710.00	35	-0.0390	-0.1073	0.7959
711.00	35	-0.0350	-0.1028	0.6770
712.00	35	-0.0323	-0.0998	0.5982
713.00	35	-0.0301	-0.0969	0.5391
714.00	35	-0.0261	-0.0913	0.4464
715.00	35	-0.0193	-0.0819	0.3144
716.00	35	-0.0160	-0.0778	0.2664
717.00	35	-0.0094	-0.0710	0.1941
718.00	35	0.0073	-0.0637	0.1516
719.00	35	0.0399	-0.0580	0.1456
720.00	36	-1.0927	0.3379	0.8236
721.00	36	-0.9771	0.2654	0.8382
722.00	36	-0.8420	0.2289	0.8361
723.00	36	-0.7011	0.2186	0.8312
724.00	36	-0.5499	0.2565	0.8427
725.00	36	-0.3899	0.2646	0.8362
726.00	36	-0.2096	0.2361	0.8278
727.00	36	-0.0570	0.2537	0.8305
728.00	36	-0.0656	0.0586	0.8661
729.00	36	-0.0350	-0.1513	0.8836
730.00	36	-0.0377	-0.1055	0.7491
731.00	36	-0.0346	-0.1024	0.6609
732.00	36	-0.0310	-0.0983	0.5645
733.00	36	-0.0291	-0.0956	0.5138
734.00	36	-0.0268	-0.0922	0.4592
735.00	36	-0.0218	-0.0851	0.3552
736.00	36	-0.0176	-0.0799	0.2901
737.00	36	-0.0108	-0.0723	0.2075
738.00	36	0.0057	-0.0639	0.1503
739.00	36	0.0399	-0.0580	0.1456
740.00	37	-1.0935	0.3396	0.8217
741.00	37	-0.9771	0.2654	0.8382
742.00	37	-0.8423	0.2286	0.8366
743.00	37	-0.7012	0.2184	0.8318
744.00	37	-0.5498	0.2562	0.8427
745.00	37	-0.3901	0.2636	0.8358
746.00	37	-0.2099	0.2373	0.8266
747.00	37	-0.0564	0.2540	0.8323
748.00	37	-0.0632	0.0599	0.8696
749.00	37	-0.0346	-0.1511	0.8840
750.00	37	-0.0378	-0.1056	0.7530
751.00	37	-0.0359	-0.1035	0.6899
752.00	37	-0.0323	-0.0998	0.5982
753.00	37	-0.0273	-0.0930	0.4717
754.00	37	-0.0241	-0.0886	0.4047
755.00	37	-0.0203	-0.0832	0.3307
756.00	37	-0.0174	-0.0795	0.2861
757.00	37	-0.0086	-0.0703	0.1876
758.00	37	0.0065	-0.0639	0.1510
759.00	37	0.0399	-0.0580	0.1456
760.00	38	-1.0934	0.3387	0.8229
761.00	38	-0.9768	0.2655	0.8391
762.00	38	-0.8428	0.2281	0.8374
763.00	38	-0.7016	0.2181	0.8337
764.00	38	-0.5499	0.2558	0.8427
765.00	38	-0.3898	0.2648	0.8362
766.00	38	-0.2100	0.2384	0.8256
767.00	38	-0.0568	0.2539	0.8314
768.00	38	-0.0647	0.0591	0.8674
769.00	38	-0.0359	-0.1515	0.8829
770.00	38	-0.0375	-0.1050	0.7340
771.00	38	-0.0349	-0.1027	0.6692
772.00	38	-0.0307	-0.0978	0.5560
773.00	38	-0.0277	-0.0936	0.4801
774.00	38	-0.0240	-0.0884	0.4008
775.00	38	-0.0222	-0.0857	0.3635
776.00	38	-0.0129	-0.0744	0.2287
777.00	38	-0.0097	-0.0713	0.1975
778.00	38	0.0065	-0.0639	0.1510
779.00	38	0.0399	-0.0580	0.1456
780.00	39	-1.0935	0.3391	0.8223
781.00	39	-0.9768	0.2654	0.8389
782.00	39	-0.8415	0.2293	0.8353
783.00	39	-0.7011	0.2186	0.8312
784.00	39	-0.5499	0.2565	0.8427
785.00	39	-0.3900	0.2644	0.8361
786.00	39	-0.2101	0.2391	0.8251
787.00	39	-0.0569	0.2537	0.8306
788.00	39	-0.0643	0.0593	0.8681
789.00	39	-0.0334	-0.1505	0.8850
790.00	39	-0.0383	-0.1062	0.7678
791.00	39	-0.0345	-0.1022	0.6568
792.00	39	-0.0334	-0.1009	0.6195
793.00	39	-0.0268	-0.0922	0.4592
794.00	39	-0.0226	-0.0863	0.3716
795.00	39	-0.0193	-0.0819	0.3144
796.00	39	-0.0151	-0.0768	0.2548
797.00	39	-0.0083	-0.0700	0.1844
798.00	39	0.0131	-0.0624	0.1531
799.00	39	0.0399	-0.0580	0.1456
800.00	40	-1.0896	0.3358	0.8256
801.00	40	-0.9768	0.2655	0.8391
802.00	40	-0.8422	0.2287	0.8364
803.00	40	-0.7012	0.2184	0.8320
804.00	40	-0.5499	0.2565	0.8427
805.00	40	-0.3900	0.2639	0.8360
806.00	40	-0.2098	0.2371	0.8267
807.00	40	-0.0569	0.2539	0.8312
808.00	40	-0.0629	0.0600	0.8701
809.00	40	-0.0347	-0.1512	0.8838
810.00	40	-0.0375	-0.1050	0.7340
811.00	40	-0.0345	-0.1020	0.6486
812.00	40	-0.0334	-0.1009	0.6195
813.00	40	-0.0296	-0.0963	0.5265
814.00	40	-0.0251	-0.0900	0.4255
815.00	40	-0.0179	-0.0802	0.2941
816.00	40	-0.0154	-0.0771	0.2587
817.00	40	-0.0097	-0.0713	0.1975
818.00	40	0.0147	-0.0619	0.1521
819.00	40	0.0399	-0.0580	0.1456
820.00	41	-1.0931	0.3383	0.8233
821.00	41	-0.9761	0.2657	0.8408
822.00	41	-0.8410	0.2298	0.8346
823.00	41	-0.7012	0.2183	0.8321
824.00	41	-0.5499	0.2558	0.8427
825.00	41	-0.3901	0.2637	0.8358
826.00	41	-0.2099	0.2376	0.8263
827.00	41	-0.0568	0.2539	0.8315
828.00	41	-0.0641	0.0594	0.8683
829.00	41	-0.0336	-0.1506	0.8849
830.00	41	-0.0377	-0.1053	0.7417
831.00	41	-0.0365	-0.1040	0.7061
832.00	41	-0.0310	-0.0983	0.5645
833.00	41	-0.0284	-0.0946	0.4969
834.00	41	-0.0235	-0.0877	0.3922
835.00	41	-0.0205	-0.0835	0.3347
836.00	41	-0.0141	-0.0758	0.2434
837.00	41	-0.0048	-0.0670	0.1578
838.00	41	0.0116	-0.0628	0.1534
839.00	41	0.0399	-0.0580	0.1456
840.00	42	-1.0913	0.3368	0.8247
841.00	42	-0.9763	0.2657	0.8405
842.00	42	-0.8421	0.2288	0.8363
843.00	42	-0.7010	0.2186	0.8311
844.00	42	-0.5499	0.2572	0.8428
845.00	42	-0.3900	0.2642	0.8361
846.00	42	-0.2097	0.2365	0.8273
847.00	42	-0.0567	0.2540	0.8318
848.00	42	-0.0640	0.0595	0.8685
849.00	42	-0.0337	-0.1507	0.8847
850.00	42	-0.0370	-0.1046	0.7221
851.00	42	-0.0359	-0.1035	0.6899
852.00	42	-0.0322	-0.0997	0.5940
853.00	42	-0.0296	-0.0963	0.5265
854.00	42	-0.0234	-0.0875	0.3883
855.00	42	-0.0183	-0.0806	0.2983
856.00	42	-0.0141	-0.0758	0.2434
857.00	42	0.0045	-0.0644	0.1467
858.00	42	0.0116	-0.0628	0.1534
859.00	42	0.0399	-0.0580	0.1456
860.00	43	-1.0925	0.3378	0.8238
861.00	43	-0.9764	0.2656	0.8402
862.00	43	-0.8424	0.2285	0.8367
863.00	43	-0.7008	0.2189	0.8304
864.00	43	-0.5499	0.2568	0.8428
865.00	43	-0.3900	0.2643	0.8361
866.00	43	-0.2100	0.2382	0.8258
867.00	43	-0.0569	0.2538	0.8309
868.00	43	-0.0633	0.0598	0.8694
869.00	43	-0.0325	-0.1496	0.8860
870.00	43	-0.0380	-0.1058	0.7567
871.00	43	-0.0335	-0.1011	0.6236
872.00	43	-0.0317	-0.0992	0.5814
873.00	43	-0.0281	-0.0941	0.4885
874.00	43	-0.0230	-0.0870	0.3800
875.00	43	-0.0201	-0.0829	0.3266
876.00	43	-0.0097	-0.0713	0.1975
877.00	43	-0.0064	-0.0683	0.1692
878.00	43	0.0057	-0.0639	0.1503
879.00	43	0.0399	-0.0580	0.1456
880.00	44	-1.0931	0.3383	0.8233
881.00	44	-0.9768	0.2655	0.8391
882.00	44	-0.8413	0.2296	0.8350
883.00	44	-0.7013	0.2183	0.8325
884.00	44	-0.5500	0.2574	0.8428
885.00	44	-0.3900	0.2639	0.8360
886.00	44	-0.2099	0.2375	0.8264
887.00	44	-0.0568	0.2539	0.8314
888.00	44	-0.0617	0.0606	0.8717
889.00	44	-0.0340	-0.1509	0.8844
890.00	44	-0.0366	-0.1042	0.7101
891.00	44	-0.0338	-0.1014	0.6320
892.00	44	-0.0325	-0.1000	0.6024
893.00	44	-0.0275	-0.0933	0.4759
894.00	44	-0.0232	-0.0872	0.3841
895.00	44	-0.0185	-0.0810	0.3023
896.00	44	-0.0094	-0.0710	0.1941
897.00	44	-0.0083	-0.0700	0.1844
898.00	44	0.0082	-0.0635	0.1523
899.00	44	0.0399	-0.0580	0.1456
900.00	45	-1.0927	0.3379	0.8236
901.00	45	-0.9761	0.2657	0.8408
902.00	45	-0.8413	0.2296	0.8350
903.00	45	-0.7014	0.2182	0.8327
904.00	45	-0.5499	0.2568	0.8428
905.00	45	-0.3900	0.2644	0.8361
906.00	45	-0.2099	0.2376	0.8263
907.00	45	-0.0561	0.2540	0.8324
908.00	45	-0.0638	0.0596	0.8687
909.00	45	-0.0346	-0.1511	0.8840
910.00	45	-0.0370	-0.1046	0.7221
911.00	45	-0.0337	-0.1012	0.6278
912.00	45	-0.0315	-0.0989	0.5771
913.00	45	-0.0281	-0.0941	0.4885
914.00	45	-0.0235	-0.0877	0.3922
915.00	45	-0.0157	-0.0775	0.2625
916.00	45	-0.0090	-0.0707	0.1909
917.00	45	-0.0072	-0.0690	0.1753
918.00	45	0.0124	-0.0626	0.1533
919.00	45	0.0399	-0.0580	0.1456
920.00	46	-1.0910	0.3366	0.8249
921.00	46	-0.9759	0.2657	0.8412
922.00	46	-0.8423	0.2286	0.8366
923.00	46	-0.7014	0.2182	0.8327
924.00	46	-0.5498	0.2560	0.8427
925.00	46	-0.3900	0.2643	0.8361
926.00	46	-0.2102	0.2399	0.8245
927.00	46	-0.0568	0.2539	0.8315
928.00	46	-0.0632	0.0599	0.8696
929.00	46	-0.0337	-0.1507	0.8847
930.00	46	-0.0377	-0.1055	0.7491
931.00	46	-0.0348	-0.1025	0.6650
932.00	46	-0.0294	-0.0961	0.5222
933.00	46	-0.0263	-0.0916	0.4506
934.00	46	-0.0240	-0.0884	0.4008
935.00	46	-0.0201	-0.0829	0.3266
936.00	46	-0.0132	-0.0748	0.2323
937.00	46	0.0027	-0.0643	0.1464
938.00	46	0.0166	-0.0616	0.1504
939.00	46	0.0399	-0.0580	0.1456
940.00	47	-1.0877	0.3349	0.8262
941.00	47	-0.9764	0.2656	0.8402
942.00	47	-0.8419	0.2290	0.8360
943.00	47	-0.7008	0.2189	0.8304
944.00	47	-0.5499	0.2567	0.8428
945.00	47	-0.3895	0.2654	0.8362
946.00	47	-0.2101	0.2391	0.8251
947.00	47	-0.0563	0.2540	0.8323
948.00	47	-0.0636	0.0596	0.8689
949.00	47	-0.0321	-0.1493	0.8864
950.00	47	-0.0360	-0.1036	0.6939
951.00	47	-0.0332	-0.1007	0.6152
952.00	47	-0.0296	-0.0963	0.5265
953.00	47	-0.0284	-0.0946	0.4969
954.00	47	-0.0232	-0.0872	0.3841
955.00	47	-0.0165	-0.0785	0.2742
956.00	47	-0.0094	-0.0710	0.1941
957.00	47	-0.0072	-0.0690	0.1753
958.00	47	0.0291	-0.0603	0.1462
959.00	47	0.0399	-0.0580	0.1456
960.00	48	-1.0921	0.3374	0.8242
961.00	48	-0.9764	0.2656	0.8404
962.00	48	-0.8405	0.2302	0.8340
963.00	48	-0.7012	0.2184	0.8318
964.00	48	-0.5500	0.2574	0.8428
965.00	48	-0.3897	0.2651	0.8362
966.00	48	-0.2100	0.2378	0.8261
967.00	48	-0.0563	0.2541	0.8324
968.00	48	-0.0623	0.0603	0.8709
969.00	48	-0.0317	-0.1488	0.8871
970.00	48	-0.0373	-0.1049	0.7300
971.00	48	-0.0335	-0.1011	0.6236
972.00	48	-0.0313	-0.0987	0.5729
973.00	48	-0.0263	-0.0916	0.4506
974.00	48	-0.0240	-0.0884	0.4008
975.00	48	-0.0148	-0.0765	0.2510
976.00	48	-0.0076	-0.0694	0.1783
977.00	48	-0.0056	-0.0676	0.1634
978.00	48	0.0116	-0.0628	0.1534
979.00	48	0.0399	-0.0580	0.1456
980.00	49	-1.0896	0.3358	0.8256
981.00	49	-0.9761	0.2657	0.8408
982.00	49	-0.8421	0.2288	0.8363
983.00	49	-0.7009	0.2187	0.8307
984.00	49	-0.5500	0.2577	0.8428
985.00	49	-0.3899	0.2647	0.8362
986.00	49	-0.2102	0.2397	0.8246
987.00	49	-0.0559	0.2540	0.8324
988.00	49	-0.0623	0.0603	0.8709
989.00	49	-0.0330	-0.1501	0.8854
990.00	49	-0.0368	-0.1043	0.7142
991.00	49	-0.0348	-0.1025	0.6650
992.00	49	-0.0319	-0.0993	0.5856
993.00	49	-0.0268	-0.0922	0.4592
994.00	49	-0.0220	-0.0854	0.3594
995.00	49	-0.0151	-0.0768	0.2548
996.00	49	-0.0101	-0.0716	0.2007
997.00	49	0.0027	-0.0643	0.1464
998.00	49	0.0281	-0.0608	0.1462
999.00	49	0.0399	-0.0580	0.1456
1000.00	50	-1.0918	0.3372	0.8244
1001.00	50	-0.9766	0.2655	0.8396
1002.00	50	-0.8417	0.2292	0.8357
1003.00	50	-0.7008	0.2189	0.8304
1004.00	50	-0.5499	0.2564	0.8427
1005.00	50	-0.3896	0.2653	0.8362
1006.00	50	-0.2104	0.2411	0.8236
1007.00	50	-0.0565	0.2540	0.8321
1008.00	50	-0.0635	0.0597	0.8692
1009.00	50	-0.0328	-0.1499	0.8857
1010.00	50	-0.0376	-0.1052	0.7379
1011.00	50	-0.0330	-0.1005	0.6110
1012.00	50	-0.0309	-0.0981	0.5602
1013.00	50	-0.0255	-0.0905	0.4339
1014.00	50	-0.0232	-0.0872	0.3841
1015.00	50	-0.0145	-0.0762	0.2472
1016.00	50	-0.0129	-0.0744	0.2287
1017.00	50	0.0040	-0.0642	0.1487
1018.00	50	0.0124	-0.0626	0.1533
1019.00	50	0.0399	-0.0580	0.1456
1020.00	51	-1.0827	0.3328	0.8274
1021.00	51	-0.9757	0.2657	0.8414
1022.00	51	-0.8418	0.2291	0.8358
1023.00	51	-0.7005	0.2193	0.8291
1024.00	51	-0.5498	0.2563	0.8427
1025.00	51	-0.3893	0.2657	0.8361
1026.00	51	-0.2105	0.2415	0.8234
1027.00	51	-0.0563	0.2540	0.8324
1028.00	51	-0.0628	0.0600	0.8703
1029.00	51	-0.0314	-0.1485	0.8874
1030.00	51	-0.0376	-0.1054	0.7454
1031.00	51	-0.0323	-0.0998	0.5982
1032.00	51	-0.0302	-0.0972	0.5434
1033.00	51	-0.0273	-0.0930	0.4717
1034.00	51	-0.0238	-0.0881	0.3966
1035.00	51	-0.0190	-0.0816	0.3103
1036.00	51	-0.0129	-0.0744	0.2287
1037.00	51	-0.0014	-0.0643	0.1463
1038.00	51	0.0124	-0.0626	0.1533
1039.00	51	0.0399	-0.0580	0.1456
1040.00	52	-1.0904	0.3362	0.8252
1041.00	52	-0.9736	0.2656	0.8429
1042.00	52	-0.8398	0.2307	0.8330
1043.00	52	-0.7008	0.2189	0.8302
1044.00	52	-0.5500	0.2579	0.8428
1045.00	52	-0.3895	0.2654	0.8362
1046.00	52	-0.2103	0.2407	0.8239
1047.00	52	-0.0557	0.2540	0.8323
1048.00	52	-0.0631	0.0599	0.8698
1049.00	52	-0.0330	-0.1501	0.8854
1050.00	52	-0.0350	-0.1028	0.6770
1051.00	52	-0.0340	-0.1015	0.6361
1052.00	52	-0.0291	-0.0956	0.5138
1053.00	52	-0.0247	-0.0894	0.4172
1054.00	52	-0.0228	-0.0866	0.3759
1055.00	52	-0.0176	-0.0799	0.2901
1056.00	52	-0.0105	-0.0720	0.2041
1057.00	52	0.0082	-0.0635	0.1523
1058.00	52	0.0131	-0.0624	0.1531
1059.00	52	0.0399	-0.0580	0.1456
1060.00	53	-1.0872	0.3347	0.8264
1061.00	53	-0.9739	0.2656	0.8427
1062.00	53	-0.8410	0.2298	0.8346
1063.00	53	-0.7009	0.2188	0.8305
1064.00	53	-0.5500	0.2579	0.8428
1065.00	53	-0.3892	0.2659	0.8361
1066.00	53	-0.2105	0.2415	0.8234
1067.00	53	-0.0561	0.2540	0.8324
1068.00	53	-0.0617	0.0606	0.8717
1069.00	53	-0.0313	-0.1483	0.8876
1070.00	53	-0.0373	-0.1049	0.7300
1071.00	53	-0.0323	-0.0998	0.5982
1072.00	53	-0.0301	-0.0969	0.5391
1073.00	53	-0.0247	-0.0894	0.4172
1074.00	53	-0.0210	-0.0841	0.3429
1075.00	53	-0.0141	-0.0758	0.2434
1076.00	53	-0.0072	-0.0690	0.1753
1077.00	53	0.0039	-0.0644	0.1473
1078.00	53	0.0281	-0.0608	0.1462
1079.00	53	0.0399	-0.0580	0.1456
1080.00	54	-1.0907	0.3365	0.8250
1081.00	54	-0.9764	0.2656	0.8404
1082.00	54	-0.8407	0.2300	0.8343
1083.00	54	-0.7010	0.2187	0.8309
1084.00	54	-0.5500	0.2577	0.8428
1085.00	54	-0.3899	0.2647	0.8362
1086.00	54	-0.2104	0.2411	0.8236
1087.00	54	-0.0563	0.2540	0.8324
1088.00	54	-0.0612	0.0608	0.8724
1089.00	54	-0.0318	-0.1489	0.8869
1090.00	54	-0.0366	-0.1042	0.7101
1091.00	54	-0.0315	-0.0989	0.5771
1092.00	54	-0.0310	-0.0983	0.5645
1093.00	54	-0.0247	-0.0894	0.4172
1094.00	54	-0.0212	-0.0844	0.3470
1095.00	54	-0.0174	-0.0795	0.2861
1096.00	54	-0.0112	-0.0727	0.2110
1097.00	54	0.0040	-0.0642	0.1487
1098.00	54	0.0325	-0.0597	0.1461
1099.00	54	0.0399	-0.0580	0.1456
1100.00	55	-1.0904	0.3362	0.8252
1101.00	55	-0.9717	0.2655	0.8438
1102.00	55	-0.8406	0.2301	0.8342
1103.00	55	-0.7004	0.2194	0.8289
1104.00	55	-0.5499	0.2572	0.8428
1105.00	55	-0.3899	0.2647	0.8362
1106.00	55	-0.2106	0.2421	0.8230
1107.00	55	-0.0564	0.2540	0.8322
1108.00	55	-0.0625	0.0602	0.8707
1109.00	55	-0.0318	-0.1489	0.8869
1110.00	55	-0.0366	-0.1042	0.7101
1111.00	55	-0.0337	-0.1012	0.6278
1112.00	55	-0.0299	-0.0967	0.5349
1113.00	55	-0.0241	-0.0886	0.4047
1114.00	55	-0.0218	-0.0851	0.3552
1115.00	55	-0.0183	-0.0806	0.2983
1116.00	55	-0.0112	-0.0727	0.2110
1117.00	55	0.0039	-0.0644	0.1473
1118.00	55	0.0267	-0.0610	0.1460
1119.00	55	0.0399	-0.0580	0.1456
1120.00	56	-1.0888	0.3354	0.8259
1121.00	56	-0.9717	0.2655	0.8438
1122.00	56	-0.8394	0.2311	0.8325
1123.00	56	-0.7000	0.2198	0.8279
1124.00	56	-0.5500	0.2578	0.8428
1125.00	56	-0.3898	0.2648	0.8362
1126.00	56	-0.2102	0.2399	0.8245
1127.00	56	-0.0564	0.2540	0.8323
1128.00	56	-0.0598	0.0616	0.8743
1129.00	56	-0.0313	-0.1483	0.8876
1130.00	56	-0.0362	-0.1038	0.6980
1131.00	56	-0.0330	-0.1005	0.6110
1132.00	56	-0.0279	-0.0938	0.4843
1133.00	56	-0.0263	-0.0916	0.4506
1134.00	56	-0.0222	-0.0857	0.3635
1135.00	56	-0.0129	-0.0744	0.2287
1136.00	56	-0.0105	-0.0720	0.2041
1137.00	56	0.0039	-0.0644	0.1473
1138.00	56	0.0281	-0.0608	0.1462
1139.00	56	0.0399	-0.0580	0.1456
1140.00	57	-1.0888	0.3354	0.8259
1141.00	57	-0.9759	0.2657	0.8412
1142.00	57	-0.8401	0.2305	0.8334
1143.00	57	-0.7009	0.2187	0.8307
1144.00	57	-0.5499	0.2571	0.8428
1145.00	57	-0.3894	0.2656	0.8361
1146.00	57	-0.2105	0.2419	0.8232
1147.00	57	-0.0559	0.2540	0.8324
1148.00	57	-0.0625	0.0602	0.8707
1149.00	57	-0.0320	-0.1492	0.8866
1150.00	57	-0.0350	-0.1028	0.6770
1151.00	57	-0.0312	-0.0985	0.5687
1152.00	57	-0.0287	-0.0951	0.5053
1153.00	57	-0.0249	-0.0897	0.4214
1154.00	57	-0.0210	-0.0841	0.3429
1155.00	57	-0.0141	-0.0758	0.2434
1156.00	57	-0.0056	-0.0676	0.1634
1157.00	57	0.0045	-0.0644	0.1467
1158.00	57	0.0317	-0.0598	0.1462
1159.00	57	0.0399	-0.0580	0.1456
1160.00	58	-1.0872	0.3347	0.8264
1161.00	58	-0.9721	0.2655	0.8436
1162.00	58	-0.8394	0.2311	0.8325
1163.00	58	-0.7003	0.2195	0.8286
1164.00	58	-0.5500	0.2574	0.8428
1165.00	58	-0.3895	0.2654	0.8362
1166.00	58	-0.2104	0.2411	0.8236
1167.00	58	-0.0561	0.2540	0.8324
1168.00	58	-0.0606	0.0612	0.8732
1169.00	58	-0.0318	-0.1489	0.8869
1170.00	58	-0.0345	-0.1022	0.6568
1171.00	58	-0.0319	-0.0993	0.5856
1172.00	58	-0.0284	-0.0946	0.4969
1173.00	58	-0.0232	-0.0872	0.3841
1174.00	58	-0.0193	-0.0819	0.3144
1175.00	58	-0.0132	-0.0748	0.2323
1176.00	58	-0.0090	-0.0707	0.1909
1177.00	58	0.0039	-0.0644	0.1473
1178.00	58	0.0184	-0.0610	0.1481
1179.00	58	0.0399	-0.0580	0.1456
1180.00	59	-1.0827	0.3328	0.8274
1181.00	59	-0.9736	0.2656	0.8429
1182.00	59	-0.8403	0.2303	0.8337
1183.00	59	-0.6997	0.2202	0.8270
1184.00	59	-0.5500	0.2579	0.8428
1185.00	59	-0.3892	0.2659	0.8361
1186.00	59	-0.2104	0.2413	0.8235
1187.00	59	-0.0554	0.2537	0.8318
1188.00	59	-0.0609	0.0610	0.8728
1189.00	59	-0.0306	-0.1471	0.8890
1190.00	59	-0.0343	-0.1019	0.6445
1191.00	59	-0.0335	-0.1011	0.6236
1192.00	59	-0.0293	-0.0958	0.5180
1193.00	59	-0.0235	-0.0877	0.3922
1194.00	59	-0.0224	-0.0860	0.3676
1195.00	59	-0.0115	-0.0730	0.2144
1196.00	59	-0.0072	-0.0690	0.1753
1197.00	59	0.0082	-0.0635	0.1523
1198.00	59	0.0317	-0.0598	0.1462
1199.00	59	0.0399	-0.0580	0.1456
1200.00	60	-1.0888	0.3354	0.8259
1201.00	60	-0.9750	0.2657	0.8420
1202.00	60	-0.8398	0.2307	0.8330
1203.00	60	-0.7002	0.2196	0.8282
1204.00	60	-0.5500	0.2577	0.8428
1205.00	60	-0.3889	0.2663	0.8359
1206.00	60	-0.2105	0.2419	0.8232
1207.00	60	-0.0554	0.2537	0.8318
1208.00	60	-0.0605	0.0613	0.8734
1209.00	60	-0.0313	-0.1483	0.8876
1210.00	60	-0.0359	-0.1035	0.6899
1211.00	60	-0.0304	-0.0974	0.5476
1212.00	60	-0.0272	-0.0928	0.4675
1213.00	60	-0.0245	-0.0892	0.4131
1214.00	60	-0.0198	-0.0825	0.3226
1215.00	60	-0.0132	-0.0748	0.2323
1216.00	60	-0.0044	-0.0666	0.1551
1217.00	60	0.0157	-0.0617	0.1514
1218.00	60	0.0369	-0.0585	0.1457
1219.00	60	0.0399	-0.0580	0.1456
1220.00	61	-1.0795	0.3316	0.8280
1221.00	61	-0.9695	0.2654	0.8448
1222.00	61	-0.8404	0.2302	0.8339
1223.00	61	-0.7003	0.2195	0.8286
1224.00	61	-0.5500	0.2580	0.8428
1225.00	61	-0.3890	0.2661	0.8360
1226.00	61	-0.2108	0.2428	0.8226
1227.00	61	-0.0555	0.2539	0.8321
1228.00	61	-0.0603	0.0614	0.8736
1229.00	61	-0.0306	-0.1469	0.8892
1230.00	61	-0.0346	-0.1024	0.6609
1231.00	61	-0.0327	-0.1002	0.6067
1232.00	61	-0.0294	-0.0961	0.5222
1233.00	61	-0.0247	-0.0894	0.4172
1234.00	61	-0.0198	-0.0825	0.3226
1235.00	61	-0.0115	-0.0730	0.2144
1236.00	61	-0.0060	-0.0680	0.1662
1237.00	61	0.0038	-0.0643	0.1480
1238.00	61	0.0325	-0.0597	0.1461
1239.00	61	0.0399	-0.0580	0.1456
1240.00	62	-1.0741	0.3297	0.8287
1241.00	62	-0.9733	0.2656	0.8431
1242.00	62	-0.8400	0.2306	0.8333
1243.00	62	-0.6996	0.2203	0.8268
1244.00	62	-0.5500	0.2583	0.8427
1245.00	62	-0.3893	0.2657	0.8361
1246.00	62	-0.2108	0.2432	0.8223
1247.00	62	-0.0561	0.2540	0.8324
1248.00	62	-0.0602	0.0615	0.8739
1249.00	62	-0.0319	-0.1490	0.8868
1250.00	62	-0.0338	-0.1014	0.6320
1251.00	62	-0.0325	-0.1000	0.6024
1252.00	62	-0.0284	-0.0946	0.4969
1253.00	62	-0.0238	-0.0881	0.3966
1254.00	62	-0.0198	-0.0825	0.3226
1255.00	62	-0.0148	-0.0765	0.2510
1256.00	62	-0.0037	-0.0661	0.1504
1257.00	62	0.0065	-0.0639	0.1510
1258.00	62	0.0363	-0.0586	0.1457
1259.00	62	0.0399	-0.0580	0.1456
1260.00	63	-1.0732	0.3294	0.8288
1261.00	63	-0.9729	0.2655	0.8432
1262.00	63	-0.8406	0.2301	0.8342
1263.00	63	-0.7000	0.2198	0.8279
1264.00	63	-0.5500	0.2574	0.8428
1265.00	63	-0.3894	0.2656	0.8361
1266.00	63	-0.2104	0.2409	0.8238
1267.00	63	-0.0553	0.2537	0.8318
1268.00	63	-0.0605	0.0613	0.8734
1269.00	63	-0.0318	-0.1489	0.8869
1270.00	63	-0.0340	-0.1015	0.6361
1271.00	63	-0.0310	-0.0983	0.5645
1272.00	63	-0.0289	-0.0953	0.5096
1273.00	63	-0.0257	-0.0908	0.4380
1274.00	63	-0.0201	-0.0829	0.3266
1275.00	63	-0.0139	-0.0755	0.2397
1276.00	63	-0.0014	-0.0643	0.1463
1277.00	63	0.0124	-0.0626	0.1533
1278.00	63	0.0308	-0.0600	0.1463
1279.00	63	0.0399	-0.0580	0.1456
1280.00	64	-1.0778	0.3310	0.8282
1281.00	64	-0.9742	0.2656	0.8425
1282.00	64	-0.8401	0.2305	0.8334
1283.00	64	-0.7001	0.2197	0.8281
1284.00	64	-0.5500	0.2574	0.8428
1285.00	64	-0.3890	0.2661	0.8360
1286.00	64	-0.2104	0.2411	0.8236
1287.00	64	-0.0555	0.2539	0.8321
1288.00	64	-0.0600	0.0615	0.8741
1289.00	64	-0.0306	-0.1469	0.8892
1290.00	64	-0.0349	-0.1027	0.6692
1291.00	64	-0.0325	-0.1000	0.6024
1292.00	64	-0.0272	-0.0928	0.4675
1293.00	64	-0.0238	-0.0881	0.3966
1294.00	64	-0.0165	-0.0785	0.2742
1295.00	64	-0.0148	-0.0765	0.2510
1296.00	64	-0.0086	-0.0703	0.1876
1297.00	64	0.0184	-0.0610	0.1481
1298.00	64	0.0308	-0.0600	0.1463
1299.00	64	0.0399	-0.0580	0.1456
1300.00	65	-1.0795	0.3316	0.8280
1301.00	65	-0.9748	0.2657	0.8421
1302.00	65	-0.8395	0.2310	0.8326
1303.00	65	-0.6994	0.2205	0.8263
1304.00	65	-0.5500	0.2576	0.8428
1305.00	65	-0.3892	0.2659	0.8361
1306.00	65	-0.2106	0.2423	0.8229
1307.00	65	-0.0559	0.2540	0.8324
1308.00	65	-0.0594	0.0618	0.8747
1309.00	65	-0.0312	-0.1482	0.8877
1310.00	65	-0.0351	-0.1028	0.6733
1311.00	65	-0.0319	-0.0993	0.5856
1312.00	65	-0.0286	-0.0948	0.5011
1313.00	65	-0.0238	-0.0881	0.3966
1314.00	65	-0.0205	-0.0835	0.3347
1315.00	65	-0.0122	-0.0738	0.2215
1316.00	65	-0.0044	-0.0666	0.1551
1317.00	65	0.0139	-0.0622	0.1527
1318.00	65	0.0369	-0.0585	0.1457
1319.00	65	0.0399	-0.0580	0.1456
1320.00	66	-1.0769	0.3307	0.8283
1321.00	66	-0.9705	0.2655	0.8444
1322.00	66	-0.8370	0.2315	0.8310
1323.00	66	-0.6995	0.2204	0.8265
1324.00	66	-0.5501	0.2585	0.8426
1325.00	66	-0.3891	0.2660	0.8360
1326.00	66	-0.2105	0.2419	0.8232
1327.00	66	-0.0551	0.2535	0.8314
1328.00	66	-0.0590	0.0621	0.8753
1329.00	66	-0.0314	-0.1485	0.8874
1330.00	66	-0.0351	-0.1028	0.6733
1331.00	66	-0.0309	-0.0981	0.5602
1332.00	66	-0.0286	-0.0948	0.5011
1333.00	66	-0.0218	-0.0851	0.3552
1334.00	66	-0.0171	-0.0792	0.2821
1335.00	66	-0.0115	-0.0730	0.2144
1336.00	66	-0.0052	-0.0673	0.1606
1337.00	66	0.0147	-0.0619	0.1521
1338.00	66	0.0343	-0.0592	0.1458
1339.00	66	0.0399	-0.0580	0.1456
1340.00	67	-1.0702	0.3283	0.8291
1341.00	67	-0.9705	0.2655	0.8444
1342.00	67	-0.8400	0.2306	0.8333
1343.00	67	-0.7003	0.2195	0.8286
1344.00	67	-0.5501	0.2586	0.8425
1345.00	67	-0.3885	0.2669	0.8356
1346.00	67	-0.2109	0.2438	0.8219
1347.00	67	-0.0555	0.2538	0.8320
1348.00	67	-0.0605	0.0613	0.8734
1349.00	67	-0.0303	-0.1462	0.8898
1350.00	67	-0.0348	-0.1025	0.6650
1351.00	67	-0.0302	-0.0972	0.5434
1352.00	67	-0.0259	-0.0911	0.4423
1353.00	67	-0.0228	-0.0866	0.3759
1354.00	67	-0.0203	-0.0832	0.3307
1355.00	67	-0.0115	-0.0730	0.2144
1356.00	67	-0.0037	-0.0661	0.1504
1357.00	67	0.0091	-0.0634	0.1528
1358.00	67	0.0394	-0.0580	0.1456
1359.00	67	0.0399	-0.0580	0.1456
1360.00	68	-1.0682	0.3277	0.8293
1361.00	68	-0.9729	0.2655	0.8432
1362.00	68	-0.8394	0.2311	0.8325
1363.00	68	-0.7000	0.2198	0.8279
1364.00	68	-0.5501	0.2585	0.8426
1365.00	68	-0.3889	0.2662	0.8359
1366.00	68	-0.2112	0.2451	0.8212
1367.00	68	-0.0554	0.2538	0.8320
1368.00	68	-0.0600	0.0615	0.8741
1369.00	68	-0.0304	-0.1464	0.8897
1370.00	68	-0.0345	-0.1022	0.6568
1371.00	68	-0.0306	-0.0976	0.5518
1372.00	68	-0.0281	-0.0941	0.4885
1373.00	68	-0.0222	-0.0857	0.3635
1374.00	68	-0.0198	-0.0825	0.3226
1375.00	68	-0.0122	-0.0738	0.2215
1376.00	68	-0.0072	-0.0690	0.1753
1377.00	68	0.0291	-0.0603	0.1462
1378.00	68	0.0375	-0.0584	0.1457
1379.00	68	0.0399	-0.0580	0.1456
1380.00	69	-1.0812	0.3322	0.8277
1381.00	69	-0.9653	0.2652	0.8463
1382.00	69	-0.8385	0.2313	0.8318
1383.00	69	-0.7002	0.2196	0.8284
1384.00	69	-0.5501	0.2587	0.8424
1385.00	69	-0.3893	0.2658	0.8361
1386.00	69	-0.2113	0.2454	0.8211
1387.00	69	-0.0553	0.2537	0.8318
1388.00	69	-0.0594	0.0618	0.8747
1389.00	69	-0.0308	-0.1474	0.8886
1390.00	69	-0.0325	-0.1000	0.6024
1391.00	69	-0.0296	-0.0963	0.5265
1392.00	69	-0.0257	-0.0908	0.4380
1393.00	69	-0.0235	-0.0877	0.3922
1394.00	69	-0.0162	-0.0782	0.2703
1395.00	69	-0.0118	-0.0734	0.2179
1396.00	69	0.0045	-0.0644	0.1467
1397.00	69	0.0139	-0.0622	0.1527
1398.00	69	0.0388	-0.0581	0.1457
1399.00	69	0.0399	-0.0580	0.1456
1400.00	70	-1.0672	0.3274	0.8295
1401.00	70	-0.9690	0.2654	0.8450
1402.00	70	-0.8360	0.2316	0.8305
1403.00	70	-0.6989	0.2207	0.8255
1404.00	70	-0.5501	0.2585	0.8426
1405.00	70	-0.3888	0.2663	0.8359
1406.00	70	-0.2108	0.2434	0.8222
1407.00	70	-0.0555	0.2538	0.8320
1408.00	70	-0.0606	0.0612	0.8732
1409.00	70	-0.0302	-0.1453	0.8908
1410.00	70	-0.0332	-0.1007	0.6152
1411.00	70	-0.0302	-0.0972	0.5434
1412.00	70	-0.0284	-0.0946	0.4969
1413.00	70	-0.0212	-0.0844	0.3470
1414.00	70	-0.0183	-0.0806	0.2983
1415.00	70	-0.0136	-0.0751	0.2360
1416.00	70	-0.0052	-0.0673	0.1606
1417.00	70	0.0308	-0.0600	0.1463
1418.00	70	0.0379	-0.0583	0.1457
1419.00	70	0.0399	-0.0580	0.1456
1420.00	71	-1.0795	0.3316	0.8280
1421.00	71	-0.9660	0.2653	0.8461
1422.00	71	-0.8385	0.2313	0.8318
1423.00	71	-0.6987	0.2209	0.8252
1424.00	71	-0.5500	0.2582	0.8427
1425.00	71	-0.3884	0.2670	0.8355
1426.00	71	-0.2112	0.2451	0.8212
1427.00	71	-0.0556	0.2539	0.8322
1428.00	71	-0.0598	0.0616	0.8743
1429.00	71	-0.0312	-0.1482	0.8877
1430.00	71	-0.0320	-0.0995	0.5898
1431.00	71	-0.0296	-0.0963	0.5265
1432.00	71	-0.0277	-0.0936	0.4801
1433.00	71	-0.0215	-0.0847	0.3511
1434.00	71	-0.0160	-0.0778	0.2664
1435.00	71	-0.0068	-0.0687	0.1722
1436.00	71	0.0065	-0.0639	0.1510
1437.00	71	0.0116	-0.0628	0.1534
1438.00	71	0.0397	-0.0579	0.1456
1439.00	71	0.0399	-0.0580	0.1456
1440.00	72	-1.0712	0.3287	0.8290
1441.00	72	-0.9684	0.2654	0.8452
1442.00	72	-0.8393	0.2311	0.8323
1443.00	72	-0.6988	0.2208	0.8253
1444.00	72	-0.5501	0.2587	0.8424
1445.00	72	-0.3888	0.2663	0.8359
1446.00	72	-0.2112	0.2451	0.8212
1447.00	72	-0.0551	0.2535	0.8315
1448.00	72	-0.0596	0.0617	0.8745
1449.00	72	-0.0303	-0.1462	0.8898
1450.00	72	-0.0320	-0.0995	0.5898
1451.00	72	-0.0293	-0.0958	0.5180
1452.00	72	-0.0257	-0.0908	0.4380
1453.00	72	-0.0232	-0.0872	0.3841
1454.00	72	-0.0190	-0.0816	0.3103
1455.00	72	-0.0094	-0.0710	0.1941
1456.00	72	-0.0032	-0.0657	0.1479
1457.00	72	0.0317	-0.0598	0.1462
1458.00	72	0.0394	-0.0580	0.1456
1459.00	72	0.0399	-0.0580	0.1456
1460.00	73	-1.0751	0.3300	0.8286
1461.00	73	-0.9690	0.2654	0.8450
1462.00	73	-0.8367	0.2315	0.8309
1463.00	73	-0.6997	0.2202	0.8270
1464.00	73	-0.5502	0.2589	0.8421
1465.00	73	-0.3884	0.2670	0.8355
1466.00	73	-0.2107	0.2425	0.8228
1467.00	73	-0.0551	0.2535	0.8315
1468.00	73	-0.0588	0.0622	0.8755
1469.00	73	-0.0306	-0.1471	0.8890
1470.00	73	-0.0335	-0.1011	0.6236
1471.00	73	-0.0307	-0.0978	0.5560
1472.00	73	-0.0253	-0.0903	0.4297
1473.00	73	-0.0238	-0.0881	0.3966
1474.00	73	-0.0183	-0.0806	0.2983
1475.00	73	-0.0086	-0.0703	0.1876
1476.00	73	0.0057	-0.0639	0.1503
1477.00	73	0.0301	-0.0601	0.1462
1478.00	73	0.0397	-0.0579	0.1456
1479.00	73	0.0399	-0.0580	0.1456
1480.00	74	-1.0795	0.3316	0.8280
1481.00	74	-0.9600	0.2647	0.8479
1482.00	74	-0.8387	0.2313	0.8319
1483.00	74	-0.6986	0.2210	0.8250
1484.00	74	-0.5500	0.2583	0.8427
1485.00	74	-0.3886	0.2667	0.8357
1486.00	74	-0.2111	0.2447	0.8214
1487.00	74	-0.0549	0.2533	0.8309
1488.00	74	-0.0582	0.0626	0.8765
1489.00	74	-0.0303	-0.1460	0.8900
1490.00	74	-0.0337	-0.1012	0.6278
1491.00	74	-0.0307	-0.0978	0.5560
1492.00	74	-0.0261	-0.0913	0.4464
1493.00	74	-0.0228	-0.0866	0.3759
1494.00	74	-0.0165	-0.0785	0.2742
1495.00	74	-0.0060	-0.0680	0.1662
1496.00	74	0.0045	-0.0644	0.1467
1497.00	74	0.0343	-0.0592	0.1458
1498.00	74	0.0397	-0.0579	0.1456
1499.00	74	0.0399	-0.0580	0.1456
1500.00	75	-1.0619	0.3257	0.8299
1501.00	75	-0.9653	0.2652	0.8463
1502.00	75	-0.8391	0.2312	0.8322
1503.00	75	-0.6982	0.2212	0.8245
1504.00	75	-0.5501	0.2585	0.8426
1505.00	75	-0.3887	0.2665	0.8358
1506.00	75	-0.2111	0.2445	0.8215
1507.00	75	-0.0549	0.2533	0.8309
1508.00	75	-0.0581	0.0627	0.8767
1509.00	75	-0.0304	-0.1466	0.8895
1510.00	75	-0.0346	-0.1022	0.6528
1511.00	75	-0.0282	-0.0943	0.4927
1512.00	75	-0.0240	-0.0884	0.4008
1513.00	75	-0.0210	-0.0841	0.3429
1514.00	75	-0.0168	-0.0789	0.2782
1515.00	75	-0.0108	-0.0723	0.2075
1516.00	75	-0.0032	-0.0657	0.1479
1517.00	75	0.0308	-0.0600	0.1463
1518.00	75	0.0388	-0.0581	0.1457
1519.00	75	0.0399	-0.0580	0.1456
1520.00	76	-1.0712	0.3287	0.8290
1521.00	76	-0.9624	0.2649	0.8471
1522.00	76	-0.8364	0.2315	0.8307
1523.00	76	-0.6988	0.2208	0.8253
1524.00	76	-0.5501	0.2586	0.8425
1525.00	76	-0.3889	0.2663	0.8359
1526.00	76	-0.2118	0.2468	0.8205
1527.00	76	-0.0549	0.2533	0.8309
1528.00	76	-0.0568	0.0636	0.8783
1529.00	76	-0.0304	-0.1464	0.8897
1530.00	76	-0.0335	-0.1011	0.6236
1531.00	76	-0.0299	-0.0967	0.5349
1532.00	76	-0.0247	-0.0894	0.4172
1533.00	76	-0.0198	-0.0825	0.3226
1534.00	76	-0.0176	-0.0799	0.2901
1535.00	76	-0.0064	-0.0683	0.1692
1536.00	76	0.0045	-0.0644	0.1467
1537.00	76	0.0291	-0.0603	0.1462
1538.00	76	0.0394	-0.0580	0.1456
1539.00	76	0.0399	-0.0580	0.1456
1540.00	77	-1.0751	0.3300	0.8286
1541.00	77	-0.9632	0.2650	0.8469
1542.00	77	-0.8367	0.2315	0.8309
1543.00	77	-0.6989	0.2207	0.8255
1544.00	77	-0.5501	0.2587	0.8424
1545.00	77	-0.3881	0.2673	0.8352
1546.00	77	-0.2115	0.2460	0.8208
1547.00	77	-0.0547	0.2532	0.8306
1548.00	77	-0.0582	0.0626	0.8765
1549.00	77	-0.0303	-0.1462	0.8898
1550.00	77	-0.0338	-0.1014	0.6320
1551.00	77	-0.0286	-0.0948	0.5011
1552.00	77	-0.0261	-0.0913	0.4464
1553.00	77	-0.0212	-0.0844	0.3470
1554.00	77	-0.0160	-0.0778	0.2664
1555.00	77	-0.0052	-0.0673	0.1606
1556.00	77	0.0040	-0.0642	0.1487
1557.00	77	0.0184	-0.0610	0.1481
1558.00	77	0.0397	-0.0579	0.1456
1559.00	77	0.0399	-0.0580	0.1456
1560.00	78	-1.0760	0.3303	0.8284
1561.00	78	-0.9639	0.2650	0.8467
1562.00	78	-0.8331	0.2317	0.8293
1563.00	78	-0.6993	0.2205	0.8262
1564.00	78	-0.5501	0.2588	0.8423
1565.00	78	-0.3884	0.2670	0.8355
1566.00	78	-0.2109	0.2438	0.8219
1567.00	78	-0.0552	0.2536	0.8315
1568.00	78	-0.0584	0.0625	0.8763
1569.00	78	-0.0300	-0.1448	0.8911
1570.00	78	-0.0313	-0.0987	0.5729
1571.00	78	-0.0293	-0.0958	0.5180
1572.00	78	-0.0270	-0.0925	0.4634
1573.00	78	-0.0222	-0.0857	0.3635
1574.00	78	-0.0139	-0.0755	0.2397
1575.00	78	-0.0064	-0.0683	0.1692
1576.00	78	0.0027	-0.0643	0.1464
1577.00	78	0.0308	-0.0600	0.1463
1578.00	78	0.0388	-0.0581	0.1457
1579.00	78	0.0399	-0.0580	0.1456
1580.00	79	-1.0662	0.3270	0.8296
1581.00	79	-0.9653	0.2652	0.8463
1582.00	79	-0.8344	0.2317	0.8298
1583.00	79	-0.6982	0.2212	0.8245
1584.00	79	-0.5501	0.2587	0.8424
1585.00	79	-0.3877	0.2675	0.8348
1586.00	79	-0.2111	0.2445	0.8215
1587.00	79	-0.0552	0.2536	0.8315
1588.00	79	-0.0568	0.0636	0.8783
1589.00	79	-0.0302	-0.1456	0.8904
1590.00	79	-0.0335	-0.1011	0.6236
1591.00	79	-0.0289	-0.0953	0.5096
1592.00	79	-0.0249	-0.0897	0.4214
1593.00	79	-0.0220	-0.0854	0.3594
1594.00	79	-0.0157	-0.0775	0.2625
1595.00	79	-0.0108	-0.0723	0.2075
1596.00	79	0.0040	-0.0642	0.1487
1597.00	79	0.0337	-0.0592	0.1457
1598.00	79	0.0397	-0.0579	0.1456
1599.00	79	0.0399	-0.0580	0.1456
