0.00	0	-1.2146	0.1625	0.8223
1.00	0	-1.0308	-0.0909	0.8089
2.00	0	-0.8558	-0.3216	0.8169
3.00	0	-0.6930	-0.4798	0.8191
4.00	0	-0.3976	-0.7906	0.8032
5.00	0	-0.1892	-0.9962	0.8153
6.00	0	0.0962	-1.0487	0.8294
7.00	0	0.0394	-0.7409	0.8319
8.00	0	0.0016	-0.5323	0.8162
9.00	0	0.0280	-0.3278	0.8093
10.00	0	-0.0513	-0.0645	0.8711
11.00	0	-0.0515	-0.0701	0.8781
12.00	0	-0.0486	-0.0751	0.8820
13.00	0	-0.0419	-0.0805	0.8865
14.00	0	-0.0331	-0.0857	0.8786
15.00	0	-0.0304	-0.0858	0.8000
16.00	0	-0.0247	-0.0832	0.6144
17.00	0	-0.0149	-0.0807	0.4539
18.00	0	0.0077	-0.0788	0.2493
19.00	0	0.0331	-0.0799	0.1466
20.00	1	-1.2116	0.1559	0.8222
21.00	1	-1.0304	-0.0910	0.8091
22.00	1	-0.8560	-0.3213	0.8170
23.00	1	-0.6930	-0.4798	0.8191
24.00	1	-0.3976	-0.7906	0.8032
25.00	1	-0.1893	-0.9963	0.8155
26.00	1	0.0962	-1.0492	0.8290
27.00	1	0.0416	-0.7430	0.8324
28.00	1	0.0021	-0.5317	0.8159
29.00	1	0.0288	-0.3278	0.8093
30.00	1	-0.0514	-0.0654	0.8725
31.00	1	-0.0513	-0.0707	0.8787
32.00	1	-0.0486	-0.0751	0.8820
33.00	1	-0.0408	-0.0814	0.8874
34.00	1	-0.0329	-0.0858	0.8765
35.00	1	-0.0300	-0.0858	0.7806
36.00	1	-0.0240	-0.0829	0.5980
37.00	1	-0.0109	-0.0803	0.4126
38.00	1	0.0066	-0.0789	0.2572
39.00	1	0.0331	-0.0799	0.1466
40.00	2	-1.2129	0.1586	0.8220
41.00	2	-1.0301	-0.0910	0.8093
42.00	2	-0.8558	-0.3216	0.8169
43.00	2	-0.6930	-0.4798	0.8191
44.00	2	-0.3976	-0.7906	0.8032
45.00	2	-0.1893	-0.9965	0.8157
46.00	2	0.0962	-1.0492	0.8290
47.00	2	0.0431	-0.7445	0.8328
48.00	2	0.0020	-0.5319	0.8160
49.00	2	0.0280	-0.3278	0.8093
50.00	2	-0.0514	-0.0654	0.8725
51.00	2	-0.0515	-0.0702	0.8782
52.00	2	-0.0483	-0.0754	0.8822
53.00	2	-0.0419	-0.0805	0.8865
54.00	2	-0.0340	-0.0853	0.8843
55.00	2	-0.0301	-0.0859	0.7872
56.00	2	-0.0240	-0.0829	0.5980
57.00	2	-0.0141	-0.0806	0.4456
58.00	2	0.0098	-0.0787	0.2338
59.00	2	0.0331	-0.0799	0.1466
60.00	3	-1.2123	0.1577	0.8221
61.00	3	-1.0314	-0.0908	0.8085
62.00	3	-0.8561	-0.3212	0.8170
63.00	3	-0.6927	-0.4800	0.8192
64.00	3	-0.3976	-0.7906	0.8032
65.00	3	-0.1893	-0.9963	0.8155
66.00	3	0.0962	-1.0486	0.8295
67.00	3	0.0356	-0.7377	0.8312
68.00	3	0.0023	-0.5315	0.8158
69.00	3	0.0290	-0.3278	0.8093
70.00	3	-0.0513	-0.0645	0.8711
71.00	3	-0.0512	-0.0712	0.8791
72.00	3	-0.0477	-0.0760	0.8826
73.00	3	-0.0419	-0.0805	0.8865
74.00	3	-0.0340	-0.0853	0.8843
75.00	3	-0.0300	-0.0858	0.7773
76.00	3	-0.0255	-0.0836	0.6349
77.00	3	-0.0149	-0.0807	0.4539
78.00	3	0.0060	-0.0790	0.2612
79.00	3	0.0331	-0.0799	0.1466
80.00	4	-1.2099	0.1522	0.8221
81.00	4	-1.0306	-0.0909	0.8089
82.00	4	-0.8565	-0.3205	0.8175
83.00	4	-0.6926	-0.4801	0.8192
84.00	4	-0.3914	-0.7945	0.8040
85.00	4	-0.1893	-0.9965	0.8157
86.00	4	0.0963	-1.0484	0.8296
87.00	4	0.0340	-0.7365	0.8309
88.00	4	0.0016	-0.5323	0.8162
89.00	4	0.0295	-0.3277	0.8093
90.00	4	-0.0513	-0.0645	0.8711
91.00	4	-0.0514	-0.0707	0.8786
92.00	4	-0.0484	-0.0753	0.8822
93.00	4	-0.0419	-0.0805	0.8865
94.00	4	-0.0333	-0.0856	0.8805
95.00	4	-0.0300	-0.0858	0.7773
96.00	4	-0.0255	-0.0836	0.6349
97.00	4	-0.0102	-0.0802	0.4043
98.00	4	0.0066	-0.0789	0.2572
99.00	4	0.0331	-0.0799	0.1466
100.00	5	-1.2107	0.1541	0.8222
101.00	5	-1.0300	-0.0910	0.8094
102.00	5	-0.8565	-0.3205	0.8174
103.00	5	-0.6928	-0.4799	0.8192
104.00	5	-0.3976	-0.7906	0.8032
105.00	5	-0.1892	-0.9961	0.8151
106.00	5	0.0962	-1.0487	0.8294
107.00	5	0.0431	-0.7445	0.8328
108.00	5	0.0016	-0.5323	0.8162
109.00	5	0.0298	-0.3277	0.8093
110.00	5	-0.0514	-0.0651	0.8721
111.00	5	-0.0514	-0.0705	0.8785
112.00	5	-0.0479	-0.0758	0.8824
113.00	5	-0.0415	-0.0808	0.8867
114.00	5	-0.0336	-0.0855	0.8821
115.00	5	-0.0298	-0.0857	0.7705
116.00	5	-0.0233	-0.0826	0.5817
117.00	5	-0.0109	-0.0803	0.4126
118.00	5	0.0050	-0.0791	0.2692
119.00	5	0.0331	-0.0799	0.1466
120.00	6	-1.2146	0.1625	0.8223
121.00	6	-1.0308	-0.0909	0.8089
122.00	6	-0.8561	-0.3212	0.8170
123.00	6	-0.6929	-0.4798	0.8192
124.00	6	-0.3964	-0.7915	0.8034
125.00	6	-0.1891	-0.9960	0.8150
126.00	6	0.0962	-1.0492	0.8290
127.00	6	0.0340	-0.7365	0.8309
128.00	6	0.0016	-0.5323	0.8162
129.00	6	0.0288	-0.3278	0.8093
130.00	6	-0.0513	-0.0645	0.8711
131.00	6	-0.0513	-0.0708	0.8788
132.00	6	-0.0481	-0.0757	0.8823
133.00	6	-0.0419	-0.0805	0.8865
134.00	6	-0.0340	-0.0853	0.8843
135.00	6	-0.0304	-0.0858	0.8000
136.00	6	-0.0255	-0.0836	0.6349
137.00	6	-0.0149	-0.0807	0.4539
138.00	6	0.0045	-0.0791	0.2733
139.00	6	0.0331	-0.0799	0.1466
140.00	7	-1.2120	0.1568	0.8221
141.00	7	-1.0306	-0.0909	0.8089
142.00	7	-0.8566	-0.3202	0.8177
143.00	7	-0.6918	-0.4809	0.8192
144.00	7	-0.3896	-0.7955	0.8044
145.00	7	-0.1890	-0.9960	0.8149
146.00	7	0.0963	-1.0484	0.8296
147.00	7	0.0416	-0.7430	0.8324
148.00	7	0.0051	-0.5283	0.8148
149.00	7	0.0304	-0.3276	0.8093
150.00	7	-0.0514	-0.0650	0.8719
151.00	7	-0.0515	-0.0701	0.8781
152.00	7	-0.0475	-0.0762	0.8827
153.00	7	-0.0413	-0.0809	0.8869
154.00	7	-0.0340	-0.0853	0.8843
155.00	7	-0.0303	-0.0858	0.7969
156.00	7	-0.0227	-0.0824	0.5693
157.00	7	-0.0130	-0.0804	0.4333
158.00	7	0.0110	-0.0787	0.2262
159.00	7	0.0331	-0.0799	0.1466
160.00	8	-1.2146	0.1625	0.8223
161.00	8	-1.0306	-0.0909	0.8089
162.00	8	-0.8561	-0.3212	0.8170
163.00	8	-0.6930	-0.4798	0.8191
164.00	8	-0.3884	-0.7961	0.8046
165.00	8	-0.1893	-0.9964	0.8156
166.00	8	0.0962	-1.0491	0.8291
167.00	8	0.0402	-0.7416	0.8321
168.00	8	0.0038	-0.5298	0.8152
169.00	8	0.0286	-0.3278	0.8093
170.00	8	-0.0515	-0.0664	0.8740
171.00	8	-0.0511	-0.0714	0.8793
172.00	8	-0.0474	-0.0764	0.8828
173.00	8	-0.0419	-0.0805	0.8865
174.00	8	-0.0321	-0.0859	0.8660
175.00	8	-0.0298	-0.0857	0.7705
176.00	8	-0.0254	-0.0835	0.6308
177.00	8	-0.0098	-0.0801	0.4002
178.00	8	0.0045	-0.0791	0.2733
179.00	8	0.0331	-0.0799	0.1466
180.00	9	-1.2107	0.1541	0.8222
181.00	9	-1.0294	-0.0912	0.8100
182.00	9	-0.8564	-0.3207	0.8174
183.00	9	-0.6903	-0.4824	0.8192
184.00	9	-0.3957	-0.7919	0.8035
185.00	9	-0.1891	-0.9960	0.8150
186.00	9	0.0962	-1.0487	0.8294
187.00	9	0.0356	-0.7377	0.8312
188.00	9	0.0053	-0.5280	0.8147
189.00	9	0.0300	-0.3277	0.8092
190.00	9	-0.0514	-0.0649	0.8717
191.00	9	-0.0511	-0.0714	0.8793
192.00	9	-0.0478	-0.0759	0.8825
193.00	9	-0.0419	-0.0805	0.8865
194.00	9	-0.0322	-0.0859	0.8676
195.00	9	-0.0303	-0.0859	0.7937
196.00	9	-0.0234	-0.0827	0.5857
197.00	9	-0.0098	-0.0801	0.4002
198.00	9	0.0127	-0.0787	0.2151
199.00	9	0.0331	-0.0799	0.1466
200.00	10	-1.2077	0.1481	0.8225
201.00	10	-1.0309	-0.0909	0.8088
202.00	10	-0.8558	-0.3216	0.8169
203.00	10	-0.6909	-0.4818	0.8192
204.00	10	-0.3939	-0.7931	0.8037
205.00	10	-0.1893	-0.9964	0.8156
206.00	10	0.0962	-1.0489	0.8292
207.00	10	0.0386	-0.7403	0.8318
208.00	10	0.0020	-0.5319	0.8160
209.00	10	0.0304	-0.3276	0.8093
210.00	10	-0.0513	-0.0646	0.8713
211.00	10	-0.0514	-0.0703	0.8783
212.00	10	-0.0481	-0.0757	0.8823
213.00	10	-0.0387	-0.0827	0.8888
214.00	10	-0.0330	-0.0857	0.8776
215.00	10	-0.0292	-0.0855	0.7418
216.00	10	-0.0242	-0.0830	0.6021
217.00	10	-0.0081	-0.0801	0.3836
218.00	10	0.0139	-0.0787	0.2079
219.00	10	0.0331	-0.0799	0.1466
220.00	11	-1.2090	0.1505	0.8222
221.00	11	-1.0309	-0.0909	0.8088
222.00	11	-0.8564	-0.3206	0.8174
223.00	11	-0.6924	-0.4803	0.8191
224.00	11	-0.3890	-0.7958	0.8045
225.00	11	-0.1886	-0.9961	0.8145
226.00	11	0.0962	-1.0490	0.8292
227.00	11	0.0295	-0.7330	0.8301
228.00	11	0.0032	-0.5306	0.8154
229.00	11	0.0298	-0.3277	0.8093
230.00	11	-0.0515	-0.0667	0.8743
231.00	11	-0.0514	-0.0705	0.8785
232.00	11	-0.0483	-0.0754	0.8822
233.00	11	-0.0391	-0.0825	0.8886
234.00	11	-0.0332	-0.0856	0.8795
235.00	11	-0.0291	-0.0854	0.7380
236.00	11	-0.0242	-0.0830	0.6021
237.00	11	-0.0077	-0.0800	0.3795
238.00	11	0.0116	-0.0787	0.2224
239.00	11	0.0331	-0.0799	0.1466
240.00	12	-1.2094	0.1514	0.8221
241.00	12	-1.0305	-0.0910	0.8090
242.00	12	-0.8559	-0.3214	0.8169
243.00	12	-0.6905	-0.4822	0.8192
244.00	12	-0.3902	-0.7952	0.8043
245.00	12	-0.1887	-0.9960	0.8145
246.00	12	0.0962	-1.0487	0.8294
247.00	12	0.0325	-0.7353	0.8306
248.00	12	0.0063	-0.5266	0.8145
249.00	12	0.0311	-0.3274	0.8092
250.00	12	-0.0514	-0.0652	0.8723
251.00	12	-0.0506	-0.0723	0.8800
252.00	12	-0.0463	-0.0774	0.8834
253.00	12	-0.0384	-0.0829	0.8891
254.00	12	-0.0332	-0.0856	0.8795
255.00	12	-0.0289	-0.0854	0.7343
256.00	12	-0.0234	-0.0827	0.5857
257.00	12	-0.0109	-0.0803	0.4126
258.00	12	0.0116	-0.0787	0.2224
259.00	12	0.0331	-0.0799	0.1466
260.00	13	-1.2123	0.1577	0.8221
261.00	13	-1.0299	-0.0910	0.8095
262.00	13	-0.8566	-0.3203	0.8176
263.00	13	-0.6905	-0.4822	0.8192
264.00	13	-0.3927	-0.7938	0.8039
265.00	13	-0.1893	-0.9963	0.8154
266.00	13	0.0965	-1.0480	0.8299
267.00	13	0.0386	-0.7403	0.8318
268.00	13	0.0034	-0.5303	0.8153
269.00	13	0.0303	-0.3276	0.8093
270.00	13	-0.0514	-0.0651	0.8721
271.00	13	-0.0507	-0.0721	0.8799
272.00	13	-0.0478	-0.0759	0.8825
273.00	13	-0.0380	-0.0832	0.8894
274.00	13	-0.0336	-0.0855	0.8821
275.00	13	-0.0297	-0.0857	0.7635
276.00	13	-0.0216	-0.0820	0.5489
277.00	13	-0.0109	-0.0803	0.4126
278.00	13	0.0157	-0.0787	0.1972
279.00	13	0.0331	-0.0799	0.1466
280.00	14	-1.2099	0.1522	0.8221
281.00	14	-1.0300	-0.0910	0.8094
282.00	14	-0.8563	-0.3208	0.8173
283.00	14	-0.6903	-0.4824	0.8192
284.00	14	-0.3862	-0.7971	0.8051
285.00	14	-0.1889	-0.9960	0.8147
286.00	14	0.0963	-1.0485	0.8296
287.00	14	0.0302	-0.7335	0.8303
288.00	14	0.0053	-0.5280	0.8147
289.00	14	0.0290	-0.3278	0.8093
290.00	14	-0.0514	-0.0650	0.8719
291.00	14	-0.0513	-0.0709	0.8789
292.00	14	-0.0465	-0.0773	0.8833
293.00	14	-0.0386	-0.0828	0.8890
294.00	14	-0.0324	-0.0859	0.8704
295.00	14	-0.0288	-0.0854	0.7305
296.00	14	-0.0247	-0.0832	0.6144
297.00	14	-0.0122	-0.0803	0.4250
298.00	14	0.0077	-0.0788	0.2493
299.00	14	0.0331	-0.0799	0.1466
300.00	15	-1.2058	0.1449	0.8227
301.00	15	-1.0292	-0.0912	0.8102
302.00	15	-0.8563	-0.3208	0.8173
303.00	15	-0.6898	-0.4829	0.8191
304.00	15	-0.3890	-0.7958	0.8045
305.00	15	-0.1889	-0.9960	0.8147
306.00	15	0.0964	-1.0482	0.8298
307.00	15	0.0379	-0.7396	0.8316
308.00	15	0.0038	-0.5298	0.8152
309.00	15	0.0296	-0.3277	0.8093
310.00	15	-0.0514	-0.0652	0.8723
311.00	15	-0.0507	-0.0721	0.8799
312.00	15	-0.0466	-0.0772	0.8832
313.00	15	-0.0384	-0.0829	0.8891
314.00	15	-0.0327	-0.0859	0.8742
315.00	15	-0.0288	-0.0854	0.7305
316.00	15	-0.0228	-0.0825	0.5734
317.00	15	-0.0085	-0.0800	0.3878
318.00	15	0.0116	-0.0787	0.2224
319.00	15	0.0331	-0.0799	0.1466
320.00	16	-1.2058	0.1449	0.8227
321.00	16	-1.0305	-0.0910	0.8090
322.00	16	-0.8567	-0.3201	0.8177
323.00	16	-0.6901	-0.4827	0.8192
324.00	16	-0.3853	-0.7975	0.8053
325.00	16	-0.1880	-0.9963	0.8142
326.00	16	0.0964	-1.0482	0.8298
327.00	16	0.0317	-0.7347	0.8305
328.00	16	0.0043	-0.5292	0.8150
329.00	16	0.0302	-0.3276	0.8092
330.00	16	-0.0514	-0.0652	0.8723
331.00	16	-0.0513	-0.0709	0.8789
332.00	16	-0.0469	-0.0770	0.8830
333.00	16	-0.0382	-0.0830	0.8893
334.00	16	-0.0332	-0.0856	0.8795
335.00	16	-0.0288	-0.0854	0.7305
336.00	16	-0.0227	-0.0824	0.5693
337.00	16	-0.0055	-0.0799	0.3589
338.00	16	0.0145	-0.0787	0.2043
339.00	16	0.0331	-0.0799	0.1466
340.00	17	-1.2045	0.1427	0.8231
341.00	17	-1.0292	-0.0912	0.8102
342.00	17	-0.8567	-0.3202	0.8177
343.00	17	-0.6903	-0.4824	0.8192
344.00	17	-0.3896	-0.7955	0.8044
345.00	17	-0.1884	-0.9962	0.8143
346.00	17	0.0963	-1.0483	0.8297
347.00	17	0.0280	-0.7318	0.8299
348.00	17	0.0030	-0.5308	0.8155
349.00	17	0.0305	-0.3275	0.8093
350.00	17	-0.0515	-0.0662	0.8737
351.00	17	-0.0503	-0.0728	0.8805
352.00	17	-0.0474	-0.0764	0.8828
353.00	17	-0.0402	-0.0819	0.8878
354.00	17	-0.0324	-0.0859	0.8704
355.00	17	-0.0294	-0.0856	0.7527
356.00	17	-0.0220	-0.0822	0.5571
357.00	17	-0.0046	-0.0798	0.3506
358.00	17	0.0133	-0.0786	0.2115
359.00	17	0.0331	-0.0799	0.1466
360.00	18	-1.2045	0.1427	0.8231
361.00	18	-1.0299	-0.0910	0.8095
362.00	18	-0.8569	-0.3197	0.8178
363.00	18	-0.6895	-0.4832	0.8191
364.00	18	-0.3920	-0.7942	0.8040
365.00	18	-0.1889	-0.9960	0.8147
366.00	18	0.0966	-1.0478	0.8300
367.00	18	0.0265	-0.7307	0.8297
368.00	18	0.0058	-0.5273	0.8146
369.00	18	0.0296	-0.3277	0.8093
370.00	18	-0.0516	-0.0673	0.8751
371.00	18	-0.0507	-0.0722	0.8799
372.00	18	-0.0466	-0.0772	0.8832
373.00	18	-0.0391	-0.0825	0.8886
374.00	18	-0.0317	-0.0860	0.8559
375.00	18	-0.0297	-0.0857	0.7635
376.00	18	-0.0204	-0.0817	0.5283
377.00	18	-0.0046	-0.0798	0.3506
378.00	18	0.0184	-0.0786	0.1804
379.00	18	0.0331	-0.0799	0.1466
380.00	19	-1.2090	0.1505	0.8222
381.00	19	-1.0292	-0.0912	0.8102
382.00	19	-0.8569	-0.3194	0.8179
383.00	19	-0.6909	-0.4818	0.8192
384.00	19	-0.3902	-0.7952	0.8043
385.00	19	-0.1882	-0.9962	0.8142
386.00	19	0.0965	-1.0479	0.8300
387.00	19	0.0226	-0.7283	0.8291
388.00	19	0.0038	-0.5298	0.8152
389.00	19	0.0320	-0.3272	0.8092
390.00	19	-0.0515	-0.0667	0.8743
391.00	19	-0.0512	-0.0712	0.8791
392.00	19	-0.0475	-0.0762	0.8827
393.00	19	-0.0384	-0.0829	0.8891
394.00	19	-0.0324	-0.0859	0.8704
395.00	19	-0.0284	-0.0852	0.7153
396.00	19	-0.0234	-0.0827	0.5857
397.00	19	-0.0041	-0.0798	0.3465
398.00	19	0.0093	-0.0787	0.2377
399.00	19	0.0331	-0.0799	0.1466
400.00	20	-1.2090	0.1505	0.8222
401.00	20	-1.0300	-0.0910	0.8094
402.00	20	-0.8569	-0.3195	0.8178
403.00	20	-0.6905	-0.4822	0.8192
404.00	20	-0.3819	-0.7988	0.8065
405.00	20	-0.1891	-0.9960	0.8150
406.00	20	0.0970	-1.0474	0.8305
407.00	20	0.0325	-0.7353	0.8306
408.00	20	0.0046	-0.5289	0.8149
409.00	20	0.0310	-0.3275	0.8092
410.00	20	-0.0516	-0.0680	0.8758
411.00	20	-0.0505	-0.0725	0.8802
412.00	20	-0.0466	-0.0772	0.8832
413.00	20	-0.0365	-0.0841	0.8896
414.00	20	-0.0320	-0.0859	0.8645
415.00	20	-0.0297	-0.0857	0.7635
416.00	20	-0.0238	-0.0828	0.5939
417.00	20	-0.0109	-0.0803	0.4126
418.00	20	0.0197	-0.0786	0.1739
419.00	20	0.0331	-0.0799	0.1466
420.00	21	-1.2014	0.1373	0.8237
421.00	21	-1.0296	-0.0911	0.8097
422.00	21	-0.8568	-0.3200	0.8177
423.00	21	-0.6874	-0.4856	0.8190
424.00	21	-0.3867	-0.7969	0.8049
425.00	21	-0.1887	-0.9960	0.8146
426.00	21	0.0970	-1.0474	0.8305
427.00	21	0.0272	-0.7313	0.8298
428.00	21	0.0078	-0.5250	0.8143
429.00	21	0.0311	-0.3274	0.8092
430.00	21	-0.0515	-0.0667	0.8743
431.00	21	-0.0500	-0.0733	0.8809
432.00	21	-0.0454	-0.0782	0.8840
433.00	21	-0.0398	-0.0821	0.8881
434.00	21	-0.0314	-0.0860	0.8456
435.00	21	-0.0277	-0.0848	0.6917
436.00	21	-0.0218	-0.0821	0.5530
437.00	21	-0.0051	-0.0799	0.3548
438.00	21	0.0190	-0.0786	0.1771
439.00	21	0.0331	-0.0799	0.1466
440.00	22	-1.2082	0.1489	0.8225
441.00	22	-1.0286	-0.0912	0.8111
442.00	22	-0.8567	-0.3202	0.8177
443.00	22	-0.6907	-0.4819	0.8192
444.00	22	-0.3815	-0.7989	0.8066
445.00	22	-0.1889	-0.9960	0.8147
446.00	22	0.0964	-1.0482	0.8298
447.00	22	0.0287	-0.7324	0.8300
448.00	22	0.0069	-0.5260	0.8145
449.00	22	0.0321	-0.3271	0.8092
450.00	22	-0.0515	-0.0667	0.8743
451.00	22	-0.0505	-0.0726	0.8803
452.00	22	-0.0458	-0.0778	0.8836
453.00	22	-0.0374	-0.0836	0.8896
454.00	22	-0.0325	-0.0859	0.8729
455.00	22	-0.0295	-0.0856	0.7564
456.00	22	-0.0202	-0.0816	0.5242
457.00	22	-0.0033	-0.0797	0.3383
458.00	22	0.0197	-0.0786	0.1739
459.00	22	0.0331	-0.0799	0.1466
460.00	23	-1.2082	0.1489	0.8225
461.00	23	-1.0286	-0.0912	0.8111
462.00	23	-0.8567	-0.3202	0.8177
463.00	23	-0.6884	-0.4844	0.8191
464.00	23	-0.3862	-0.7971	0.8051
465.00	23	-0.1889	-0.9960	0.8147
466.00	23	0.0970	-1.0473	0.8307
467.00	23	0.0234	-0.7287	0.8292
468.00	23	0.0048	-0.5286	0.8148
469.00	23	0.0305	-0.3275	0.8093
470.00	23	-0.0516	-0.0676	0.8754
471.00	23	-0.0502	-0.0730	0.8806
472.00	23	-0.0462	-0.0776	0.8834
473.00	23	-0.0365	-0.0841	0.8896
474.00	23	-0.0313	-0.0860	0.8411
475.00	23	-0.0288	-0.0854	0.7305
476.00	23	-0.0211	-0.0819	0.5406
477.00	23	-0.0051	-0.0799	0.3548
478.00	23	0.0221	-0.0787	0.1615
479.00	23	0.0331	-0.0799	0.1466
480.00	24	-1.2050	0.1434	0.8230
481.00	24	-1.0288	-0.0912	0.8106
482.00	24	-0.8569	-0.3195	0.8178
483.00	24	-0.6898	-0.4829	0.8191
484.00	24	-0.3831	-0.7984	0.8060
485.00	24	-0.1885	-0.9961	0.8144
486.00	24	0.0969	-1.0475	0.8304
487.00	24	0.0250	-0.7297	0.8294
488.00	24	0.0061	-0.5270	0.8146
489.00	24	0.0312	-0.3274	0.8093
490.00	24	-0.0516	-0.0683	0.8761
491.00	24	-0.0505	-0.0725	0.8802
492.00	24	-0.0460	-0.0777	0.8835
493.00	24	-0.0386	-0.0828	0.8890
494.00	24	-0.0320	-0.0859	0.8645
495.00	24	-0.0286	-0.0853	0.7229
496.00	24	-0.0204	-0.0817	0.5283
497.00	24	-0.0077	-0.0800	0.3795
498.00	24	0.0178	-0.0786	0.1837
499.00	24	0.0331	-0.0799	0.1466
500.00	25	-1.2041	0.1419	0.8231
501.00	25	-1.0285	-0.0911	0.8114
502.00	25	-0.8569	-0.3193	0.8179
503.00	25	-0.6890	-0.4838	0.8191
504.00	25	-0.3839	-0.7980	0.8057
505.00	25	-0.1870	-0.9969	0.8138
506.00	25	0.0969	-1.0475	0.8304
507.00	25	0.0204	-0.7270	0.8288
508.00	25	0.0066	-0.5263	0.8145
509.00	25	0.0315	-0.3273	0.8093
510.00	25	-0.0516	-0.0673	0.8751
511.00	25	-0.0507	-0.0721	0.8799
512.00	25	-0.0457	-0.0780	0.8837
513.00	25	-0.0378	-0.0833	0.8895
514.00	25	-0.0323	-0.0859	0.8690
515.00	25	-0.0288	-0.0854	0.7305
516.00	25	-0.0190	-0.0814	0.5076
517.00	25	-0.0004	-0.0796	0.3137
518.00	25	0.0178	-0.0786	0.1837
519.00	25	0.0331	-0.0799	0.1466
520.00	26	-1.2045	0.1427	0.8231
521.00	26	-1.0288	-0.0912	0.8106
522.00	26	-0.8569	-0.3197	0.8178
523.00	26	-0.6905	-0.4822	0.8192
524.00	26	-0.3848	-0.7977	0.8055
525.00	26	-0.1881	-0.9962	0.8142
526.00	26	0.0970	-1.0473	0.8307
527.00	26	0.0234	-0.7287	0.8292
528.00	26	0.0075	-0.5253	0.8144
529.00	26	0.0323	-0.3269	0.8092
530.00	26	-0.0516	-0.0686	0.8765
531.00	26	-0.0501	-0.0731	0.8807
532.00	26	-0.0440	-0.0791	0.8850
533.00	26	-0.0361	-0.0843	0.8894
534.00	26	-0.0322	-0.0859	0.8676
535.00	26	-0.0281	-0.0850	0.7036
536.00	26	-0.0204	-0.0817	0.5283
537.00	26	-0.0037	-0.0798	0.3424
538.00	26	0.0139	-0.0787	0.2079
539.00	26	0.0331	-0.0799	0.1466
540.00	27	-1.2058	0.1449	0.8227
541.00	27	-1.0287	-0.0912	0.8109
542.00	27	-0.8569	-0.3191	0.8179
543.00	27	-0.6860	-0.4874	0.8190
544.00	27	-0.3811	-0.7991	0.8068
545.00	27	-0.1869	-0.9970	0.8137
546.00	27	0.0969	-1.0464	0.8313
547.00	27	0.0219	-0.7278	0.8290
548.00	27	0.0081	-0.5246	0.8143
549.00	27	0.0321	-0.3271	0.8092
550.00	27	-0.0516	-0.0685	0.8764
551.00	27	-0.0495	-0.0740	0.8813
552.00	27	-0.0451	-0.0784	0.8842
553.00	27	-0.0378	-0.0833	0.8895
554.00	27	-0.0319	-0.0859	0.8612
555.00	27	-0.0281	-0.0850	0.7036
556.00	27	-0.0216	-0.0820	0.5489
557.00	27	-0.0060	-0.0799	0.3630
558.00	27	0.0162	-0.0786	0.1938
559.00	27	0.0331	-0.0799	0.1466
560.00	28	-1.2050	0.1434	0.8230
561.00	28	-1.0291	-0.0912	0.8103
562.00	28	-0.8569	-0.3192	0.8179
563.00	28	-0.6856	-0.4879	0.8190
564.00	28	-0.3807	-0.7992	0.8069
565.00	28	-0.1868	-0.9971	0.8137
566.00	28	0.0970	-1.0474	0.8305
567.00	28	0.0150	-0.7244	0.8282
568.00	28	0.0078	-0.5250	0.8143
569.00	28	0.0309	-0.3275	0.8092
570.00	28	-0.0515	-0.0669	0.8747
571.00	28	-0.0502	-0.0730	0.8806
572.00	28	-0.0458	-0.0778	0.8836
573.00	28	-0.0376	-0.0834	0.8895
574.00	28	-0.0319	-0.0859	0.8628
575.00	28	-0.0276	-0.0846	0.6878
576.00	28	-0.0214	-0.0820	0.5447
577.00	28	-0.0009	-0.0796	0.3178
578.00	28	0.0173	-0.0786	0.1870
579.00	28	0.0331	-0.0799	0.1466
580.00	29	-1.2005	0.1359	0.8239
581.00	29	-1.0286	-0.0912	0.8110
582.00	29	-0.8567	-0.3201	0.8177
583.00	29	-0.6863	-0.4870	0.8190
584.00	29	-0.3848	-0.7977	0.8055
585.00	29	-0.1886	-0.9961	0.8145
586.00	29	0.0969	-1.0465	0.8312
587.00	29	0.0188	-0.7262	0.8286
588.00	29	0.0078	-0.5250	0.8143
589.00	29	0.0327	-0.3268	0.8091
590.00	29	-0.0516	-0.0680	0.8758
591.00	29	-0.0504	-0.0727	0.8804
592.00	29	-0.0431	-0.0797	0.8856
593.00	29	-0.0359	-0.0844	0.8893
594.00	29	-0.0311	-0.0860	0.8313
595.00	29	-0.0278	-0.0849	0.6957
596.00	29	-0.0214	-0.0820	0.5447
597.00	29	-0.0046	-0.0798	0.3506
598.00	29	0.0239	-0.0787	0.1529
599.00	29	0.0331	-0.0799	0.1466
600.00	30	-1.2045	0.1427	0.8231
601.00	30	-1.0290	-0.0912	0.8104
602.00	30	-0.8568	-0.3200	0.8177
603.00	30	-0.6843	-0.4896	0.8190
604.00	30	-0.3835	-0.7982	0.8058
605.00	30	-0.1882	-0.9962	0.8142
606.00	30	0.0967	-1.0477	0.8302
607.00	30	0.0219	-0.7278	0.8290
608.00	30	0.0092	-0.5233	0.8143
609.00	30	0.0321	-0.3271	0.8092
610.00	30	-0.0516	-0.0684	0.8763
611.00	30	-0.0499	-0.0735	0.8811
612.00	30	-0.0445	-0.0788	0.8845
613.00	30	-0.0349	-0.0849	0.8878
614.00	30	-0.0316	-0.0860	0.8519
615.00	30	-0.0287	-0.0854	0.7267
616.00	30	-0.0211	-0.0819	0.5406
617.00	30	-0.0024	-0.0796	0.3302
618.00	30	0.0233	-0.0787	0.1557
619.00	30	0.0331	-0.0799	0.1466
620.00	31	-1.1981	0.1324	0.8246
621.00	31	-1.0289	-0.0912	0.8104
622.00	31	-0.8569	-0.3197	0.8178
623.00	31	-0.6860	-0.4874	0.8190
624.00	31	-0.3848	-0.7977	0.8055
625.00	31	-0.1879	-0.9963	0.8141
626.00	31	0.0967	-1.0476	0.8302
627.00	31	0.0204	-0.7270	0.8288
628.00	31	0.0069	-0.5260	0.8145
629.00	31	0.0321	-0.3270	0.8092
630.00	31	-0.0516	-0.0692	0.8772
631.00	31	-0.0490	-0.0746	0.8817
632.00	31	-0.0457	-0.0780	0.8837
633.00	31	-0.0358	-0.0845	0.8891
634.00	31	-0.0310	-0.0860	0.8261
635.00	31	-0.0272	-0.0844	0.6757
636.00	31	-0.0202	-0.0816	0.5242
637.00	31	-0.0014	-0.0796	0.3219
638.00	31	0.0215	-0.0787	0.1645
639.00	31	0.0331	-0.0799	0.1466
640.00	32	-1.1967	0.1303	0.8251
641.00	32	-1.0287	-0.0912	0.8108
642.00	32	-0.8569	-0.3190	0.8179
643.00	32	-0.6871	-0.4860	0.8189
644.00	32	-0.3799	-0.7995	0.8073
645.00	32	-0.1877	-0.9965	0.8140
646.00	32	0.0968	-1.0462	0.8313
647.00	32	0.0219	-0.7278	0.8290
648.00	32	0.0078	-0.5250	0.8143
649.00	32	0.0328	-0.3266	0.8091
650.00	32	-0.0516	-0.0678	0.8755
651.00	32	-0.0505	-0.0725	0.8802
652.00	32	-0.0458	-0.0778	0.8836
653.00	32	-0.0361	-0.0843	0.8894
654.00	32	-0.0317	-0.0860	0.8559
655.00	32	-0.0277	-0.0848	0.6917
656.00	32	-0.0207	-0.0818	0.5324
657.00	32	-0.0009	-0.0796	0.3178
658.00	32	0.0269	-0.0787	0.1480
659.00	32	0.0331	-0.0799	0.1466
660.00	33	-1.1986	0.1330	0.8244
661.00	33	-1.0284	-0.0911	0.8116
662.00	33	-0.8569	-0.3186	0.8180
663.00	33	-0.6819	-0.4925	0.8192
664.00	33	-0.3839	-0.7980	0.8057
665.00	33	-0.1878	-0.9964	0.8141
666.00	33	0.0970	-1.0467	0.8311
667.00	33	0.0257	-0.7302	0.8296
668.00	33	0.0122	-0.5198	0.8144
669.00	33	0.0320	-0.3272	0.8092
670.00	33	-0.0516	-0.0692	0.8772
671.00	33	-0.0502	-0.0730	0.8806
672.00	33	-0.0438	-0.0792	0.8851
673.00	33	-0.0348	-0.0850	0.8874
674.00	33	-0.0306	-0.0859	0.8091
675.00	33	-0.0264	-0.0840	0.6554
676.00	33	-0.0193	-0.0815	0.5118
677.00	33	-0.0033	-0.0797	0.3383
678.00	33	0.0233	-0.0787	0.1557
679.00	33	0.0331	-0.0799	0.1466
680.00	34	-1.2014	0.1373	0.8237
681.00	34	-1.0286	-0.0912	0.8110
682.00	34	-0.8569	-0.3196	0.8178
683.00	34	-0.6814	-0.4932	0.8192
684.00	34	-0.3831	-0.7984	0.8060
685.00	34	-0.1874	-0.9966	0.8139
686.00	34	0.0967	-1.0459	0.8314
687.00	34	0.0124	-0.7233	0.8280
688.00	34	0.0098	-0.5226	0.8143
689.00	34	0.0328	-0.3267	0.8091
690.00	34	-0.0515	-0.0699	0.8780
691.00	34	-0.0496	-0.0739	0.8813
692.00	34	-0.0445	-0.0788	0.8845
693.00	34	-0.0341	-0.0852	0.8850
694.00	34	-0.0308	-0.0859	0.8179
695.00	34	-0.0282	-0.0851	0.7075
696.00	34	-0.0202	-0.0816	0.5242
697.00	34	-0.0033	-0.0797	0.3383
698.00	34	0.0239	-0.0787	0.1529
699.00	34	0.0331	-0.0799	0.1466
700.00	35	-1.1990	0.1337	0.8242
701.00	35	-1.0284	-0.0911	0.8116
702.00	35	-0.8569	-0.3183	0.8179
703.00	35	-0.6833	-0.4907	0.8191
704.00	35	-0.3815	-0.7989	0.8066
705.00	35	-0.1872	-0.9967	0.8138
706.00	35	0.0960	-1.0447	0.8318
707.00	35	0.0173	-0.7255	0.8285
708.00	35	0.0075	-0.5253	0.8144
709.00	35	0.0331	-0.3264	0.8090
710.00	35	-0.0516	-0.0678	0.8755
711.00	35	-0.0487	-0.0749	0.8819
712.00	35	-0.0438	-0.0792	0.8851
713.00	35	-0.0359	-0.0844	0.8893
714.00	35	-0.0312	-0.0860	0.8363
715.00	35	-0.0283	-0.0851	0.7114
716.00	35	-0.0176	-0.0811	0.4871
717.00	35	0.0045	-0.0791	0.2733
718.00	35	0.0184	-0.0786	0.1804
719.00	35	0.0331	-0.0799	0.1466
720.00	36	-1.2022	0.1388	0.8233
721.00	36	-1.0285	-0.0911	0.8115
722.00	36	-0.8569	-0.3191	0.8179
723.00	36	-0.6843	-0.4896	0.8190
724.00	36	-0.3827	-0.7985	0.8061
725.00	36	-0.1867	-0.9972	0.8137
726.00	36	0.0970	-1.0470	0.8309
727.00	36	0.0204	-0.7270	0.8288
728.00	36	0.0122	-0.5198	0.8144
729.00	36	0.0317	-0.3272	0.8092
730.00	36	-0.0515	-0.0696	0.8776
731.00	36	-0.0498	-0.0736	0.8811
732.00	36	-0.0453	-0.0783	0.8841
733.00	36	-0.0358	-0.0845	0.8891
734.00	36	-0.0307	-0.0859	0.8150
735.00	36	-0.0254	-0.0835	0.6308
736.00	36	-0.0169	-0.0811	0.4788
737.00	36	-0.0033	-0.0797	0.3383
738.00	36	0.0239	-0.0787	0.1529
739.00	36	0.0331	-0.0799	0.1466
740.00	37	-1.1956	0.1290	0.8253
741.00	37	-1.0285	-0.0911	0.8114
742.00	37	-0.8569	-0.3191	0.8179
743.00	37	-0.6808	-0.4938	0.8192
744.00	37	-0.3811	-0.7991	0.8068
745.00	37	-0.1856	-0.9981	0.8135
746.00	37	0.0955	-1.0439	0.8320
747.00	37	0.0094	-0.7222	0.8276
748.00	37	0.0120	-0.5202	0.8144
749.00	37	0.0332	-0.3262	0.8090
750.00	37	-0.0515	-0.0694	0.8774
751.00	37	-0.0500	-0.0733	0.8809
752.00	37	-0.0449	-0.0785	0.8843
753.00	37	-0.0348	-0.0850	0.8874
754.00	37	-0.0305	-0.0859	0.8061
755.00	37	-0.0281	-0.0850	0.7036
756.00	37	-0.0141	-0.0806	0.4456
757.00	37	-0.0014	-0.0796	0.3219
758.00	37	0.0233	-0.0787	0.1557
759.00	37	0.0331	-0.0799	0.1466
760.00	38	-1.1967	0.1303	0.8251
761.00	38	-1.0284	-0.0909	0.8120
762.00	38	-0.8568	-0.3180	0.8179
763.00	38	-0.6874	-0.4856	0.8190
764.00	38	-0.3773	-0.8000	0.8091
765.00	38	-0.1875	-0.9965	0.8139
766.00	38	0.0970	-1.0474	0.8306
767.00	38	0.0158	-0.7248	0.8283
768.00	38	0.0125	-0.5194	0.8145
769.00	38	0.0322	-0.3270	0.8092
770.00	38	-0.0516	-0.0692	0.8772
771.00	38	-0.0498	-0.0736	0.8811
772.00	38	-0.0425	-0.0801	0.8861
773.00	38	-0.0348	-0.0850	0.8874
774.00	38	-0.0310	-0.0860	0.8287
775.00	38	-0.0277	-0.0848	0.6917
776.00	38	-0.0156	-0.0808	0.4622
777.00	38	-0.0033	-0.0797	0.3383
778.00	38	0.0287	-0.0776	0.1541
779.00	38	0.0331	-0.0799	0.1466
780.00	39	-1.1946	0.1277	0.8256
781.00	39	-1.0285	-0.0911	0.8114
782.00	39	-0.8569	-0.3193	0.8179
783.00	39	-0.6824	-0.4919	0.8191
784.00	39	-0.3803	-0.7994	0.8071
785.00	39	-0.1855	-0.9982	0.8135
786.00	39	0.0970	-1.0473	0.8307
787.00	39	0.0088	-0.7219	0.8276
788.00	39	0.0092	-0.5233	0.8143
789.00	39	0.0329	-0.3265	0.8091
790.00	39	-0.0515	-0.0690	0.8769
791.00	39	-0.0496	-0.0739	0.8813
792.00	39	-0.0427	-0.0800	0.8859
793.00	39	-0.0361	-0.0843	0.8894
794.00	39	-0.0302	-0.0858	0.7905
795.00	39	-0.0273	-0.0845	0.6797
796.00	39	-0.0193	-0.0815	0.5118
797.00	39	0.0019	-0.0793	0.2934
798.00	39	0.0282	-0.0782	0.1528
799.00	39	0.0331	-0.0799	0.1466
800.00	40	-1.1946	0.1277	0.8256
801.00	40	-1.0285	-0.0912	0.8112
802.00	40	-0.8569	-0.3186	0.8180
803.00	40	-0.6787	-0.4965	0.8193
804.00	40	-0.3783	-0.7999	0.8082
805.00	40	-0.1873	-0.9966	0.8139
806.00	40	0.0968	-1.0462	0.8313
807.00	40	0.0196	-0.7266	0.8287
808.00	40	0.0125	-0.5194	0.8145
809.00	40	0.0321	-0.3270	0.8092
810.00	40	-0.0516	-0.0686	0.8765
811.00	40	-0.0489	-0.0747	0.8818
812.00	40	-0.0438	-0.0792	0.8851
813.00	40	-0.0333	-0.0856	0.8805
814.00	40	-0.0304	-0.0858	0.8000
815.00	40	-0.0261	-0.0838	0.6473
816.00	40	-0.0130	-0.0804	0.4333
817.00	40	0.0060	-0.0790	0.2612
818.00	40	0.0273	-0.0787	0.1491
819.00	40	0.0331	-0.0799	0.1466
820.00	41	-1.1936	0.1266	0.8261
821.00	41	-1.0284	-0.0908	0.8123
822.00	41	-0.8568	-0.3179	0.8179
823.00	41	-0.6808	-0.4938	0.8192
824.00	41	-0.3771	-0.8000	0.8093
825.00	41	-0.1849	-0.9988	0.8136
826.00	41	0.0969	-1.0465	0.8312
827.00	41	0.0118	-0.7230	0.8279
828.00	41	0.0128	-0.5191	0.8146
829.00	41	0.0328	-0.3266	0.8091
830.00	41	-0.0516	-0.0686	0.8765
831.00	41	-0.0486	-0.0751	0.8820
832.00	41	-0.0419	-0.0805	0.8865
833.00	41	-0.0335	-0.0855	0.8813
834.00	41	-0.0310	-0.0860	0.8261
835.00	41	-0.0251	-0.0833	0.6226
836.00	41	-0.0149	-0.0807	0.4539
837.00	41	-0.0018	-0.0796	0.3260
838.00	41	0.0273	-0.0787	0.1491
839.00	41	0.0331	-0.0799	0.1466
840.00	42	-1.2005	0.1359	0.8239
841.00	42	-1.0284	-0.0908	0.8123
842.00	42	-0.8569	-0.3184	0.8179
843.00	42	-0.6819	-0.4925	0.8192
844.00	42	-0.3775	-0.8000	0.8088
845.00	42	-0.1858	-0.9980	0.8136
846.00	42	0.0962	-1.0450	0.8317
847.00	42	0.0173	-0.7255	0.8285
848.00	42	0.0120	-0.5202	0.8144
849.00	42	0.0330	-0.3265	0.8091
850.00	42	-0.0514	-0.0703	0.8783
851.00	42	-0.0488	-0.0748	0.8818
852.00	42	-0.0431	-0.0797	0.8856
853.00	42	-0.0356	-0.0846	0.8889
854.00	42	-0.0306	-0.0859	0.8091
855.00	42	-0.0269	-0.0843	0.6676
856.00	42	-0.0162	-0.0810	0.4705
857.00	42	0.0071	-0.0789	0.2533
858.00	42	0.0273	-0.0787	0.1491
859.00	42	0.0331	-0.0799	0.1466
860.00	43	-1.1967	0.1303	0.8251
861.00	43	-1.0285	-0.0907	0.8124
862.00	43	-0.8566	-0.3175	0.8177
863.00	43	-0.6775	-0.4979	0.8193
864.00	43	-0.3767	-0.8000	0.8097
865.00	43	-0.1851	-0.9986	0.8136
866.00	43	0.0965	-1.0457	0.8315
867.00	43	0.0173	-0.7255	0.8285
868.00	43	0.0110	-0.5211	0.8144
869.00	43	0.0332	-0.3262	0.8090
870.00	43	-0.0515	-0.0699	0.8780
871.00	43	-0.0482	-0.0755	0.8823
872.00	43	-0.0413	-0.0809	0.8869
873.00	43	-0.0340	-0.0853	0.8843
874.00	43	-0.0310	-0.0860	0.8261
875.00	43	-0.0270	-0.0844	0.6717
876.00	43	-0.0182	-0.0812	0.4953
877.00	43	0.0040	-0.0792	0.2772
878.00	43	0.0294	-0.0766	0.1517
879.00	43	0.0331	-0.0799	0.1466
880.00	44	-1.1956	0.1290	0.8253
881.00	44	-1.0285	-0.0907	0.8124
882.00	44	-0.8569	-0.3186	0.8180
883.00	44	-0.6838	-0.4901	0.8190
884.00	44	-0.3787	-0.7998	0.8081
885.00	44	-0.1851	-0.9986	0.8136
886.00	44	0.0967	-1.0459	0.8314
887.00	44	0.0143	-0.7241	0.8282
888.00	44	0.0122	-0.5198	0.8144
889.00	44	0.0333	-0.3261	0.8090
890.00	44	-0.0515	-0.0702	0.8782
891.00	44	-0.0491	-0.0745	0.8817
892.00	44	-0.0406	-0.0816	0.8875
893.00	44	-0.0349	-0.0849	0.8878
894.00	44	-0.0309	-0.0860	0.8234
895.00	44	-0.0270	-0.0844	0.6717
896.00	44	-0.0162	-0.0810	0.4705
897.00	44	0.0093	-0.0787	0.2377
898.00	44	0.0295	-0.0763	0.1502
899.00	44	0.0331	-0.0799	0.1466
900.00	45	-1.1956	0.1290	0.8253
901.00	45	-1.0284	-0.0911	0.8115
902.00	45	-0.8569	-0.3185	0.8180
903.00	45	-0.6843	-0.4896	0.8190
904.00	45	-0.3790	-0.7997	0.8078
905.00	45	-0.1849	-0.9988	0.8136
906.00	45	0.0935	-1.0407	0.8324
907.00	45	0.0143	-0.7241	0.8282
908.00	45	0.0110	-0.5211	0.8144
909.00	45	0.0336	-0.3258	0.8089
910.00	45	-0.0514	-0.0705	0.8785
911.00	45	-0.0493	-0.0743	0.8815
912.00	45	-0.0408	-0.0814	0.8874
913.00	45	-0.0336	-0.0855	0.8821
914.00	45	-0.0303	-0.0859	0.7937
915.00	45	-0.0261	-0.0838	0.6473
916.00	45	-0.0126	-0.0803	0.4291
917.00	45	0.0087	-0.0787	0.2416
918.00	45	0.0273	-0.0787	0.1491
919.00	45	0.0331	-0.0799	0.1466
920.00	46	-1.1946	0.1277	0.8256
921.00	46	-1.0284	-0.0909	0.8121
922.00	46	-0.8569	-0.3186	0.8180
923.00	46	-0.6746	-0.5016	0.8195
924.00	46	-0.3790	-0.7997	0.8078
925.00	46	-0.1862	-0.9975	0.8136
926.00	46	0.0959	-1.0445	0.8319
927.00	46	0.0061	-0.7208	0.8272
928.00	46	0.0120	-0.5202	0.8144
929.00	46	0.0335	-0.3260	0.8089
930.00	46	-0.0515	-0.0701	0.8781
931.00	46	-0.0481	-0.0757	0.8823
932.00	46	-0.0425	-0.0801	0.8861
933.00	46	-0.0340	-0.0853	0.8843
934.00	46	-0.0309	-0.0860	0.8234
935.00	46	-0.0259	-0.0837	0.6431
936.00	46	-0.0166	-0.0810	0.4746
937.00	46	0.0082	-0.0788	0.2454
938.00	46	0.0280	-0.0784	0.1520
939.00	46	0.0331	-0.0799	0.1466
940.00	47	-1.1967	0.1303	0.8251
941.00	47	-1.0284	-0.0911	0.8115
942.00	47	-0.8568	-0.3178	0.8178
943.00	47	-0.6814	-0.4932	0.8192
944.00	47	-0.3780	-0.7999	0.8084
945.00	47	-0.1863	-0.9974	0.8136
946.00	47	0.0964	-1.0455	0.8316
947.00	47	0.0066	-0.7210	0.8273
948.00	47	0.0169	-0.5149	0.8155
949.00	47	0.0335	-0.3259	0.8089
950.00	47	-0.0515	-0.0702	0.8782
951.00	47	-0.0482	-0.0755	0.8823
952.00	47	-0.0413	-0.0809	0.8869
953.00	47	-0.0337	-0.0854	0.8829
954.00	47	-0.0308	-0.0859	0.8179
955.00	47	-0.0254	-0.0835	0.6308
956.00	47	-0.0102	-0.0802	0.4043
957.00	47	0.0025	-0.0793	0.2894
958.00	47	0.0288	-0.0774	0.1540
959.00	47	0.0331	-0.0799	0.1466
960.00	48	-1.1903	0.1224	0.8273
961.00	48	-1.0284	-0.0910	0.8120
962.00	48	-0.8566	-0.3173	0.8176
963.00	48	-0.6764	-0.4994	0.8194
964.00	48	-0.3760	-0.7999	0.8107
965.00	48	-0.1846	-0.9991	0.8136
966.00	48	0.0941	-1.0415	0.8323
967.00	48	0.0039	-0.7200	0.8269
968.00	48	0.0150	-0.5168	0.8150
969.00	48	0.0333	-0.3261	0.8090
970.00	48	-0.0511	-0.0713	0.8792
971.00	48	-0.0478	-0.0759	0.8825
972.00	48	-0.0398	-0.0821	0.8881
973.00	48	-0.0341	-0.0852	0.8850
974.00	48	-0.0306	-0.0859	0.8091
975.00	48	-0.0252	-0.0834	0.6267
976.00	48	-0.0153	-0.0808	0.4581
977.00	48	0.0082	-0.0788	0.2454
978.00	48	0.0265	-0.0786	0.1470
979.00	48	0.0331	-0.0799	0.1466
980.00	49	-1.1898	0.1218	0.8275
981.00	49	-1.0286	-0.0906	0.8125
982.00	49	-0.8567	-0.3176	0.8177
983.00	49	-0.6808	-0.4938	0.8192
984.00	49	-0.3769	-0.8000	0.8095
985.00	49	-0.1851	-0.9986	0.8136
986.00	49	0.0941	-1.0415	0.8323
987.00	49	0.0044	-0.7202	0.8270
988.00	49	0.0117	-0.5205	0.8144
989.00	49	0.0334	-0.3261	0.8089
990.00	49	-0.0515	-0.0696	0.8776
991.00	49	-0.0491	-0.0745	0.8817
992.00	49	-0.0429	-0.0798	0.8858
993.00	49	-0.0346	-0.0851	0.8870
994.00	49	-0.0300	-0.0858	0.7773
995.00	49	-0.0254	-0.0835	0.6308
996.00	49	-0.0122	-0.0803	0.4250
997.00	49	0.0121	-0.0787	0.2188
998.00	49	0.0287	-0.0776	0.1541
999.00	49	0.0331	-0.0799	0.1466
1000.00	50	-1.1936	0.1266	0.8261
1001.00	50	-1.0284	-0.0909	0.8121
1002.00	50	-0.8569	-0.3183	0.8179
1003.00	50	-0.6758	-0.5001	0.8194
1004.00	50	-0.3766	-0.8000	0.8099
1005.00	50	-0.1843	-0.9994	0.8137
1006.00	50	0.0959	-1.0445	0.8319
1007.00	50	0.0050	-0.7204	0.8271
1008.00	50	0.0135	-0.5184	0.8147
1009.00	50	0.0336	-0.3258	0.8089
1010.00	50	-0.0512	-0.0712	0.8791
1011.00	50	-0.0487	-0.0749	0.8819
1012.00	50	-0.0425	-0.0801	0.8861
1013.00	50	-0.0345	-0.0851	0.8865
1014.00	50	-0.0301	-0.0859	0.7872
1015.00	50	-0.0234	-0.0827	0.5857
1016.00	50	-0.0162	-0.0810	0.4705
1017.00	50	0.0055	-0.0790	0.2652
1018.00	50	0.0332	-0.0800	0.1465
1019.00	50	0.0331	-0.0799	0.1466
1020.00	51	-1.1870	0.1184	0.8283
1021.00	51	-1.0286	-0.0905	0.8126
1022.00	51	-0.8566	-0.3175	0.8177
1023.00	51	-0.6814	-0.4932	0.8192
1024.00	51	-0.3764	-0.8000	0.8101
1025.00	51	-0.1841	-0.9995	0.8137
1026.00	51	0.0932	-1.0402	0.8324
1027.00	51	0.0106	-0.7226	0.8277
1028.00	51	0.0125	-0.5194	0.8145
1029.00	51	0.0334	-0.3261	0.8089
1030.00	51	-0.0513	-0.0707	0.8787
1031.00	51	-0.0478	-0.0759	0.8825
1032.00	51	-0.0389	-0.0826	0.8887
1033.00	51	-0.0323	-0.0859	0.8690
1034.00	51	-0.0298	-0.0857	0.7705
1035.00	51	-0.0261	-0.0838	0.6473
1036.00	51	-0.0130	-0.0804	0.4333
1037.00	51	0.0110	-0.0787	0.2262
1038.00	51	0.0290	-0.0771	0.1536
1039.00	51	0.0331	-0.0799	0.1466
1040.00	52	-1.1879	0.1195	0.8280
1041.00	52	-1.0284	-0.0909	0.8121
1042.00	52	-0.8565	-0.3168	0.8173
1043.00	52	-0.6781	-0.4972	0.8193
1044.00	52	-0.3761	-0.7999	0.8105
1045.00	52	-0.1831	-1.0005	0.8139
1046.00	52	0.0932	-1.0402	0.8324
1047.00	52	0.0083	-0.7217	0.8275
1048.00	52	0.0135	-0.5184	0.8147
1049.00	52	0.0338	-0.3255	0.8087
1050.00	52	-0.0510	-0.0716	0.8795
1051.00	52	-0.0479	-0.0758	0.8824
1052.00	52	-0.0398	-0.0821	0.8881
1053.00	52	-0.0331	-0.0857	0.8786
1054.00	52	-0.0298	-0.0857	0.7705
1055.00	52	-0.0243	-0.0831	0.6062
1056.00	52	-0.0126	-0.0803	0.4291
1057.00	52	0.0040	-0.0792	0.2772
1058.00	52	0.0307	-0.0786	0.1463
1059.00	52	0.0331	-0.0799	0.1466
1060.00	53	-1.1927	0.1253	0.8264
1061.00	53	-1.0288	-0.0903	0.8127
1062.00	53	-0.8565	-0.3168	0.8173
1063.00	53	-0.6775	-0.4979	0.8193
1064.00	53	-0.3754	-0.7996	0.8119
1065.00	53	-0.1847	-0.9989	0.8136
1066.00	53	0.0952	-1.0433	0.8321
1067.00	53	0.0034	-0.7198	0.8268
1068.00	53	0.0150	-0.5168	0.8150
1069.00	53	0.0333	-0.3262	0.8090
1070.00	53	-0.0511	-0.0713	0.8792
1071.00	53	-0.0466	-0.0772	0.8832
1072.00	53	-0.0419	-0.0805	0.8865
1073.00	53	-0.0330	-0.0857	0.8776
1074.00	53	-0.0299	-0.0857	0.7739
1075.00	53	-0.0254	-0.0835	0.6308
1076.00	53	-0.0138	-0.0805	0.4415
1077.00	53	0.0050	-0.0791	0.2692
1078.00	53	0.0331	-0.0799	0.1466
1079.00	53	0.0331	-0.0799	0.1466
1080.00	54	-1.1893	0.1212	0.8276
1081.00	54	-1.0288	-0.0902	0.8127
1082.00	54	-0.8566	-0.3173	0.8176
1083.00	54	-0.6770	-0.4987	0.8193
1084.00	54	-0.3755	-0.7997	0.8116
1085.00	54	-0.1856	-0.9981	0.8135
1086.00	54	0.0950	-1.0430	0.8321
1087.00	54	0.0078	-0.7215	0.8274
1088.00	54	0.0182	-0.5137	0.8160
1089.00	54	0.0333	-0.3262	0.8090
1090.00	54	-0.0514	-0.0704	0.8784
1091.00	54	-0.0474	-0.0764	0.8828
1092.00	54	-0.0396	-0.0823	0.8883
1093.00	54	-0.0340	-0.0853	0.8843
1094.00	54	-0.0295	-0.0856	0.7564
1095.00	54	-0.0234	-0.0827	0.5857
1096.00	54	-0.0109	-0.0803	0.4126
1097.00	54	0.0104	-0.0787	0.2300
1098.00	54	0.0288	-0.0774	0.1540
1099.00	54	0.0331	-0.0799	0.1466
1100.00	55	-1.1851	0.1163	0.8289
1101.00	55	-1.0286	-0.0905	0.8126
1102.00	55	-0.8566	-0.3175	0.8177
1103.00	55	-0.6734	-0.5032	0.8195
1104.00	55	-0.3755	-0.7997	0.8116
1105.00	55	-0.1844	-0.9993	0.8136
1106.00	55	0.0952	-1.0433	0.8321
1107.00	55	0.0029	-0.7197	0.8267
1108.00	55	0.0138	-0.5181	0.8147
1109.00	55	0.0339	-0.3254	0.8087
1110.00	55	-0.0513	-0.0708	0.8788
1111.00	55	-0.0475	-0.0762	0.8827
1112.00	55	-0.0389	-0.0826	0.8887
1113.00	55	-0.0320	-0.0859	0.8645
1114.00	55	-0.0302	-0.0858	0.7905
1115.00	55	-0.0233	-0.0826	0.5817
1116.00	55	-0.0118	-0.0803	0.4208
1117.00	55	0.0145	-0.0787	0.2043
1118.00	55	0.0330	-0.0798	0.1466
1119.00	55	0.0331	-0.0799	0.1466
1120.00	56	-1.1898	0.1218	0.8275
1121.00	56	-1.0284	-0.0908	0.8122
1122.00	56	-0.8565	-0.3166	0.8171
1123.00	56	-0.6680	-0.5104	0.8197
1124.00	56	-0.3754	-0.7997	0.8117
1125.00	56	-0.1851	-0.9986	0.8136
1126.00	56	0.0944	-1.0419	0.8322
1127.00	56	0.0039	-0.7200	0.8269
1128.00	56	0.0169	-0.5149	0.8155
1129.00	56	0.0340	-0.3249	0.8085
1130.00	56	-0.0513	-0.0708	0.8788
1131.00	56	-0.0472	-0.0765	0.8829
1132.00	56	-0.0415	-0.0808	0.8867
1133.00	56	-0.0323	-0.0859	0.8690
1134.00	56	-0.0293	-0.0855	0.7455
1135.00	56	-0.0230	-0.0825	0.5775
1136.00	56	-0.0072	-0.0800	0.3753
1137.00	56	0.0162	-0.0786	0.1938
1138.00	56	0.0338	-0.0809	0.1466
1139.00	56	0.0331	-0.0799	0.1466
1140.00	57	-1.1861	0.1174	0.8287
1141.00	57	-1.0287	-0.0904	0.8127
1142.00	57	-0.8565	-0.3170	0.8174
1143.00	57	-0.6781	-0.4972	0.8193
1144.00	57	-0.3751	-0.7993	0.8130
1145.00	57	-0.1846	-0.9991	0.8136
1146.00	57	0.0919	-1.0383	0.8325
1147.00	57	0.0002	-0.7188	0.8263
1148.00	57	0.0141	-0.5178	0.8148
1149.00	57	0.0335	-0.3259	0.8089
1150.00	57	-0.0510	-0.0716	0.8795
1151.00	57	-0.0477	-0.0760	0.8826
1152.00	57	-0.0384	-0.0829	0.8891
1153.00	57	-0.0336	-0.0855	0.8821
1154.00	57	-0.0299	-0.0857	0.7739
1155.00	57	-0.0242	-0.0830	0.6021
1156.00	57	-0.0126	-0.0803	0.4291
1157.00	57	0.0157	-0.0787	0.1972
1158.00	57	0.0338	-0.0809	0.1466
1159.00	57	0.0331	-0.0799	0.1466
1160.00	58	-1.1847	0.1158	0.8290
1161.00	58	-1.0290	-0.0901	0.8128
1162.00	58	-0.8565	-0.3166	0.8171
1163.00	58	-0.6716	-0.5056	0.8196
1164.00	58	-0.3750	-0.7992	0.8133
1165.00	58	-0.1824	-1.0011	0.8142
1166.00	58	0.0932	-1.0402	0.8324
1167.00	58	0.0029	-0.7197	0.8267
1168.00	58	0.0172	-0.5146	0.8156
1169.00	58	0.0341	-0.3248	0.8084
1170.00	58	-0.0511	-0.0714	0.8793
1171.00	58	-0.0457	-0.0780	0.8837
1172.00	58	-0.0376	-0.0834	0.8895
1173.00	58	-0.0317	-0.0860	0.8559
1174.00	58	-0.0302	-0.0858	0.7905
1175.00	58	-0.0247	-0.0832	0.6144
1176.00	58	-0.0090	-0.0800	0.3920
1177.00	58	0.0139	-0.0787	0.2079
1178.00	58	0.0331	-0.0798	0.1466
1179.00	58	0.0331	-0.0799	0.1466
1180.00	59	-1.1865	0.1179	0.8285
1181.00	59	-1.0285	-0.0907	0.8124
1182.00	59	-0.8564	-0.3164	0.8167
1183.00	59	-0.6775	-0.4979	0.8193
1184.00	59	-0.3750	-0.7991	0.8135
1185.00	59	-0.1831	-1.0005	0.8139
1186.00	59	0.0914	-1.0377	0.8325
1187.00	59	0.0029	-0.7197	0.8267
1188.00	59	0.0147	-0.5171	0.8149
1189.00	59	0.0338	-0.3255	0.8087
1190.00	59	-0.0507	-0.0721	0.8799
1191.00	59	-0.0478	-0.0759	0.8825
1192.00	59	-0.0409	-0.0812	0.8872
1193.00	59	-0.0323	-0.0859	0.8690
1194.00	59	-0.0291	-0.0854	0.7380
1195.00	59	-0.0211	-0.0819	0.5406
1196.00	59	-0.0114	-0.0803	0.4167
1197.00	59	0.0082	-0.0788	0.2454
1198.00	59	0.0292	-0.0769	0.1528
1199.00	59	0.0331	-0.0799	0.1466
1200.00	60	-1.1874	0.1190	0.8281
1201.00	60	-1.0286	-0.0905	0.8126
1202.00	60	-0.8566	-0.3175	0.8177
1203.00	60	-0.6722	-0.5048	0.8196
1204.00	60	-0.3750	-0.7988	0.8141
1205.00	60	-0.1832	-1.0003	0.8139
1206.00	60	0.0877	-1.0326	0.8326
1207.00	60	-0.0010	-0.7184	0.8260
1208.00	60	0.0200	-0.5119	0.8167
1209.00	60	0.0341	-0.3247	0.8084
1210.00	60	-0.0508	-0.0719	0.8798
1211.00	60	-0.0456	-0.0781	0.8838
1212.00	60	-0.0404	-0.0817	0.8877
1213.00	60	-0.0322	-0.0859	0.8676
1214.00	60	-0.0297	-0.0857	0.7635
1215.00	60	-0.0245	-0.0832	0.6103
1216.00	60	-0.0085	-0.0800	0.3878
1217.00	60	0.0157	-0.0787	0.1972
1218.00	60	0.0330	-0.0798	0.1466
1219.00	60	0.0331	-0.0799	0.1466
1220.00	61	-1.1861	0.1174	0.8287
1221.00	61	-1.0291	-0.0900	0.8128
1222.00	61	-0.8565	-0.3166	0.8170
1223.00	61	-0.6667	-0.5121	0.8197
1224.00	61	-0.3749	-0.7986	0.8145
1225.00	61	-0.1818	-1.0016	0.8144
1226.00	61	0.0919	-1.0383	0.8325
1227.00	61	0.0024	-0.7195	0.8267
1228.00	61	0.0213	-0.5110	0.8172
1229.00	61	0.0339	-0.3252	0.8086
1230.00	61	-0.0510	-0.0716	0.8795
1231.00	61	-0.0462	-0.0776	0.8834
1232.00	61	-0.0391	-0.0825	0.8886
1233.00	61	-0.0327	-0.0859	0.8742
1234.00	61	-0.0286	-0.0853	0.7229
1235.00	61	-0.0207	-0.0818	0.5324
1236.00	61	-0.0122	-0.0803	0.4250
1237.00	61	0.0104	-0.0787	0.2300
1238.00	61	0.0330	-0.0798	0.1466
1239.00	61	0.0331	-0.0799	0.1466
1240.00	62	-1.1825	0.1134	0.8298
1241.00	62	-1.0289	-0.0901	0.8128
1242.00	62	-0.8565	-0.3160	0.8161
1243.00	62	-0.6643	-0.5154	0.8198
1244.00	62	-0.3751	-0.7993	0.8131
1245.00	62	-0.1844	-0.9993	0.8136
1246.00	62	0.0922	-1.0388	0.8325
1247.00	62	0.0039	-0.7200	0.8269
1248.00	62	0.0198	-0.5122	0.8166
1249.00	62	0.0341	-0.3245	0.8083
1250.00	62	-0.0513	-0.0709	0.8789
1251.00	62	-0.0471	-0.0767	0.8829
1252.00	62	-0.0380	-0.0832	0.8894
1253.00	62	-0.0327	-0.0859	0.8742
1254.00	62	-0.0283	-0.0851	0.7114
1255.00	62	-0.0216	-0.0820	0.5489
1256.00	62	-0.0072	-0.0800	0.3753
1257.00	62	0.0087	-0.0787	0.2416
1258.00	62	0.0331	-0.0799	0.1465
1259.00	62	0.0331	-0.0799	0.1466
1260.00	63	-1.1838	0.1148	0.8293
1261.00	63	-1.0285	-0.0906	0.8125
1262.00	63	-0.8565	-0.3168	0.8173
1263.00	63	-0.6649	-0.5146	0.8198
1264.00	63	-0.3753	-0.7996	0.8122
1265.00	63	-0.1844	-0.9993	0.8136
1266.00	63	0.0914	-1.0377	0.8325
1267.00	63	0.0044	-0.7202	0.8270
1268.00	63	0.0213	-0.5110	0.8172
1269.00	63	0.0341	-0.3249	0.8084
1270.00	63	-0.0511	-0.0714	0.8793
1271.00	63	-0.0458	-0.0778	0.8836
1272.00	63	-0.0378	-0.0833	0.8895
1273.00	63	-0.0319	-0.0859	0.8628
1274.00	63	-0.0296	-0.0856	0.7599
1275.00	63	-0.0223	-0.0822	0.5611
1276.00	63	-0.0102	-0.0802	0.4043
1277.00	63	0.0190	-0.0786	0.1771
1278.00	63	0.0331	-0.0799	0.1465
1279.00	63	0.0331	-0.0799	0.1466
1280.00	64	-1.1821	0.1129	0.8299
1281.00	64	-1.0291	-0.0900	0.8128
1282.00	64	-0.8564	-0.3164	0.8167
1283.00	64	-0.6698	-0.5080	0.8196
1284.00	64	-0.3752	-0.7994	0.8126
1285.00	64	-0.1834	-1.0001	0.8139
1286.00	64	0.0872	-1.0319	0.8326
1287.00	64	-0.0006	-0.7185	0.8261
1288.00	64	0.0213	-0.5110	0.8172
1289.00	64	0.0342	-0.3243	0.8082
1290.00	64	-0.0511	-0.0714	0.8793
1291.00	64	-0.0472	-0.0765	0.8829
1292.00	64	-0.0394	-0.0824	0.8885
1293.00	64	-0.0316	-0.0860	0.8498
1294.00	64	-0.0298	-0.0857	0.7705
1295.00	64	-0.0199	-0.0816	0.5200
1296.00	64	-0.0033	-0.0797	0.3383
1297.00	64	0.0139	-0.0787	0.2079
1298.00	64	0.0331	-0.0798	0.1466
1299.00	64	0.0331	-0.0799	0.1466
1300.00	65	-1.1888	0.1206	0.8277
1301.00	65	-1.0287	-0.0904	0.8127
1302.00	65	-0.8565	-0.3159	0.8157
1303.00	65	-0.6740	-0.5024	0.8195
1304.00	65	-0.3750	-0.7991	0.8135
1305.00	65	-0.1818	-1.0016	0.8144
1306.00	65	0.0872	-1.0319	0.8326
1307.00	65	0.0044	-0.7202	0.8270
1308.00	65	0.0223	-0.5104	0.8177
1309.00	65	0.0341	-0.3249	0.8084
1310.00	65	-0.0511	-0.0714	0.8793
1311.00	65	-0.0474	-0.0764	0.8828
1312.00	65	-0.0398	-0.0821	0.8881
1313.00	65	-0.0318	-0.0860	0.8577
1314.00	65	-0.0281	-0.0850	0.7036
1315.00	65	-0.0218	-0.0821	0.5530
1316.00	65	-0.0051	-0.0799	0.3548
1317.00	65	0.0202	-0.0786	0.1707
1318.00	65	0.0335	-0.0803	0.1466
1319.00	65	0.0331	-0.0799	0.1466
1320.00	66	-1.1838	0.1148	0.8293
1321.00	66	-1.0290	-0.0900	0.8128
1322.00	66	-0.8565	-0.3161	0.8163
1323.00	66	-0.6661	-0.5129	0.8197
1324.00	66	-0.3749	-0.7986	0.8145
1325.00	66	-0.1834	-1.0001	0.8139
1326.00	66	0.0838	-1.0272	0.8325
1327.00	66	0.0029	-0.7197	0.8267
1328.00	66	0.0178	-0.5140	0.8159
1329.00	66	0.0340	-0.3249	0.8085
1330.00	66	-0.0506	-0.0723	0.8800
1331.00	66	-0.0457	-0.0780	0.8837
1332.00	66	-0.0384	-0.0829	0.8891
1333.00	66	-0.0325	-0.0859	0.8717
1334.00	66	-0.0286	-0.0853	0.7229
1335.00	66	-0.0227	-0.0824	0.5693
1336.00	66	-0.0055	-0.0799	0.3589
1337.00	66	0.0145	-0.0787	0.2043
1338.00	66	0.0331	-0.0799	0.1466
1339.00	66	0.0331	-0.0799	0.1466
1340.00	67	-1.1884	0.1201	0.8278
1341.00	67	-1.0288	-0.0903	0.8127
1342.00	67	-0.8565	-0.3171	0.8174
1343.00	67	-0.6637	-0.5162	0.8198
1344.00	67	-0.3753	-0.7996	0.8122
1345.00	67	-0.1809	-1.0024	0.8149
1346.00	67	0.0861	-1.0303	0.8326
1347.00	67	0.0034	-0.7198	0.8268
1348.00	67	0.0178	-0.5140	0.8159
1349.00	67	0.0343	-0.3241	0.8080
1350.00	67	-0.0503	-0.0728	0.8805
1351.00	67	-0.0456	-0.0781	0.8838
1352.00	67	-0.0372	-0.0837	0.8896
1353.00	67	-0.0313	-0.0860	0.8388
1354.00	67	-0.0296	-0.0856	0.7599
1355.00	67	-0.0207	-0.0818	0.5324
1356.00	67	-0.0051	-0.0799	0.3548
1357.00	67	0.0202	-0.0786	0.1707
1358.00	67	0.0331	-0.0798	0.1466
1359.00	67	0.0331	-0.0799	0.1466
1360.00	68	-1.1829	0.1139	0.8296
1361.00	68	-1.0295	-0.0896	0.8127
1362.00	68	-0.8564	-0.3165	0.8168
1363.00	68	-0.6674	-0.5113	0.8197
1364.00	68	-0.3749	-0.7984	0.8148
1365.00	68	-0.1826	-1.0009	0.8141
1366.00	68	0.0906	-1.0366	0.8325
1367.00	68	0.0029	-0.7197	0.8267
1368.00	68	0.0195	-0.5125	0.8164
1369.00	68	0.0340	-0.3250	0.8085
1370.00	68	-0.0505	-0.0724	0.8801
1371.00	68	-0.0453	-0.0783	0.8841
1372.00	68	-0.0391	-0.0825	0.8886
1373.00	68	-0.0324	-0.0859	0.8704
1374.00	68	-0.0293	-0.0855	0.7491
1375.00	68	-0.0196	-0.0815	0.5159
1376.00	68	-0.0068	-0.0800	0.3713
1377.00	68	0.0127	-0.0787	0.2151
1378.00	68	0.0331	-0.0799	0.1466
1379.00	68	0.0331	-0.0799	0.1466
1380.00	69	-1.1816	0.1124	0.8299
1381.00	69	-1.0289	-0.0901	0.8128
1382.00	69	-0.8566	-0.3157	0.8153
1383.00	69	-0.6686	-0.5096	0.8197
1384.00	69	-0.3752	-0.7994	0.8126
1385.00	69	-0.1816	-1.0017	0.8145
1386.00	69	0.0883	-1.0333	0.8326
1387.00	69	-0.0043	-0.7175	0.8252
1388.00	69	0.0210	-0.5112	0.8171
1389.00	69	0.0338	-0.3255	0.8087
1390.00	69	-0.0501	-0.0732	0.8807
1391.00	69	-0.0438	-0.0792	0.8851
1392.00	69	-0.0361	-0.0843	0.8894
1393.00	69	-0.0313	-0.0860	0.8388
1394.00	69	-0.0287	-0.0854	0.7267
1395.00	69	-0.0220	-0.0822	0.5571
1396.00	69	-0.0024	-0.0796	0.3302
1397.00	69	0.0127	-0.0787	0.2151
1398.00	69	0.0331	-0.0799	0.1466
1399.00	69	0.0331	-0.0799	0.1466
1400.00	70	-1.1812	0.1119	0.8300
1401.00	70	-1.0289	-0.0901	0.8128
1402.00	70	-0.8566	-0.3158	0.8155
1403.00	70	-0.6674	-0.5113	0.8197
1404.00	70	-0.3749	-0.7983	0.8150
1405.00	70	-0.1804	-1.0027	0.8150
1406.00	70	0.0861	-1.0303	0.8326
1407.00	70	0.0015	-0.7192	0.8265
1408.00	70	0.0220	-0.5105	0.8176
1409.00	70	0.0344	-0.3237	0.8078
1410.00	70	-0.0505	-0.0724	0.8801
1411.00	70	-0.0463	-0.0774	0.8834
1412.00	70	-0.0387	-0.0827	0.8888
1413.00	70	-0.0319	-0.0859	0.8612
1414.00	70	-0.0289	-0.0854	0.7343
1415.00	70	-0.0202	-0.0816	0.5242
1416.00	70	-0.0018	-0.0796	0.3260
1417.00	70	0.0202	-0.0786	0.1707
1418.00	70	0.0331	-0.0799	0.1466
1419.00	70	0.0331	-0.0799	0.1466
1420.00	71	-1.1856	0.1169	0.8288
1421.00	71	-1.0297	-0.0894	0.8126
1422.00	71	-0.8565	-0.3161	0.8163
1423.00	71	-0.6661	-0.5129	0.8197
1424.00	71	-0.3749	-0.7983	0.8150
1425.00	71	-0.1806	-1.0025	0.8149
1426.00	71	0.0813	-1.0240	0.8325
1427.00	71	-0.0017	-0.7181	0.8259
1428.00	71	0.0185	-0.5134	0.8161
1429.00	71	0.0341	-0.3245	0.8083
1430.00	71	-0.0505	-0.0724	0.8801
1431.00	71	-0.0445	-0.0788	0.8845
1432.00	71	-0.0386	-0.0828	0.8890
1433.00	71	-0.0313	-0.0860	0.8411
1434.00	71	-0.0277	-0.0848	0.6917
1435.00	71	-0.0207	-0.0818	0.5324
1436.00	71	-0.0041	-0.0798	0.3465
1437.00	71	0.0215	-0.0787	0.1645
1438.00	71	0.0330	-0.0798	0.1466
1439.00	71	0.0331	-0.0799	0.1466
1440.00	72	-1.1821	0.1129	0.8299
1441.00	72	-1.0291	-0.0900	0.8128
1442.00	72	-0.8564	-0.3162	0.8164
1443.00	72	-0.6661	-0.5129	0.8197
1444.00	72	-0.3750	-0.7981	0.8153
1445.00	72	-0.1795	-1.0035	0.8154
1446.00	72	0.0906	-1.0366	0.8325
1447.00	72	-0.0021	-0.7180	0.8258
1448.00	72	0.0203	-0.5117	0.8168
1449.00	72	0.0341	-0.3246	0.8083
1450.00	72	-0.0493	-0.0743	0.8815
1451.00	72	-0.0457	-0.0780	0.8837
1452.00	72	-0.0376	-0.0834	0.8895
1453.00	72	-0.0314	-0.0860	0.8434
1454.00	72	-0.0281	-0.0850	0.7036
1455.00	72	-0.0204	-0.0817	0.5283
1456.00	72	-0.0055	-0.0799	0.3589
1457.00	72	0.0168	-0.0786	0.1904
1458.00	72	0.0331	-0.0799	0.1466
1459.00	72	0.0331	-0.0799	0.1466
1460.00	73	-1.1829	0.1139	0.8296
1461.00	73	-1.0296	-0.0895	0.8127
1462.00	73	-0.8564	-0.3162	0.8164
1463.00	73	-0.6607	-0.5204	0.8198
1464.00	73	-0.3750	-0.7978	0.8156
1465.00	73	-0.1795	-1.0035	0.8154
1466.00	73	0.0807	-1.0231	0.8325
1467.00	73	-0.0006	-0.7185	0.8261
1468.00	73	0.0238	-0.5096	0.8186
1469.00	73	0.0341	-0.3249	0.8084
1470.00	73	-0.0506	-0.0723	0.8800
1471.00	73	-0.0440	-0.0791	0.8850
1472.00	73	-0.0349	-0.0849	0.8878
1473.00	73	-0.0317	-0.0860	0.8539
1474.00	73	-0.0291	-0.0854	0.7380
1475.00	73	-0.0185	-0.0813	0.4994
1476.00	73	-0.0014	-0.0796	0.3219
1477.00	73	0.0202	-0.0786	0.1707
1478.00	73	0.0330	-0.0799	0.1466
1479.00	73	0.0331	-0.0799	0.1466
1480.00	74	-1.1851	0.1163	0.8289
1481.00	74	-1.0291	-0.0899	0.8128
1482.00	74	-0.8566	-0.3158	0.8155
1483.00	74	-0.6674	-0.5113	0.8197
1484.00	74	-0.3749	-0.7986	0.8145
1485.00	74	-0.1822	-1.0012	0.8143
1486.00	74	0.0826	-1.0256	0.8325
1487.00	74	0.0002	-0.7188	0.8263
1488.00	74	0.0240	-0.5094	0.8188
1489.00	74	0.0344	-0.3238	0.8079
1490.00	74	-0.0500	-0.0733	0.8809
1491.00	74	-0.0429	-0.0798	0.8858
1492.00	74	-0.0376	-0.0834	0.8895
1493.00	74	-0.0311	-0.0860	0.8338
1494.00	74	-0.0286	-0.0853	0.7229
1495.00	74	-0.0193	-0.0815	0.5118
1496.00	74	-0.0014	-0.0796	0.3219
1497.00	74	0.0215	-0.0787	0.1645
1498.00	74	0.0331	-0.0799	0.1466
1499.00	74	0.0331	-0.0799	0.1466
1500.00	75	-1.1779	0.1083	0.8308
1501.00	75	-1.0296	-0.0895	0.8127
1502.00	75	-0.8566	-0.3157	0.8150
1503.00	75	-0.6655	-0.5138	0.8198
1504.00	75	-0.3750	-0.7975	0.8161
1505.00	75	-0.1818	-1.0016	0.8144
1506.00	75	0.0832	-1.0264	0.8325
1507.00	75	-0.0010	-0.7184	0.8260
1508.00	75	0.0223	-0.5104	0.8177
1509.00	75	0.0344	-0.3236	0.8077
1510.00	75	-0.0492	-0.0744	0.8816
1511.00	75	-0.0438	-0.0792	0.8851
1512.00	75	-0.0354	-0.0847	0.8887
1513.00	75	-0.0311	-0.0860	0.8338
1514.00	75	-0.0275	-0.0846	0.6838
1515.00	75	-0.0172	-0.0811	0.4829
1516.00	75	0.0025	-0.0793	0.2894
1517.00	75	0.0184	-0.0786	0.1804
1518.00	75	0.0331	-0.0799	0.1466
1519.00	75	0.0331	-0.0799	0.1466
1520.00	76	-1.1821	0.1129	0.8299
1521.00	76	-1.0297	-0.0894	0.8126
1522.00	76	-0.8566	-0.3156	0.8148
1523.00	76	-0.6661	-0.5129	0.8197
1524.00	76	-0.3752	-0.7969	0.8168
1525.00	76	-0.1790	-1.0039	0.8156
1526.00	76	0.0787	-1.0207	0.8325
1527.00	76	-0.0034	-0.7177	0.8254
1528.00	76	0.0218	-0.5107	0.8174
1529.00	76	0.0346	-0.3234	0.8076
1530.00	76	-0.0504	-0.0727	0.8804
1531.00	76	-0.0438	-0.0792	0.8851
1532.00	76	-0.0367	-0.0840	0.8897
1533.00	76	-0.0310	-0.0860	0.8261
1534.00	76	-0.0264	-0.0840	0.6554
1535.00	76	-0.0185	-0.0813	0.4994
1536.00	76	0.0005	-0.0795	0.3056
1537.00	76	0.0221	-0.0787	0.1615
1538.00	76	0.0331	-0.0799	0.1465
1539.00	76	0.0331	-0.0799	0.1466
1540.00	77	-1.1799	0.1106	0.8304
1541.00	77	-1.0301	-0.0890	0.8124
1542.00	77	-0.8565	-0.3161	0.8163
1543.00	77	-0.6637	-0.5162	0.8198
1544.00	77	-0.3749	-0.7987	0.8143
1545.00	77	-0.1798	-1.0032	0.8152
1546.00	77	0.0801	-1.0223	0.8325
1547.00	77	-0.0010	-0.7184	0.8260
1548.00	77	0.0248	-0.5090	0.8192
1549.00	77	0.0345	-0.3235	0.8076
1550.00	77	-0.0499	-0.0734	0.8810
1551.00	77	-0.0449	-0.0785	0.8843
1552.00	77	-0.0361	-0.0843	0.8894
1553.00	77	-0.0309	-0.0860	0.8234
1554.00	77	-0.0281	-0.0850	0.7036
1555.00	77	-0.0204	-0.0817	0.5283
1556.00	77	0.0010	-0.0794	0.3016
1557.00	77	0.0253	-0.0788	0.1477
1558.00	77	0.0331	-0.0799	0.1466
1559.00	77	0.0331	-0.0799	0.1466
1560.00	78	-1.1787	0.1092	0.8307
1561.00	78	-1.0301	-0.0890	0.8124
1562.00	78	-0.8565	-0.3161	0.8163
1563.00	78	-0.6607	-0.5204	0.8198
1564.00	78	-0.3750	-0.7979	0.8155
1565.00	78	-0.1792	-1.0037	0.8155
1566.00	78	0.0767	-1.0181	0.8325
1567.00	78	-0.0059	-0.7171	0.8247
1568.00	78	0.0223	-0.5104	0.8177
1569.00	78	0.0346	-0.3234	0.8076
1570.00	78	-0.0501	-0.0731	0.8807
1571.00	78	-0.0443	-0.0789	0.8847
1572.00	78	-0.0348	-0.0850	0.8874
1573.00	78	-0.0306	-0.0859	0.8091
1574.00	78	-0.0266	-0.0841	0.6595
1575.00	78	-0.0202	-0.0816	0.5242
1576.00	78	0.0040	-0.0792	0.2772
1577.00	78	0.0269	-0.0787	0.1480
1578.00	78	0.0331	-0.0799	0.1466
1579.00	78	0.0331	-0.0799	0.1466
1580.00	79	-1.1774	0.1078	0.8309
1581.00	79	-1.0297	-0.0894	0.8126
1582.00	79	-0.8566	-0.3157	0.8153
1583.00	79	-0.6554	-0.5280	0.8198
1584.00	79	-0.3751	-0.7971	0.8165
1585.00	79	-0.1804	-1.0027	0.8150
1586.00	79	0.0867	-1.0311	0.8326
1587.00	79	-0.0043	-0.7175	0.8252
1588.00	79	0.0215	-0.5108	0.8173
1589.00	79	0.0341	-0.3245	0.8083
1590.00	79	-0.0492	-0.0744	0.8816
1591.00	79	-0.0434	-0.0795	0.8853
1592.00	79	-0.0341	-0.0852	0.8850
1593.00	79	-0.0306	-0.0859	0.8091
1594.00	79	-0.0278	-0.0849	0.6957
1595.00	79	-0.0190	-0.0814	0.5076
1596.00	79	0.0000	-0.0795	0.3097
1597.00	79	0.0259	-0.0788	0.1459
1598.00	79	0.0331	-0.0799	0.1466
1599.00	79	0.0331	-0.0799	0.1466
