0.00	0	-1.0335	0.6689	0.8058
1.00	0	-0.9563	0.4690	0.8385
2.00	0	-0.8525	0.3409	0.8221
3.00	0	-0.7155	0.2845	0.8334
4.00	0	-0.7919	0.1613	0.7934
5.00	0	-0.6184	0.1698	0.8324
6.00	0	-0.4422	0.1621	0.8168
7.00	0	-0.2748	0.1415	0.8164
8.00	0	-0.0949	0.1199	0.8245
9.00	0	-0.0527	-0.0742	0.8669
10.00	0	-0.0114	-0.0602	0.7999
11.00	0	-0.0100	-0.0584	0.7076
12.00	0	-0.0093	-0.0576	0.6385
13.00	0	-0.0076	-0.0562	0.5501
14.00	0	-0.0045	-0.0536	0.4317
15.00	0	-0.0026	-0.0516	0.3765
16.00	0	0.0003	-0.0491	0.2885
17.00	0	0.0043	-0.0461	0.2048
18.00	0	0.0100	-0.0439	0.1479
19.00	0	0.0189	-0.0435	0.1457
20.00	1	-1.0336	0.6694	0.8058
21.00	1	-0.9563	0.4690	0.8385
22.00	1	-0.8525	0.3409	0.8221
23.00	1	-0.7169	0.2828	0.8330
24.00	1	-0.7930	0.1597	0.7934
25.00	1	-0.6184	0.1698	0.8324
26.00	1	-0.4422	0.1625	0.8160
27.00	1	-0.2748	0.1415	0.8164
28.00	1	-0.0949	0.1199	0.8245
29.00	1	-0.0501	-0.0781	0.8673
30.00	1	-0.0113	-0.0600	0.7898
31.00	1	-0.0100	-0.0584	0.7076
32.00	1	-0.0088	-0.0573	0.6216
33.00	1	-0.0076	-0.0562	0.5501
34.00	1	-0.0047	-0.0538	0.4402
35.00	1	-0.0022	-0.0513	0.3639
36.00	1	0.0020	-0.0476	0.2510
37.00	1	0.0043	-0.0461	0.2048
38.00	1	0.0096	-0.0440	0.1467
39.00	1	0.0189	-0.0435	0.1457
40.00	2	-1.0341	0.6700	0.8057
41.00	2	-0.9591	0.4645	0.8382
42.00	2	-0.8553	0.3340	0.8213
43.00	2	-0.7142	0.2856	0.8339
44.00	2	-0.7912	0.1621	0.7934
45.00	2	-0.6189	0.1703	0.8321
46.00	2	-0.4422	0.1627	0.8157
47.00	2	-0.2750	0.1411	0.8162
48.00	2	-0.0949	0.1199	0.8245
49.00	2	-0.0507	-0.0773	0.8673
50.00	2	-0.0110	-0.0596	0.7686
51.00	2	-0.0103	-0.0586	0.7234
52.00	2	-0.0093	-0.0576	0.6385
53.00	2	-0.0076	-0.0562	0.5501
54.00	2	-0.0054	-0.0544	0.4613
55.00	2	-0.0026	-0.0516	0.3765
56.00	2	0.0017	-0.0479	0.2591
57.00	2	0.0043	-0.0461	0.2048
58.00	2	0.0096	-0.0440	0.1467
59.00	2	0.0189	-0.0435	0.1457
60.00	3	-1.0340	0.6698	0.8058
61.00	3	-0.9563	0.4690	0.8385
62.00	3	-0.8525	0.3409	0.8221
63.00	3	-0.7163	0.2835	0.8331
64.00	3	-0.7930	0.1597	0.7934
65.00	3	-0.6192	0.1706	0.8320
66.00	3	-0.4422	0.1627	0.8157
67.00	3	-0.2748	0.1415	0.8164
68.00	3	-0.0956	0.1204	0.8268
69.00	3	-0.0521	-0.0752	0.8670
70.00	3	-0.0114	-0.0602	0.7999
71.00	3	-0.0103	-0.0586	0.7234
72.00	3	-0.0085	-0.0570	0.6049
73.00	3	-0.0076	-0.0562	0.5501
74.00	3	-0.0040	-0.0531	0.4147
75.00	3	-0.0024	-0.0515	0.3681
76.00	3	0.0017	-0.0479	0.2591
77.00	3	0.0043	-0.0461	0.2048
78.00	3	0.0096	-0.0440	0.1467
79.00	3	0.0189	-0.0435	0.1457
80.00	4	-1.0334	0.6692	0.8058
81.00	4	-0.9598	0.4635	0.8382
82.00	4	-0.8581	0.3271	0.8206
83.00	4	-0.7163	0.2835	0.8331
84.00	4	-0.7910	0.1623	0.7933
85.00	4	-0.6184	0.1698	0.8324
86.00	4	-0.4422	0.1626	0.8159
87.00	4	-0.2748	0.1415	0.8164
88.00	4	-0.0954	0.1202	0.8262
89.00	4	-0.0527	-0.0742	0.8669
90.00	4	-0.0113	-0.0600	0.7898
91.00	4	-0.0103	-0.0586	0.7234
92.00	4	-0.0087	-0.0571	0.6133
93.00	4	-0.0076	-0.0562	0.5501
94.00	4	-0.0054	-0.0544	0.4613
95.00	4	-0.0011	-0.0503	0.3262
96.00	4	0.0003	-0.0491	0.2885
97.00	4	0.0079	-0.0448	0.1617
98.00	4	0.0119	-0.0431	0.1497
99.00	4	0.0189	-0.0435	0.1457
100.00	5	-1.0340	0.6698	0.8058
101.00	5	-0.9598	0.4635	0.8382
102.00	5	-0.8553	0.3340	0.8213
103.00	5	-0.7142	0.2856	0.8339
104.00	5	-0.7919	0.1613	0.7934
105.00	5	-0.6187	0.1701	0.8322
106.00	5	-0.4422	0.1627	0.8157
107.00	5	-0.2752	0.1410	0.8161
108.00	5	-0.0949	0.1199	0.8245
109.00	5	-0.0493	-0.0793	0.8674
110.00	5	-0.0114	-0.0602	0.7999
111.00	5	-0.0103	-0.0586	0.7234
112.00	5	-0.0085	-0.0570	0.6008
113.00	5	-0.0076	-0.0562	0.5501
114.00	5	-0.0054	-0.0544	0.4613
115.00	5	-0.0024	-0.0515	0.3722
116.00	5	0.0018	-0.0478	0.2551
117.00	5	0.0072	-0.0449	0.1677
118.00	5	0.0096	-0.0440	0.1467
119.00	5	0.0189	-0.0435	0.1457
120.00	6	-1.0343	0.6704	0.8058
121.00	6	-0.9581	0.4661	0.8383
122.00	6	-0.8563	0.3316	0.8210
123.00	6	-0.7147	0.2852	0.8337
124.00	6	-0.7920	0.1611	0.7934
125.00	6	-0.6194	0.1708	0.8319
126.00	6	-0.4422	0.1619	0.8172
127.00	6	-0.2748	0.1415	0.8164
128.00	6	-0.0955	0.1203	0.8266
129.00	6	-0.0490	-0.0797	0.8674
130.00	6	-0.0112	-0.0598	0.7828
131.00	6	-0.0098	-0.0580	0.6755
132.00	6	-0.0093	-0.0576	0.6385
133.00	6	-0.0072	-0.0560	0.5332
134.00	6	-0.0046	-0.0537	0.4359
135.00	6	-0.0019	-0.0510	0.3554
136.00	6	0.0027	-0.0471	0.2351
137.00	6	0.0059	-0.0454	0.1805
138.00	6	0.0131	-0.0430	0.1471
139.00	6	0.0189	-0.0435	0.1457
140.00	7	-1.0337	0.6695	0.8058
141.00	7	-0.9572	0.4674	0.8383
142.00	7	-0.8545	0.3362	0.8216
143.00	7	-0.7150	0.2850	0.8336
144.00	7	-0.7930	0.1597	0.7934
145.00	7	-0.6188	0.1702	0.8322
146.00	7	-0.4422	0.1616	0.8177
147.00	7	-0.2750	0.1411	0.8162
148.00	7	-0.0956	0.1204	0.8268
149.00	7	-0.0527	-0.0742	0.8669
150.00	7	-0.0107	-0.0591	0.7503
151.00	7	-0.0102	-0.0586	0.7195
152.00	7	-0.0093	-0.0576	0.6385
153.00	7	-0.0062	-0.0551	0.4909
154.00	7	-0.0038	-0.0530	0.4105
155.00	7	-0.0009	-0.0502	0.3220
156.00	7	0.0031	-0.0469	0.2272
157.00	7	0.0059	-0.0454	0.1805
158.00	7	0.0096	-0.0440	0.1467
159.00	7	0.0189	-0.0435	0.1457
160.00	8	-1.0335	0.6689	0.8058
161.00	8	-0.9563	0.4690	0.8385
162.00	8	-0.8572	0.3294	0.8208
163.00	8	-0.7142	0.2856	0.8339
164.00	8	-0.7927	0.1602	0.7934
165.00	8	-0.6191	0.1705	0.8321
166.00	8	-0.4422	0.1621	0.8168
167.00	8	-0.2752	0.1410	0.8161
168.00	8	-0.0960	0.1207	0.8281
169.00	8	-0.0527	-0.0742	0.8669
170.00	8	-0.0114	-0.0602	0.7999
171.00	8	-0.0094	-0.0578	0.6550
172.00	8	-0.0088	-0.0573	0.6216
173.00	8	-0.0069	-0.0556	0.5162
174.00	8	-0.0031	-0.0523	0.3934
175.00	8	-0.0008	-0.0501	0.3178
176.00	8	0.0010	-0.0483	0.2756
177.00	8	0.0069	-0.0451	0.1708
178.00	8	0.0177	-0.0437	0.1460
179.00	8	0.0189	-0.0435	0.1457
180.00	9	-1.0344	0.6705	0.8057
181.00	9	-0.9563	0.4690	0.8385
182.00	9	-0.8576	0.3283	0.8207
183.00	9	-0.7191	0.2791	0.8323
184.00	9	-0.7909	0.1625	0.7934
185.00	9	-0.6190	0.1704	0.8321
186.00	9	-0.4421	0.1616	0.8178
187.00	9	-0.2748	0.1414	0.8164
188.00	9	-0.0951	0.1200	0.8252
189.00	9	-0.0490	-0.0797	0.8674
190.00	9	-0.0111	-0.0597	0.7758
191.00	9	-0.0099	-0.0582	0.6956
192.00	9	-0.0079	-0.0565	0.5670
193.00	9	-0.0062	-0.0551	0.4909
194.00	9	-0.0043	-0.0535	0.4274
195.00	9	-0.0022	-0.0513	0.3639
196.00	9	0.0015	-0.0480	0.2632
197.00	9	0.0087	-0.0448	0.1534
198.00	9	0.0177	-0.0437	0.1460
199.00	9	0.0189	-0.0435	0.1457
200.00	10	-1.0334	0.6691	0.8058
201.00	10	-0.9575	0.4670	0.8384
202.00	10	-0.8590	0.3250	0.8204
203.00	10	-0.7163	0.2835	0.8331
204.00	10	-0.7901	0.1632	0.7935
205.00	10	-0.6184	0.1699	0.8324
206.00	10	-0.4421	0.1616	0.8178
207.00	10	-0.2752	0.1410	0.8160
208.00	10	-0.0957	0.1204	0.8271
209.00	10	-0.0510	-0.0769	0.8672
210.00	10	-0.0110	-0.0596	0.7722
211.00	10	-0.0103	-0.0586	0.7234
212.00	10	-0.0093	-0.0576	0.6385
213.00	10	-0.0065	-0.0553	0.5033
214.00	10	-0.0054	-0.0544	0.4613
215.00	10	-0.0024	-0.0515	0.3722
216.00	10	0.0007	-0.0487	0.2799
217.00	10	0.0075	-0.0449	0.1647
218.00	10	0.0163	-0.0435	0.1456
219.00	10	0.0189	-0.0435	0.1457
220.00	11	-1.0345	0.6707	0.8057
221.00	11	-0.9593	0.4642	0.8382
222.00	11	-0.8617	0.3185	0.8199
223.00	11	-0.7178	0.2814	0.8327
224.00	11	-0.7917	0.1615	0.7934
225.00	11	-0.6197	0.1710	0.8319
226.00	11	-0.4421	0.1616	0.8178
227.00	11	-0.2752	0.1410	0.8161
228.00	11	-0.0950	0.1199	0.8248
229.00	11	-0.0469	-0.0821	0.8674
230.00	11	-0.0114	-0.0602	0.7965
231.00	11	-0.0093	-0.0576	0.6426
232.00	11	-0.0085	-0.0570	0.6049
233.00	11	-0.0059	-0.0548	0.4782
234.00	11	-0.0031	-0.0523	0.3893
235.00	11	-0.0002	-0.0495	0.3010
236.00	11	0.0037	-0.0465	0.2158
237.00	11	0.0098	-0.0442	0.1460
238.00	11	0.0191	-0.0436	0.1456
239.00	11	0.0189	-0.0435	0.1457
240.00	12	-1.0347	0.6708	0.8057
241.00	12	-0.9569	0.4679	0.8384
242.00	12	-0.8553	0.3340	0.8213
243.00	12	-0.7155	0.2845	0.8334
244.00	12	-0.7894	0.1638	0.7936
245.00	12	-0.6191	0.1705	0.8321
246.00	12	-0.4419	0.1613	0.8185
247.00	12	-0.2753	0.1409	0.8158
248.00	12	-0.0954	0.1202	0.8262
249.00	12	-0.0466	-0.0824	0.8674
250.00	12	-0.0108	-0.0593	0.7577
251.00	12	-0.0100	-0.0584	0.7076
252.00	12	-0.0085	-0.0570	0.6008
253.00	12	-0.0056	-0.0546	0.4698
254.00	12	-0.0043	-0.0535	0.4274
255.00	12	-0.0005	-0.0498	0.3095
256.00	12	0.0029	-0.0470	0.2311
257.00	12	0.0086	-0.0446	0.1559
258.00	12	0.0117	-0.0431	0.1502
259.00	12	0.0189	-0.0435	0.1457
260.00	13	-1.0341	0.6702	0.8058
261.00	13	-0.9601	0.4632	0.8382
262.00	13	-0.8572	0.3294	0.8208
263.00	13	-0.7178	0.2814	0.8327
264.00	13	-0.7894	0.1638	0.7936
265.00	13	-0.6189	0.1703	0.8321
266.00	13	-0.4421	0.1615	0.8180
267.00	13	-0.2753	0.1410	0.8159
268.00	13	-0.0957	0.1204	0.8271
269.00	13	-0.0504	-0.0777	0.8673
270.00	13	-0.0106	-0.0590	0.7427
271.00	13	-0.0096	-0.0579	0.6632
272.00	13	-0.0085	-0.0570	0.6049
273.00	13	-0.0060	-0.0549	0.4824
274.00	13	-0.0026	-0.0516	0.3765
275.00	13	0.0003	-0.0491	0.2885
276.00	13	0.0041	-0.0462	0.2084
277.00	13	0.0050	-0.0457	0.1940
278.00	13	0.0186	-0.0438	0.1459
279.00	13	0.0189	-0.0435	0.1457
280.00	14	-1.0350	0.6709	0.8057
281.00	14	-0.9586	0.4652	0.8383
282.00	14	-0.8559	0.3328	0.8211
283.00	14	-0.7211	0.2749	0.8318
284.00	14	-0.7896	0.1637	0.7935
285.00	14	-0.6190	0.1704	0.8321
286.00	14	-0.4420	0.1614	0.8183
287.00	14	-0.2750	0.1412	0.8163
288.00	14	-0.0951	0.1200	0.8253
289.00	14	-0.0495	-0.0789	0.8673
290.00	14	-0.0102	-0.0586	0.7195
291.00	14	-0.0099	-0.0582	0.6956
292.00	14	-0.0076	-0.0563	0.5544
293.00	14	-0.0067	-0.0556	0.5120
294.00	14	-0.0049	-0.0539	0.4444
295.00	14	-0.0003	-0.0497	0.3052
296.00	14	0.0015	-0.0480	0.2632
297.00	14	0.0087	-0.0448	0.1534
298.00	14	0.0188	-0.0434	0.1457
299.00	14	0.0189	-0.0435	0.1457
300.00	15	-1.0345	0.6707	0.8057
301.00	15	-0.9593	0.4642	0.8382
302.00	15	-0.8613	0.3196	0.8200
303.00	15	-0.7194	0.2785	0.8322
304.00	15	-0.7891	0.1642	0.7936
305.00	15	-0.6199	0.1713	0.8318
306.00	15	-0.4422	0.1618	0.8173
307.00	15	-0.2752	0.1410	0.8161
308.00	15	-0.0962	0.1208	0.8289
309.00	15	-0.0464	-0.0828	0.8674
310.00	15	-0.0105	-0.0589	0.7350
311.00	15	-0.0098	-0.0581	0.6796
312.00	15	-0.0087	-0.0572	0.6174
313.00	15	-0.0069	-0.0556	0.5162
314.00	15	-0.0021	-0.0512	0.3597
315.00	15	-0.0009	-0.0502	0.3220
316.00	15	0.0041	-0.0462	0.2084
317.00	15	0.0079	-0.0448	0.1617
318.00	15	0.0189	-0.0434	0.1457
319.00	15	0.0189	-0.0435	0.1457
320.00	16	-1.0340	0.6699	0.8057
321.00	16	-0.9609	0.4620	0.8382
322.00	16	-0.8559	0.3328	0.8211
323.00	16	-0.7187	0.2798	0.8324
324.00	16	-0.7893	0.1640	0.7936
325.00	16	-0.6189	0.1703	0.8321
326.00	16	-0.4420	0.1614	0.8183
327.00	16	-0.2750	0.1411	0.8162
328.00	16	-0.0965	0.1212	0.8299
329.00	16	-0.0464	-0.0828	0.8674
330.00	16	-0.0102	-0.0586	0.7195
331.00	16	-0.0093	-0.0576	0.6385
332.00	16	-0.0077	-0.0564	0.5585
333.00	16	-0.0054	-0.0544	0.4613
334.00	16	-0.0022	-0.0513	0.3639
335.00	16	-0.0005	-0.0498	0.3095
336.00	16	0.0021	-0.0475	0.2470
337.00	16	0.0058	-0.0454	0.1837
338.00	16	0.0131	-0.0430	0.1471
339.00	16	0.0189	-0.0435	0.1457
340.00	17	-1.0345	0.6707	0.8057
341.00	17	-0.9603	0.4629	0.8382
342.00	17	-0.8613	0.3196	0.8200
343.00	17	-0.7163	0.2835	0.8331
344.00	17	-0.7905	0.1628	0.7934
345.00	17	-0.6199	0.1715	0.8318
346.00	17	-0.4422	0.1618	0.8173
347.00	17	-0.2755	0.1408	0.8155
348.00	17	-0.0954	0.1203	0.8264
349.00	17	-0.0490	-0.0797	0.8674
350.00	17	-0.0110	-0.0596	0.7722
351.00	17	-0.0098	-0.0581	0.6796
352.00	17	-0.0080	-0.0566	0.5755
353.00	17	-0.0054	-0.0544	0.4613
354.00	17	-0.0019	-0.0510	0.3554
355.00	17	-0.0017	-0.0509	0.3431
356.00	17	0.0029	-0.0470	0.2311
357.00	17	0.0075	-0.0449	0.1647
358.00	17	0.0189	-0.0434	0.1457
359.00	17	0.0189	-0.0435	0.1457
360.00	18	-1.0341	0.6700	0.8057
361.00	18	-0.9616	0.4610	0.8382
362.00	18	-0.8649	0.3112	0.8195
363.00	18	-0.7166	0.2832	0.8330
364.00	18	-0.7896	0.1637	0.7935
365.00	18	-0.6197	0.1711	0.8318
366.00	18	-0.4422	0.1620	0.8170
367.00	18	-0.2756	0.1407	0.8151
368.00	18	-0.0964	0.1210	0.8294
369.00	18	-0.0459	-0.0834	0.8674
370.00	18	-0.0104	-0.0588	0.7312
371.00	18	-0.0087	-0.0572	0.6174
372.00	18	-0.0077	-0.0564	0.5585
373.00	18	-0.0055	-0.0545	0.4655
374.00	18	-0.0031	-0.0523	0.3893
375.00	18	-0.0011	-0.0503	0.3262
376.00	18	0.0058	-0.0454	0.1837
377.00	18	0.0079	-0.0448	0.1617
378.00	18	0.0125	-0.0430	0.1481
379.00	18	0.0189	-0.0435	0.1457
380.00	19	-1.0353	0.6714	0.8057
381.00	19	-0.9603	0.4629	0.8382
382.00	19	-0.8644	0.3122	0.8195
383.00	19	-0.7184	0.2803	0.8325
384.00	19	-0.7899	0.1634	0.7935
385.00	19	-0.6197	0.1711	0.8318
386.00	19	-0.4419	0.1614	0.8184
387.00	19	-0.2754	0.1408	0.8156
388.00	19	-0.0954	0.1203	0.8264
389.00	19	-0.0466	-0.0824	0.8674
390.00	19	-0.0103	-0.0586	0.7234
391.00	19	-0.0095	-0.0578	0.6591
392.00	19	-0.0077	-0.0564	0.5585
393.00	19	-0.0059	-0.0548	0.4782
394.00	19	-0.0042	-0.0534	0.4232
395.00	19	0.0003	-0.0491	0.2885
396.00	19	0.0048	-0.0459	0.1976
397.00	19	0.0101	-0.0437	0.1486
398.00	19	0.0191	-0.0436	0.1456
399.00	19	0.0189	-0.0435	0.1457
400.00	20	-1.0344	0.6705	0.8058
401.00	20	-0.9601	0.4632	0.8382
402.00	20	-0.8649	0.3112	0.8195
403.00	20	-0.7211	0.2749	0.8318
404.00	20	-0.7914	0.1619	0.7934
405.00	20	-0.6196	0.1710	0.8319
406.00	20	-0.4415	0.1611	0.8194
407.00	20	-0.2754	0.1409	0.8157
408.00	20	-0.0970	0.1216	0.8308
409.00	20	-0.0454	-0.0840	0.8674
410.00	20	-0.0105	-0.0589	0.7350
411.00	20	-0.0093	-0.0577	0.6467
412.00	20	-0.0069	-0.0557	0.5205
413.00	20	-0.0045	-0.0536	0.4317
414.00	20	-0.0029	-0.0521	0.3851
415.00	20	0.0007	-0.0487	0.2799
416.00	20	0.0027	-0.0471	0.2351
417.00	20	0.0069	-0.0451	0.1708
418.00	20	0.0190	-0.0435	0.1457
419.00	20	0.0189	-0.0435	0.1457
420.00	21	-1.0352	0.6714	0.8057
421.00	21	-0.9622	0.4598	0.8382
422.00	21	-0.8586	0.3261	0.8205
423.00	21	-0.7201	0.2771	0.8320
424.00	21	-0.7888	0.1645	0.7937
425.00	21	-0.6197	0.1711	0.8318
426.00	21	-0.4422	0.1616	0.8177
427.00	21	-0.2756	0.1407	0.8151
428.00	21	-0.0962	0.1208	0.8289
429.00	21	-0.0449	-0.0846	0.8674
430.00	21	-0.0106	-0.0590	0.7427
431.00	21	-0.0089	-0.0574	0.6299
432.00	21	-0.0077	-0.0564	0.5585
433.00	21	-0.0047	-0.0538	0.4402
434.00	21	-0.0024	-0.0515	0.3681
435.00	21	-0.0012	-0.0505	0.3304
436.00	21	0.0035	-0.0466	0.2196
437.00	21	0.0105	-0.0436	0.1498
438.00	21	0.0189	-0.0435	0.1457
439.00	21	0.0189	-0.0435	0.1457
440.00	22	-1.0351	0.6710	0.8057
441.00	22	-0.9596	0.4638	0.8382
442.00	22	-0.8649	0.3112	0.8195
443.00	22	-0.7225	0.2715	0.8314
444.00	22	-0.7886	0.1646	0.7938
445.00	22	-0.6200	0.1715	0.8318
446.00	22	-0.4422	0.1617	0.8176
447.00	22	-0.2757	0.1407	0.8147
448.00	22	-0.0964	0.1210	0.8294
449.00	22	-0.0472	-0.0817	0.8674
450.00	22	-0.0101	-0.0585	0.7116
451.00	22	-0.0093	-0.0577	0.6467
452.00	22	-0.0082	-0.0567	0.5839
453.00	22	-0.0063	-0.0552	0.4992
454.00	22	-0.0019	-0.0510	0.3554
455.00	22	0.0020	-0.0476	0.2510
456.00	22	0.0066	-0.0452	0.1739
457.00	22	0.0098	-0.0442	0.1461
458.00	22	0.0190	-0.0435	0.1457
459.00	22	0.0189	-0.0435	0.1457
460.00	23	-1.0352	0.6711	0.8057
461.00	23	-0.9626	0.4588	0.8383
462.00	23	-0.8649	0.3112	0.8195
463.00	23	-0.7239	0.2678	0.8311
464.00	23	-0.7883	0.1649	0.7939
465.00	23	-0.6199	0.1714	0.8318
466.00	23	-0.4421	0.1616	0.8178
467.00	23	-0.2756	0.1408	0.8152
468.00	23	-0.0965	0.1211	0.8297
469.00	23	-0.0482	-0.0808	0.8675
470.00	23	-0.0105	-0.0589	0.7389
471.00	23	-0.0088	-0.0573	0.6216
472.00	23	-0.0069	-0.0557	0.5205
473.00	23	-0.0061	-0.0550	0.4866
474.00	23	-0.0020	-0.0512	0.3515
475.00	23	-0.0008	-0.0501	0.3178
476.00	23	0.0058	-0.0454	0.1837
477.00	23	0.0095	-0.0446	0.1482
478.00	23	0.0131	-0.0430	0.1471
479.00	23	0.0189	-0.0435	0.1457
480.00	24	-1.0352	0.6714	0.8057
481.00	24	-0.9620	0.4605	0.8382
482.00	24	-0.8590	0.3250	0.8204
483.00	24	-0.7235	0.2688	0.8312
484.00	24	-0.7894	0.1638	0.7936
485.00	24	-0.6197	0.1711	0.8318
486.00	24	-0.4413	0.1610	0.8197
487.00	24	-0.2756	0.1408	0.8152
488.00	24	-0.0972	0.1218	0.8314
489.00	24	-0.0461	-0.0831	0.8674
490.00	24	-0.0107	-0.0591	0.7503
491.00	24	-0.0088	-0.0573	0.6258
492.00	24	-0.0080	-0.0566	0.5755
493.00	24	-0.0054	-0.0544	0.4613
494.00	24	-0.0031	-0.0523	0.3893
495.00	24	-0.0005	-0.0498	0.3095
496.00	24	0.0048	-0.0459	0.1976
497.00	24	0.0109	-0.0433	0.1500
498.00	24	0.0191	-0.0436	0.1456
499.00	24	0.0189	-0.0435	0.1457
500.00	25	-1.0345	0.6707	0.8057
501.00	25	-0.9623	0.4596	0.8382
502.00	25	-0.8644	0.3122	0.8195
503.00	25	-0.7235	0.2688	0.8312
504.00	25	-0.7893	0.1640	0.7936
505.00	25	-0.6195	0.1709	0.8319
506.00	25	-0.4420	0.1614	0.8181
507.00	25	-0.2753	0.1409	0.8158
508.00	25	-0.0973	0.1219	0.8317
509.00	25	-0.0444	-0.0852	0.8675
510.00	25	-0.0101	-0.0585	0.7116
511.00	25	-0.0093	-0.0576	0.6385
512.00	25	-0.0069	-0.0556	0.5162
513.00	25	-0.0059	-0.0548	0.4782
514.00	25	-0.0024	-0.0515	0.3681
515.00	25	0.0021	-0.0475	0.2470
516.00	25	0.0079	-0.0448	0.1617
517.00	25	0.0100	-0.0439	0.1479
518.00	25	0.0189	-0.0434	0.1457
519.00	25	0.0189	-0.0435	0.1457
520.00	26	-1.0344	0.6705	0.8057
521.00	26	-0.9605	0.4626	0.8382
522.00	26	-0.8663	0.3081	0.8194
523.00	26	-0.7197	0.2779	0.8321
524.00	26	-0.7882	0.1650	0.7940
525.00	26	-0.6201	0.1716	0.8317
526.00	26	-0.4419	0.1613	0.8185
527.00	26	-0.2755	0.1408	0.8153
528.00	26	-0.0963	0.1209	0.8291
529.00	26	-0.0459	-0.0834	0.8674
530.00	26	-0.0105	-0.0589	0.7389
531.00	26	-0.0089	-0.0574	0.6299
532.00	26	-0.0065	-0.0553	0.5033
533.00	26	-0.0058	-0.0547	0.4740
534.00	26	-0.0029	-0.0521	0.3851
535.00	26	0.0021	-0.0475	0.2470
536.00	26	0.0072	-0.0449	0.1677
537.00	26	0.0125	-0.0430	0.1481
538.00	26	0.0189	-0.0435	0.1457
539.00	26	0.0189	-0.0435	0.1457
540.00	27	-1.0355	0.6718	0.8056
541.00	27	-0.9626	0.4588	0.8383
542.00	27	-0.8621	0.3174	0.8198
543.00	27	-0.7221	0.2724	0.8315
544.00	27	-0.7885	0.1648	0.7938
545.00	27	-0.6199	0.1713	0.8318
546.00	27	-0.4418	0.1612	0.8189
547.00	27	-0.2757	0.1407	0.8146
548.00	27	-0.0975	0.1222	0.8331
549.00	27	-0.0472	-0.0817	0.8674
550.00	27	-0.0098	-0.0581	0.6916
551.00	27	-0.0082	-0.0567	0.5839
552.00	27	-0.0071	-0.0558	0.5247
553.00	27	-0.0040	-0.0531	0.4147
554.00	27	-0.0020	-0.0512	0.3515
555.00	27	0.0017	-0.0479	0.2591
556.00	27	0.0048	-0.0459	0.1976
557.00	27	0.0091	-0.0447	0.1508
558.00	27	0.0189	-0.0435	0.1457
559.00	27	0.0189	-0.0435	0.1457
560.00	28	-1.0355	0.6717	0.8056
561.00	28	-0.9626	0.4586	0.8382
562.00	28	-0.8681	0.3041	0.8193
563.00	28	-0.7260	0.2618	0.8307
564.00	28	-0.7891	0.1642	0.7936
565.00	28	-0.6197	0.1710	0.8319
566.00	28	-0.4419	0.1614	0.8184
567.00	28	-0.2756	0.1407	0.8150
568.00	28	-0.0961	0.1207	0.8283
569.00	28	-0.0439	-0.0858	0.8675
570.00	28	-0.0100	-0.0584	0.7076
571.00	28	-0.0086	-0.0571	0.6091
572.00	28	-0.0061	-0.0550	0.4866
573.00	28	-0.0047	-0.0538	0.4402
574.00	28	-0.0021	-0.0512	0.3597
575.00	28	0.0000	-0.0494	0.2968
576.00	28	0.0086	-0.0446	0.1559
577.00	28	0.0125	-0.0430	0.1481
578.00	28	0.0190	-0.0435	0.1457
579.00	28	0.0189	-0.0435	0.1457
580.00	29	-1.0355	0.6718	0.8056
581.00	29	-0.9618	0.4608	0.8382
582.00	29	-0.8672	0.3061	0.8193
583.00	29	-0.7197	0.2779	0.8321
584.00	29	-0.7873	0.1657	0.7944
585.00	29	-0.6202	0.1719	0.8316
586.00	29	-0.4407	0.1610	0.8203
587.00	29	-0.2757	0.1406	0.8141
588.00	29	-0.0974	0.1221	0.8328
589.00	29	-0.0454	-0.0840	0.8674
590.00	29	-0.0096	-0.0579	0.6632
591.00	29	-0.0080	-0.0566	0.5755
592.00	29	-0.0067	-0.0556	0.5120
593.00	29	-0.0049	-0.0539	0.4444
594.00	29	-0.0014	-0.0506	0.3346
595.00	29	0.0025	-0.0472	0.2390
596.00	29	0.0058	-0.0454	0.1837
597.00	29	0.0098	-0.0440	0.1472
598.00	29	0.0189	-0.0435	0.1457
599.00	29	0.0189	-0.0435	0.1457
600.00	30	-1.0357	0.6720	0.8055
601.00	30	-0.9625	0.4590	0.8383
602.00	30	-0.8705	0.2991	0.8192
603.00	30	-0.7215	0.2741	0.8317
604.00	30	-0.7886	0.1646	0.7938
605.00	30	-0.6198	0.1712	0.8318
606.00	30	-0.4418	0.1613	0.8186
607.00	30	-0.2756	0.1408	0.8152
608.00	30	-0.0973	0.1220	0.8325
609.00	30	-0.0454	-0.0840	0.8674
610.00	30	-0.0103	-0.0586	0.7234
611.00	30	-0.0079	-0.0565	0.5670
612.00	30	-0.0071	-0.0559	0.5289
613.00	30	-0.0031	-0.0523	0.3934
614.00	30	-0.0020	-0.0512	0.3515
615.00	30	0.0029	-0.0470	0.2311
616.00	30	0.0043	-0.0461	0.2048
617.00	30	0.0109	-0.0433	0.1500
618.00	30	0.0190	-0.0435	0.1457
619.00	30	0.0189	-0.0435	0.1457
620.00	31	-1.0353	0.6715	0.8057
621.00	31	-0.9624	0.4594	0.8383
622.00	31	-0.8635	0.3143	0.8197
623.00	31	-0.7271	0.2587	0.8305
624.00	31	-0.7882	0.1650	0.7940
625.00	31	-0.6199	0.1715	0.8318
626.00	31	-0.4405	0.1610	0.8204
627.00	31	-0.2758	0.1405	0.8135
628.00	31	-0.0972	0.1218	0.8314
629.00	31	-0.0444	-0.0852	0.8675
630.00	31	-0.0094	-0.0578	0.6550
631.00	31	-0.0080	-0.0565	0.5712
632.00	31	-0.0065	-0.0553	0.5033
633.00	31	-0.0034	-0.0526	0.4019
634.00	31	-0.0003	-0.0497	0.3052
635.00	31	0.0015	-0.0480	0.2632
636.00	31	0.0091	-0.0447	0.1508
637.00	31	0.0186	-0.0438	0.1459
638.00	31	0.0190	-0.0435	0.1457
639.00	31	0.0189	-0.0435	0.1457
640.00	32	-1.0351	0.6713	0.8057
641.00	32	-0.9626	0.4584	0.8382
642.00	32	-0.8658	0.3092	0.8194
643.00	32	-0.7260	0.2618	0.8307
644.00	32	-0.7879	0.1653	0.7941
645.00	32	-0.6201	0.1717	0.8317
646.00	32	-0.4418	0.1612	0.8189
647.00	32	-0.2757	0.1407	0.8147
648.00	32	-0.0964	0.1210	0.8294
649.00	32	-0.0444	-0.0852	0.8675
650.00	32	-0.0097	-0.0579	0.6674
651.00	32	-0.0087	-0.0572	0.6174
652.00	32	-0.0072	-0.0560	0.5332
653.00	32	-0.0034	-0.0526	0.4019
654.00	32	0.0003	-0.0491	0.2885
655.00	32	0.0027	-0.0471	0.2351
656.00	32	0.0079	-0.0448	0.1617
657.00	32	0.0186	-0.0438	0.1459
658.00	32	0.0190	-0.0435	0.1457
659.00	32	0.0189	-0.0435	0.1457
660.00	33	-1.0354	0.6716	0.8057
661.00	33	-0.9628	0.4577	0.8382
662.00	33	-0.8663	0.3081	0.8194
663.00	33	-0.7274	0.2576	0.8304
664.00	33	-0.7866	0.1661	0.7949
665.00	33	-0.6201	0.1717	0.8317
666.00	33	-0.4411	0.1610	0.8199
667.00	33	-0.2756	0.1407	0.8150
668.00	33	-0.0965	0.1212	0.8299
669.00	33	-0.0436	-0.0861	0.8675
670.00	33	-0.0101	-0.0585	0.7116
671.00	33	-0.0078	-0.0564	0.5628
672.00	33	-0.0071	-0.0559	0.5289
673.00	33	-0.0042	-0.0534	0.4232
674.00	33	-0.0017	-0.0509	0.3431
675.00	33	0.0018	-0.0478	0.2551
676.00	33	0.0079	-0.0448	0.1617
677.00	33	0.0114	-0.0431	0.1504
678.00	33	0.0190	-0.0435	0.1457
679.00	33	0.0189	-0.0435	0.1457
680.00	34	-1.0355	0.6718	0.8056
681.00	34	-0.9625	0.4592	0.8383
682.00	34	-0.8715	0.2972	0.8192
683.00	34	-0.7257	0.2629	0.8308
684.00	34	-0.7863	0.1664	0.7953
685.00	34	-0.6201	0.1717	0.8317
686.00	34	-0.4401	0.1610	0.8206
687.00	34	-0.2756	0.1407	0.8149
688.00	34	-0.0970	0.1216	0.8308
689.00	34	-0.0422	-0.0876	0.8676
690.00	34	-0.0096	-0.0579	0.6632
691.00	34	-0.0078	-0.0564	0.5628
692.00	34	-0.0056	-0.0546	0.4698
693.00	34	-0.0046	-0.0537	0.4359
694.00	34	-0.0019	-0.0510	0.3473
695.00	34	0.0017	-0.0479	0.2591
696.00	34	0.0072	-0.0449	0.1677
697.00	34	0.0188	-0.0434	0.1457
698.00	34	0.0190	-0.0434	0.1457
699.00	34	0.0189	-0.0435	0.1457
700.00	35	-1.0355	0.6717	0.8056
701.00	35	-0.9628	0.4576	0.8382
702.00	35	-0.8668	0.3071	0.8194
703.00	35	-0.7225	0.2715	0.8314
704.00	35	-0.7880	0.1652	0.7940
705.00	35	-0.6201	0.1717	0.8317
706.00	35	-0.4399	0.1610	0.8207
707.00	35	-0.2757	0.1406	0.8141
708.00	35	-0.0975	0.1222	0.8331
709.00	35	-0.0432	-0.0866	0.8675
710.00	35	-0.0099	-0.0582	0.6956
711.00	35	-0.0079	-0.0565	0.5670
712.00	35	-0.0062	-0.0551	0.4909
713.00	35	-0.0045	-0.0536	0.4317
714.00	35	-0.0020	-0.0512	0.3515
715.00	35	0.0015	-0.0480	0.2632
716.00	35	0.0100	-0.0439	0.1479
717.00	35	0.0163	-0.0435	0.1456
718.00	35	0.0190	-0.0434	0.1457
719.00	35	0.0189	-0.0435	0.1457
720.00	36	-1.0359	0.6719	0.8056
721.00	36	-0.9626	0.4588	0.8383
722.00	36	-0.8733	0.2933	0.8193
723.00	36	-0.7267	0.2598	0.8306
724.00	36	-0.7883	0.1649	0.7939
725.00	36	-0.6202	0.1721	0.8315
726.00	36	-0.4396	0.1610	0.8208
727.00	36	-0.2759	0.1404	0.8131
728.00	36	-0.0982	0.1230	0.8352
729.00	36	-0.0417	-0.0880	0.8677
730.00	36	-0.0098	-0.0581	0.6916
731.00	36	-0.0087	-0.0571	0.6133
732.00	36	-0.0061	-0.0550	0.4866
733.00	36	-0.0026	-0.0516	0.3765
734.00	36	-0.0017	-0.0509	0.3431
735.00	36	0.0023	-0.0473	0.2429
736.00	36	0.0098	-0.0442	0.1460
737.00	36	0.0177	-0.0437	0.1460
738.00	36	0.0189	-0.0435	0.1457
739.00	36	0.0189	-0.0435	0.1457
740.00	37	-1.0357	0.6720	0.8055
741.00	37	-0.9626	0.4584	0.8382
742.00	37	-0.8729	0.2943	0.8192
743.00	37	-0.7232	0.2697	0.8312
744.00	37	-0.7883	0.1649	0.7939
745.00	37	-0.6203	0.1724	0.8313
746.00	37	-0.4403	0.1610	0.8205
747.00	37	-0.2758	0.1406	0.8140
748.00	37	-0.0985	0.1233	0.8364
749.00	37	-0.0412	-0.0885	0.8678
750.00	37	-0.0093	-0.0577	0.6467
751.00	37	-0.0075	-0.0561	0.5459
752.00	37	-0.0065	-0.0553	0.5033
753.00	37	-0.0043	-0.0535	0.4274
754.00	37	-0.0009	-0.0502	0.3220
755.00	37	0.0027	-0.0471	0.2351
756.00	37	0.0066	-0.0452	0.1739
757.00	37	0.0189	-0.0435	0.1457
758.00	37	0.0190	-0.0434	0.1457
759.00	37	0.0189	-0.0435	0.1457
760.00	38	-1.0338	0.6720	0.8054
761.00	38	-0.9625	0.4565	0.8381
762.00	38	-0.8738	0.2924	0.8193
763.00	38	-0.7274	0.2576	0.8304
764.00	38	-0.7860	0.1665	0.7956
765.00	38	-0.6203	0.1722	0.8314
766.00	38	-0.4407	0.1610	0.8203
767.00	38	-0.2757	0.1407	0.8145
768.00	38	-0.0978	0.1225	0.8339
769.00	38	-0.0432	-0.0866	0.8675
770.00	38	-0.0094	-0.0577	0.6509
771.00	38	-0.0076	-0.0562	0.5501
772.00	38	-0.0060	-0.0549	0.4824
773.00	38	-0.0020	-0.0512	0.3515
774.00	38	0.0007	-0.0487	0.2799
775.00	38	0.0023	-0.0473	0.2429
776.00	38	0.0079	-0.0448	0.1617
777.00	38	0.0122	-0.0430	0.1490
778.00	38	0.0190	-0.0434	0.1457
779.00	38	0.0189	-0.0435	0.1457
780.00	39	-1.0348	0.6720	0.8054
781.00	39	-0.9626	0.4586	0.8382
782.00	39	-0.8681	0.3041	0.8193
783.00	39	-0.7292	0.2523	0.8301
784.00	39	-0.7872	0.1658	0.7945
785.00	39	-0.6204	0.1725	0.8312
786.00	39	-0.4393	0.1610	0.8209
787.00	39	-0.2759	0.1404	0.8130
788.00	39	-0.0979	0.1226	0.8342
789.00	39	-0.0432	-0.0866	0.8675
790.00	39	-0.0088	-0.0573	0.6258
791.00	39	-0.0085	-0.0570	0.6049
792.00	39	-0.0051	-0.0542	0.4528
793.00	39	-0.0033	-0.0525	0.3976
794.00	39	0.0001	-0.0492	0.2926
795.00	39	0.0035	-0.0466	0.2196
796.00	39	0.0066	-0.0452	0.1739
797.00	39	0.0114	-0.0431	0.1504
798.00	39	0.0190	-0.0434	0.1457
799.00	39	0.0189	-0.0435	0.1457
800.00	40	-1.0335	0.6720	0.8054
801.00	40	-0.9626	0.4567	0.8381
802.00	40	-0.8719	0.2962	0.8192
803.00	40	-0.7296	0.2512	0.8300
804.00	40	-0.7856	0.1666	0.7961
805.00	40	-0.6201	0.1717	0.8317
806.00	40	-0.4406	0.1610	0.8203
807.00	40	-0.2759	0.1404	0.8131
808.00	40	-0.0981	0.1229	0.8350
809.00	40	-0.0417	-0.0880	0.8677
810.00	40	-0.0088	-0.0573	0.6258
811.00	40	-0.0081	-0.0567	0.5797
812.00	40	-0.0062	-0.0551	0.4909
813.00	40	-0.0020	-0.0512	0.3515
814.00	40	0.0017	-0.0479	0.2591
815.00	40	0.0038	-0.0463	0.2121
816.00	40	0.0072	-0.0449	0.1677
817.00	40	0.0117	-0.0431	0.1502
818.00	40	0.0189	-0.0435	0.1457
819.00	40	0.0189	-0.0435	0.1457
820.00	41	-1.0357	0.6720	0.8055
821.00	41	-0.9626	0.4586	0.8382
822.00	41	-0.8753	0.2896	0.8194
823.00	41	-0.7306	0.2479	0.8298
824.00	41	-0.7873	0.1657	0.7944
825.00	41	-0.6201	0.1717	0.8317
826.00	41	-0.4386	0.1611	0.8211
827.00	41	-0.2758	0.1406	0.8140
828.00	41	-0.0978	0.1225	0.8339
829.00	41	-0.0412	-0.0885	0.8678
830.00	41	-0.0093	-0.0576	0.6426
831.00	41	-0.0082	-0.0568	0.5881
832.00	41	-0.0052	-0.0543	0.4571
833.00	41	-0.0040	-0.0531	0.4147
834.00	41	0.0007	-0.0487	0.2799
835.00	41	0.0038	-0.0463	0.2121
836.00	41	0.0091	-0.0447	0.1508
837.00	41	0.0188	-0.0434	0.1457
838.00	41	0.0190	-0.0434	0.1457
839.00	41	0.0189	-0.0435	0.1457
840.00	42	-1.0358	0.6718	0.8056
841.00	42	-0.9626	0.4567	0.8381
842.00	42	-0.8672	0.3061	0.8193
843.00	42	-0.7285	0.2545	0.8302
844.00	42	-0.7874	0.1656	0.7943
845.00	42	-0.6204	0.1727	0.8311
846.00	42	-0.4408	0.1610	0.8202
847.00	42	-0.2759	0.1404	0.8126
848.00	42	-0.0984	0.1232	0.8361
849.00	42	-0.0434	-0.0863	0.8675
850.00	42	-0.0086	-0.0571	0.6091
851.00	42	-0.0072	-0.0560	0.5332
852.00	42	-0.0059	-0.0548	0.4782
853.00	42	-0.0036	-0.0527	0.4061
854.00	42	-0.0002	-0.0495	0.3010
855.00	42	0.0037	-0.0465	0.2158
856.00	42	0.0082	-0.0447	0.1588
857.00	42	0.0190	-0.0434	0.1457
858.00	42	0.0190	-0.0434	0.1457
859.00	42	0.0189	-0.0435	0.1457
860.00	43	-1.0324	0.6718	0.8054
861.00	43	-0.9626	0.4567	0.8381
862.00	43	-0.8763	0.2878	0.8195
863.00	43	-0.7249	0.2649	0.8309
864.00	43	-0.7874	0.1656	0.7943
865.00	43	-0.6202	0.1721	0.8315
866.00	43	-0.4401	0.1610	0.8206
867.00	43	-0.2759	0.1404	0.8130
868.00	43	-0.0983	0.1231	0.8358
869.00	43	-0.0410	-0.0887	0.8678
870.00	43	-0.0093	-0.0577	0.6467
871.00	43	-0.0075	-0.0561	0.5459
872.00	43	-0.0054	-0.0544	0.4613
873.00	43	-0.0017	-0.0509	0.3431
874.00	43	0.0000	-0.0494	0.2968
875.00	43	0.0045	-0.0460	0.2011
876.00	43	0.0117	-0.0431	0.1502
877.00	43	0.0189	-0.0435	0.1457
878.00	43	0.0190	-0.0434	0.1457
879.00	43	0.0189	-0.0435	0.1457
880.00	44	-1.0359	0.6719	0.8056
881.00	44	-0.9627	0.4581	0.8382
882.00	44	-0.8773	0.2860	0.8196
883.00	44	-0.7271	0.2587	0.8305
884.00	44	-0.7865	0.1662	0.7951
885.00	44	-0.6204	0.1725	0.8312
886.00	44	-0.4396	0.1610	0.8208
887.00	44	-0.2759	0.1404	0.8132
888.00	44	-0.0975	0.1222	0.8331
889.00	44	-0.0398	-0.0896	0.8680
890.00	44	-0.0095	-0.0578	0.6591
891.00	44	-0.0073	-0.0560	0.5374
892.00	44	-0.0059	-0.0548	0.4782
893.00	44	-0.0022	-0.0513	0.3639
894.00	44	-0.0007	-0.0499	0.3136
895.00	44	0.0066	-0.0452	0.1739
896.00	44	0.0103	-0.0436	0.1492
897.00	44	0.0189	-0.0435	0.1457
898.00	44	0.0190	-0.0434	0.1457
899.00	44	0.0189	-0.0435	0.1457
900.00	45	-1.0358	0.6719	0.8056
901.00	45	-0.9626	0.4569	0.8381
902.00	45	-0.8749	0.2905	0.8193
903.00	45	-0.7285	0.2545	0.8302
904.00	45	-0.7857	0.1666	0.7960
905.00	45	-0.6202	0.1722	0.8315
906.00	45	-0.4386	0.1611	0.8211
907.00	45	-0.2758	0.1405	0.8136
908.00	45	-0.0981	0.1229	0.8350
909.00	45	-0.0427	-0.0871	0.8676
910.00	45	-0.0086	-0.0571	0.6091
911.00	45	-0.0069	-0.0556	0.5162
912.00	45	-0.0050	-0.0540	0.4486
913.00	45	-0.0020	-0.0512	0.3515
914.00	45	0.0025	-0.0472	0.2390
915.00	45	0.0059	-0.0454	0.1805
916.00	45	0.0098	-0.0442	0.1460
917.00	45	0.0163	-0.0435	0.1456
918.00	45	0.0190	-0.0434	0.1457
919.00	45	0.0189	-0.0435	0.1457
920.00	46	-1.0338	0.6720	0.8054
921.00	46	-0.9624	0.4563	0.8380
922.00	46	-0.8705	0.2991	0.8192
923.00	46	-0.7323	0.2425	0.8295
924.00	46	-0.7864	0.1663	0.7952
925.00	46	-0.6203	0.1724	0.8313
926.00	46	-0.4387	0.1610	0.8210
927.00	46	-0.2759	0.1404	0.8126
928.00	46	-0.0981	0.1229	0.8350
929.00	46	-0.0424	-0.0874	0.8676
930.00	46	-0.0096	-0.0579	0.6632
931.00	46	-0.0065	-0.0553	0.5033
932.00	46	-0.0052	-0.0543	0.4571
933.00	46	-0.0009	-0.0502	0.3220
934.00	46	0.0015	-0.0480	0.2632
935.00	46	0.0062	-0.0453	0.1772
936.00	46	0.0103	-0.0436	0.1492
937.00	46	0.0186	-0.0438	0.1459
938.00	46	0.0190	-0.0434	0.1457
939.00	46	0.0189	-0.0435	0.1457
940.00	47	-1.0316	0.6717	0.8054
941.00	47	-0.9621	0.4559	0.8380
942.00	47	-0.8719	0.2962	0.8192
943.00	47	-0.7274	0.2576	0.8304
944.00	47	-0.7851	0.1668	0.7968
945.00	47	-0.6202	0.1720	0.8316
946.00	47	-0.4398	0.1610	0.8207
947.00	47	-0.2759	0.1404	0.8127
948.00	47	-0.0991	0.1244	0.8390
949.00	47	-0.0400	-0.0894	0.8679
950.00	47	-0.0087	-0.0572	0.6174
951.00	47	-0.0072	-0.0560	0.5332
952.00	47	-0.0054	-0.0544	0.4613
953.00	47	-0.0020	-0.0512	0.3515
954.00	47	0.0000	-0.0494	0.2968
955.00	47	0.0082	-0.0447	0.1588
956.00	47	0.0091	-0.0447	0.1508
957.00	47	0.0190	-0.0434	0.1457
958.00	47	0.0190	-0.0434	0.1457
959.00	47	0.0189	-0.0435	0.1457
960.00	48	-1.0343	0.6720	0.8055
961.00	48	-0.9626	0.4569	0.8381
962.00	48	-0.8792	0.2824	0.8199
963.00	48	-0.7292	0.2523	0.8301
964.00	48	-0.7865	0.1662	0.7951
965.00	48	-0.6204	0.1729	0.8309
966.00	48	-0.4401	0.1610	0.8206
967.00	48	-0.2760	0.1402	0.8120
968.00	48	-0.0991	0.1245	0.8393
969.00	48	-0.0384	-0.0905	0.8683
970.00	48	-0.0089	-0.0574	0.6299
971.00	48	-0.0061	-0.0550	0.4866
972.00	48	-0.0052	-0.0543	0.4571
973.00	48	-0.0024	-0.0515	0.3681
974.00	48	0.0017	-0.0479	0.2591
975.00	48	0.0050	-0.0457	0.1940
976.00	48	0.0131	-0.0430	0.1471
977.00	48	0.0191	-0.0436	0.1456
978.00	48	0.0189	-0.0434	0.1457
979.00	48	0.0189	-0.0435	0.1457
980.00	49	-1.0357	0.6720	0.8055
981.00	49	-0.9626	0.4569	0.8381
982.00	49	-0.8796	0.2816	0.8200
983.00	49	-0.7330	0.2403	0.8293
984.00	49	-0.7854	0.1667	0.7964
985.00	49	-0.6204	0.1730	0.8308
986.00	49	-0.4373	0.1613	0.8213
987.00	49	-0.2758	0.1405	0.8135
988.00	49	-0.0979	0.1226	0.8342
989.00	49	-0.0422	-0.0876	0.8676
990.00	49	-0.0084	-0.0569	0.5965
991.00	49	-0.0062	-0.0551	0.4949
992.00	49	-0.0050	-0.0540	0.4486
993.00	49	-0.0019	-0.0510	0.3473
994.00	49	0.0001	-0.0492	0.2926
995.00	49	0.0043	-0.0461	0.2048
996.00	49	0.0122	-0.0430	0.1490
997.00	49	0.0189	-0.0435	0.1457
998.00	49	0.0189	-0.0435	0.1457
999.00	49	0.0189	-0.0435	0.1457
1000.00	50	-1.0304	0.6715	0.8053
1001.00	50	-0.9621	0.4560	0.8380
1002.00	50	-0.8796	0.2816	0.8200
1003.00	50	-0.7303	0.2490	0.8299
1004.00	50	-0.7848	0.1668	0.7973
1005.00	50	-0.6203	0.1725	0.8313
1006.00	50	-0.4395	0.1610	0.8208
1007.00	50	-0.2758	0.1405	0.8134
1008.00	50	-0.0991	0.1244	0.8390
1009.00	50	-0.0403	-0.0892	0.8679
1010.00	50	-0.0088	-0.0573	0.6258
1011.00	50	-0.0062	-0.0551	0.4909
1012.00	50	-0.0049	-0.0539	0.4444
1013.00	50	-0.0021	-0.0512	0.3597
1014.00	50	0.0029	-0.0470	0.2311
1015.00	50	0.0087	-0.0448	0.1534
1016.00	50	0.0125	-0.0430	0.1481
1017.00	50	0.0190	-0.0435	0.1457
1018.00	50	0.0189	-0.0435	0.1457
1019.00	50	0.0189	-0.0435	0.1457
1020.00	51	-1.0338	0.6720	0.8054
1021.00	51	-0.9625	0.4565	0.8381
1022.00	51	-0.8778	0.2851	0.8197
1023.00	51	-0.7303	0.2490	0.8299
1024.00	51	-0.7847	0.1668	0.7974
1025.00	51	-0.6204	0.1726	0.8312
1026.00	51	-0.4377	0.1612	0.8212
1027.00	51	-0.2758	0.1405	0.8134
1028.00	51	-0.0992	0.1247	0.8402
1029.00	51	-0.0417	-0.0880	0.8677
1030.00	51	-0.0081	-0.0567	0.5797
1031.00	51	-0.0074	-0.0561	0.5416
1032.00	51	-0.0038	-0.0530	0.4105
1033.00	51	-0.0022	-0.0513	0.3639
1034.00	51	0.0012	-0.0482	0.2714
1035.00	51	0.0048	-0.0459	0.1976
1036.00	51	0.0117	-0.0431	0.1502
1037.00	51	0.0190	-0.0434	0.1457
1038.00	51	0.0190	-0.0434	0.1457
1039.00	51	0.0189	-0.0435	0.1457
1040.00	52	-1.0316	0.6717	0.8054
1041.00	52	-0.9620	0.4558	0.8380
1042.00	52	-0.8738	0.2924	0.8193
1043.00	52	-0.7333	0.2393	0.8292
1044.00	52	-0.7860	0.1665	0.7956
1045.00	52	-0.6204	0.1727	0.8311
1046.00	52	-0.4389	0.1610	0.8210
1047.00	52	-0.2759	0.1402	0.8121
1048.00	52	-0.0989	0.1242	0.8382
1049.00	52	-0.0386	-0.0903	0.8682
1050.00	52	-0.0077	-0.0564	0.5585
1051.00	52	-0.0069	-0.0557	0.5205
1052.00	52	-0.0051	-0.0542	0.4528
1053.00	52	-0.0003	-0.0497	0.3052
1054.00	52	0.0018	-0.0478	0.2551
1055.00	52	0.0055	-0.0455	0.1871
1056.00	52	0.0163	-0.0435	0.1456
1057.00	52	0.0190	-0.0435	0.1457
1058.00	52	0.0190	-0.0434	0.1457
1059.00	52	0.0189	-0.0435	0.1457
1060.00	53	-1.0338	0.6720	0.8054
1061.00	53	-0.9610	0.4551	0.8379
1062.00	53	-0.8783	0.2842	0.8198
1063.00	53	-0.7310	0.2469	0.8298
1064.00	53	-0.7848	0.1668	0.7973
1065.00	53	-0.6204	0.1726	0.8312
1066.00	53	-0.4382	0.1611	0.8211
1067.00	53	-0.2760	0.1402	0.8120
1068.00	53	-0.0992	0.1247	0.8402
1069.00	53	-0.0374	-0.0909	0.8685
1070.00	53	-0.0084	-0.0569	0.5965
1071.00	53	-0.0061	-0.0550	0.4866
1072.00	53	-0.0034	-0.0526	0.4019
1073.00	53	-0.0002	-0.0495	0.3010
1074.00	53	0.0027	-0.0471	0.2351
1075.00	53	0.0048	-0.0459	0.1976
1076.00	53	0.0177	-0.0437	0.1460
1077.00	53	0.0190	-0.0434	0.1457
1078.00	53	0.0189	-0.0434	0.1457
1079.00	53	0.0189	-0.0435	0.1457
1080.00	54	-1.0348	0.6720	0.8054
1081.00	54	-0.9610	0.4551	0.8379
1082.00	54	-0.8749	0.2905	0.8193
1083.00	54	-0.7349	0.2338	0.8287
1084.00	54	-0.7854	0.1667	0.7964
1085.00	54	-0.6204	0.1732	0.8306
1086.00	54	-0.4390	0.1610	0.8209
1087.00	54	-0.2760	0.1401	0.8119
1088.00	54	-0.0991	0.1247	0.8399
1089.00	54	-0.0384	-0.0905	0.8683
1090.00	54	-0.0087	-0.0571	0.6133
1091.00	54	-0.0069	-0.0557	0.5205
1092.00	54	-0.0040	-0.0531	0.4147
1093.00	54	-0.0007	-0.0499	0.3136
1094.00	54	0.0020	-0.0476	0.2510
1095.00	54	0.0048	-0.0459	0.1976
1096.00	54	0.0119	-0.0431	0.1497
1097.00	54	0.0190	-0.0434	0.1457
1098.00	54	0.0190	-0.0434	0.1457
1099.00	54	0.0189	-0.0435	0.1457
1100.00	55	-1.0338	0.6720	0.8054
1101.00	55	-0.9619	0.4557	0.8380
1102.00	55	-0.8753	0.2896	0.8194
1103.00	55	-0.7333	0.2393	0.8292
1104.00	55	-0.7843	0.1668	0.7984
1105.00	55	-0.6204	0.1731	0.8307
1106.00	55	-0.4392	0.1610	0.8209
1107.00	55	-0.2760	0.1402	0.8120
1108.00	55	-0.0988	0.1240	0.8376
1109.00	55	-0.0386	-0.0903	0.8682
1110.00	55	-0.0084	-0.0569	0.5965
1111.00	55	-0.0054	-0.0544	0.4613
1112.00	55	-0.0031	-0.0523	0.3934
1113.00	55	-0.0011	-0.0503	0.3262
1114.00	55	0.0045	-0.0460	0.2011
1115.00	55	0.0098	-0.0442	0.1460
1116.00	55	0.0189	-0.0434	0.1457
1117.00	55	0.0189	-0.0435	0.1457
1118.00	55	0.0189	-0.0434	0.1457
1119.00	55	0.0189	-0.0435	0.1457
1120.00	56	-1.0341	0.6720	0.8054
1121.00	56	-0.9618	0.4556	0.8380
1122.00	56	-0.8773	0.2860	0.8196
1123.00	56	-0.7333	0.2393	0.8292
1124.00	56	-0.7850	0.1668	0.7969
1125.00	56	-0.6204	0.1727	0.8311
1126.00	56	-0.4384	0.1611	0.8211
1127.00	56	-0.2760	0.1399	0.8113
1128.00	56	-0.0988	0.1240	0.8376
1129.00	56	-0.0382	-0.0906	0.8683
1130.00	56	-0.0075	-0.0561	0.5459
1131.00	56	-0.0054	-0.0544	0.4613
1132.00	56	-0.0024	-0.0515	0.3681
1133.00	56	-0.0017	-0.0509	0.3431
1134.00	56	0.0025	-0.0472	0.2390
1135.00	56	0.0100	-0.0439	0.1479
1136.00	56	0.0111	-0.0432	0.1503
1137.00	56	0.0189	-0.0434	0.1457
1138.00	56	0.0190	-0.0435	0.1457
1139.00	56	0.0189	-0.0435	0.1457
1140.00	57	-1.0320	0.6718	0.8054
1141.00	57	-0.9623	0.4562	0.8380
1142.00	57	-0.8749	0.2905	0.8193
1143.00	57	-0.7306	0.2479	0.8298
1144.00	57	-0.7857	0.1666	0.7960
1145.00	57	-0.6204	0.1733	0.8305
1146.00	57	-0.4380	0.1611	0.8212
1147.00	57	-0.2760	0.1400	0.8116
1148.00	57	-0.0991	0.1247	0.8399
1149.00	57	-0.0360	-0.0914	0.8691
1150.00	57	-0.0082	-0.0567	0.5839
1151.00	57	-0.0062	-0.0551	0.4949
1152.00	57	-0.0026	-0.0516	0.3765
1153.00	57	-0.0008	-0.0501	0.3178
1154.00	57	0.0038	-0.0463	0.2121
1155.00	57	0.0069	-0.0451	0.1708
1156.00	57	0.0109	-0.0433	0.1500
1157.00	57	0.0190	-0.0435	0.1457
1158.00	57	0.0190	-0.0434	0.1457
1159.00	57	0.0189	-0.0435	0.1457
1160.00	58	-1.0264	0.6705	0.8054
1161.00	58	-0.9624	0.4563	0.8380
1162.00	58	-0.8788	0.2833	0.8198
1163.00	58	-0.7306	0.2479	0.8298
1164.00	58	-0.7853	0.1667	0.7965
1165.00	58	-0.6204	0.1733	0.8305
1166.00	58	-0.4377	0.1612	0.8212
1167.00	58	-0.2760	0.1399	0.8111
1168.00	58	-0.0989	0.1241	0.8379
1169.00	58	-0.0374	-0.0909	0.8685
1170.00	58	-0.0086	-0.0571	0.6091
1171.00	58	-0.0056	-0.0546	0.4698
1172.00	58	-0.0024	-0.0515	0.3722
1173.00	58	0.0014	-0.0481	0.2673
1174.00	58	0.0027	-0.0471	0.2351
1175.00	58	0.0069	-0.0451	0.1708
1176.00	58	0.0190	-0.0435	0.1457
1177.00	58	0.0190	-0.0434	0.1457
1178.00	58	0.0189	-0.0435	0.1457
1179.00	58	0.0189	-0.0435	0.1457
1180.00	59	-1.0297	0.6713	0.8053
1181.00	59	-0.9611	0.4552	0.8379
1182.00	59	-0.8778	0.2851	0.8197
1183.00	59	-0.7336	0.2382	0.8291
1184.00	59	-0.7856	0.1666	0.7961
1185.00	59	-0.6204	0.1729	0.8309
1186.00	59	-0.4363	0.1615	0.8215
1187.00	59	-0.2760	0.1399	0.8111
1188.00	59	-0.0992	0.1250	0.8409
1189.00	59	-0.0389	-0.0902	0.8682
1190.00	59	-0.0071	-0.0559	0.5289
1191.00	59	-0.0060	-0.0549	0.4824
1192.00	59	-0.0028	-0.0519	0.3808
1193.00	59	0.0010	-0.0483	0.2756
1194.00	59	0.0025	-0.0472	0.2390
1195.00	59	0.0100	-0.0439	0.1479
1196.00	59	0.0117	-0.0431	0.1502
1197.00	59	0.0190	-0.0434	0.1457
1198.00	59	0.0190	-0.0434	0.1457
1199.00	59	0.0189	-0.0435	0.1457
1200.00	60	-1.0304	0.6715	0.8053
1201.00	60	-0.9622	0.4561	0.8380
1202.00	60	-0.8813	0.2782	0.8203
1203.00	60	-0.7349	0.2338	0.8287
1204.00	60	-0.7855	0.1667	0.7962
1205.00	60	-0.6204	0.1731	0.8307
1206.00	60	-0.4380	0.1611	0.8212
1207.00	60	-0.2759	0.1403	0.8123
1208.00	60	-0.0989	0.1242	0.8382
1209.00	60	-0.0360	-0.0914	0.8691
1210.00	60	-0.0074	-0.0561	0.5416
1211.00	60	-0.0067	-0.0556	0.5120
1212.00	60	-0.0043	-0.0535	0.4274
1213.00	60	-0.0011	-0.0503	0.3262
1214.00	60	0.0037	-0.0465	0.2158
1215.00	60	0.0091	-0.0447	0.1508
1216.00	60	0.0189	-0.0435	0.1457
1217.00	60	0.0190	-0.0434	0.1457
1218.00	60	0.0190	-0.0434	0.1457
1219.00	60	0.0189	-0.0435	0.1457
1220.00	61	-1.0264	0.6705	0.8054
1221.00	61	-0.9619	0.4557	0.8380
1222.00	61	-0.8778	0.2851	0.8197
1223.00	61	-0.7326	0.2414	0.8294
1224.00	61	-0.7839	0.1666	0.7994
1225.00	61	-0.6204	0.1727	0.8311
1226.00	61	-0.4360	0.1616	0.8216
1227.00	61	-0.2760	0.1401	0.8118
1228.00	61	-0.0991	0.1245	0.8393
1229.00	61	-0.0358	-0.0915	0.8692
1230.00	61	-0.0082	-0.0567	0.5839
1231.00	61	-0.0045	-0.0536	0.4317
1232.00	61	-0.0031	-0.0523	0.3893
1233.00	61	-0.0008	-0.0501	0.3178
1234.00	61	0.0059	-0.0454	0.1805
1235.00	61	0.0072	-0.0449	0.1677
1236.00	61	0.0191	-0.0436	0.1456
1237.00	61	0.0190	-0.0435	0.1457
1238.00	61	0.0190	-0.0434	0.1457
1239.00	61	0.0189	-0.0435	0.1457
1240.00	62	-1.0311	0.6716	0.8052
1241.00	62	-0.9602	0.4546	0.8378
1242.00	62	-0.8801	0.2807	0.8201
1243.00	62	-0.7323	0.2425	0.8295
1244.00	62	-0.7842	0.1667	0.7988
1245.00	62	-0.6204	0.1727	0.8311
1246.00	62	-0.4368	0.1614	0.8214
1247.00	62	-0.2760	0.1401	0.8117
1248.00	62	-0.0993	0.1253	0.8421
1249.00	62	-0.0379	-0.0907	0.8684
1250.00	62	-0.0082	-0.0568	0.5881
1251.00	62	-0.0059	-0.0548	0.4782
1252.00	62	-0.0021	-0.0512	0.3597
1253.00	62	0.0004	-0.0490	0.2843
1254.00	62	0.0062	-0.0453	0.1772
1255.00	62	0.0072	-0.0449	0.1677
1256.00	62	0.0189	-0.0434	0.1457
1257.00	62	0.0190	-0.0434	0.1457
1258.00	62	0.0189	-0.0434	0.1457
1259.00	62	0.0189	-0.0435	0.1457
1260.00	63	-1.0212	0.6693	0.8057
1261.00	63	-0.9607	0.4549	0.8379
1262.00	63	-0.8830	0.2752	0.8207
1263.00	63	-0.7369	0.2275	0.8279
1264.00	63	-0.7847	0.1668	0.7976
1265.00	63	-0.6204	0.1734	0.8303
1266.00	63	-0.4367	0.1614	0.8215
1267.00	63	-0.2760	0.1400	0.8114
1268.00	63	-0.0993	0.1252	0.8419
1269.00	63	-0.0367	-0.0912	0.8688
1270.00	63	-0.0074	-0.0561	0.5416
1271.00	63	-0.0046	-0.0537	0.4359
1272.00	63	-0.0021	-0.0512	0.3597
1273.00	63	0.0003	-0.0491	0.2885
1274.00	63	0.0035	-0.0466	0.2196
1275.00	63	0.0105	-0.0436	0.1498
1276.00	63	0.0131	-0.0430	0.1471
1277.00	63	0.0190	-0.0435	0.1457
1278.00	63	0.0190	-0.0434	0.1457
1279.00	63	0.0189	-0.0435	0.1457
1280.00	64	-1.0312	0.6716	0.8053
1281.00	64	-0.9615	0.4554	0.8379
1282.00	64	-0.8805	0.2799	0.8202
1283.00	64	-0.7352	0.2328	0.8286
1284.00	64	-0.7838	0.1665	0.7997
1285.00	64	-0.6204	0.1731	0.8307
1286.00	64	-0.4358	0.1616	0.8216
1287.00	64	-0.2760	0.1401	0.8117
1288.00	64	-0.0992	0.1256	0.8434
1289.00	64	-0.0345	-0.0917	0.8697
1290.00	64	-0.0067	-0.0556	0.5120
1291.00	64	-0.0047	-0.0538	0.4402
1292.00	64	-0.0017	-0.0509	0.3431
1293.00	64	0.0004	-0.0490	0.2843
1294.00	64	0.0053	-0.0456	0.1905
1295.00	64	0.0098	-0.0442	0.1460
1296.00	64	0.0125	-0.0430	0.1481
1297.00	64	0.0190	-0.0434	0.1457
1298.00	64	0.0190	-0.0434	0.1457
1299.00	64	0.0189	-0.0435	0.1457
1300.00	65	-1.0221	0.6695	0.8056
1301.00	65	-0.9606	0.4548	0.8378
1302.00	65	-0.8801	0.2807	0.8201
1303.00	65	-0.7352	0.2328	0.8286
1304.00	65	-0.7838	0.1665	0.7997
1305.00	65	-0.6203	0.1734	0.8302
1306.00	65	-0.4355	0.1617	0.8217
1307.00	65	-0.2760	0.1397	0.8108
1308.00	65	-0.0992	0.1250	0.8409
1309.00	65	-0.0355	-0.0916	0.8693
1310.00	65	-0.0081	-0.0567	0.5797
1311.00	65	-0.0043	-0.0535	0.4274
1312.00	65	-0.0034	-0.0526	0.4019
1313.00	65	0.0020	-0.0476	0.2510
1314.00	65	0.0075	-0.0449	0.1647
1315.00	65	0.0101	-0.0437	0.1486
1316.00	65	0.0177	-0.0437	0.1460
1317.00	65	0.0190	-0.0434	0.1457
1318.00	65	0.0189	-0.0434	0.1457
1319.00	65	0.0189	-0.0435	0.1457
1320.00	66	-1.0297	0.6713	0.8053
1321.00	66	-0.9613	0.4552	0.8379
1322.00	66	-0.8858	0.2702	0.8216
1323.00	66	-0.7374	0.2255	0.8276
1324.00	66	-0.7839	0.1665	0.7995
1325.00	66	-0.6204	0.1733	0.8304
1326.00	66	-0.4372	0.1613	0.8213
1327.00	66	-0.2760	0.1397	0.8109
1328.00	66	-0.0991	0.1247	0.8429
1329.00	66	-0.0348	-0.0917	0.8696
1330.00	66	-0.0065	-0.0553	0.5033
1331.00	66	-0.0047	-0.0538	0.4402
1332.00	66	-0.0022	-0.0513	0.3639
1333.00	66	-0.0002	-0.0495	0.3010
1334.00	66	0.0048	-0.0459	0.1976
1335.00	66	0.0117	-0.0431	0.1502
1336.00	66	0.0190	-0.0435	0.1457
1337.00	66	0.0189	-0.0435	0.1457
1338.00	66	0.0190	-0.0434	0.1457
1339.00	66	0.0189	-0.0435	0.1457
1340.00	67	-1.0228	0.6697	0.8056
1341.00	67	-0.9596	0.4544	0.8378
1342.00	67	-0.8849	0.2719	0.8213
1343.00	67	-0.7346	0.2349	0.8288
1344.00	67	-0.7842	0.1667	0.7988
1345.00	67	-0.6202	0.1739	0.8295
1346.00	67	-0.4365	0.1614	0.8215
1347.00	67	-0.2760	0.1400	0.8114
1348.00	67	-0.0988	0.1256	0.8426
1349.00	67	-0.0372	-0.0910	0.8686
1350.00	67	-0.0078	-0.0564	0.5628
1351.00	67	-0.0056	-0.0546	0.4698
1352.00	67	-0.0019	-0.0510	0.3473
1353.00	67	0.0000	-0.0494	0.2968
1354.00	67	0.0072	-0.0449	0.1677
1355.00	67	0.0105	-0.0436	0.1498
1356.00	67	0.0189	-0.0435	0.1457
1357.00	67	0.0190	-0.0434	0.1457
1358.00	67	0.0190	-0.0434	0.1457
1359.00	67	0.0189	-0.0435	0.1457
1360.00	68	-1.0228	0.6697	0.8056
1361.00	68	-0.9594	0.4543	0.8378
1362.00	68	-0.8867	0.2685	0.8221
1363.00	68	-0.7378	0.2245	0.8275
1364.00	68	-0.7843	0.1668	0.7986
1365.00	68	-0.6204	0.1731	0.8308
1366.00	68	-0.4357	0.1617	0.8216
1367.00	68	-0.2760	0.1400	0.8115
1368.00	68	-0.0993	0.1254	0.8426
1369.00	68	-0.0362	-0.0914	0.8690
1370.00	68	-0.0073	-0.0560	0.5374
1371.00	68	-0.0047	-0.0538	0.4402
1372.00	68	-0.0021	-0.0512	0.3597
1373.00	68	0.0004	-0.0490	0.2843
1374.00	68	0.0043	-0.0461	0.2048
1375.00	68	0.0096	-0.0440	0.1467
1376.00	68	0.0189	-0.0435	0.1457
1377.00	68	0.0189	-0.0434	0.1457
1378.00	68	0.0190	-0.0434	0.1457
1379.00	68	0.0189	-0.0435	0.1457
1380.00	69	-1.0172	0.6684	0.8059
1381.00	69	-0.9609	0.4550	0.8379
1382.00	69	-0.8867	0.2685	0.8221
1383.00	69	-0.7362	0.2296	0.8282
1384.00	69	-0.7843	0.1668	0.7986
1385.00	69	-0.6203	0.1735	0.8301
1386.00	69	-0.4372	0.1613	0.8213
1387.00	69	-0.2760	0.1398	0.8109
1388.00	69	-0.0993	0.1252	0.8419
1389.00	69	-0.0331	-0.0919	0.8703
1390.00	69	-0.0075	-0.0561	0.5459
1391.00	69	-0.0050	-0.0540	0.4486
1392.00	69	-0.0007	-0.0499	0.3136
1393.00	69	0.0000	-0.0494	0.2968
1394.00	69	0.0041	-0.0462	0.2084
1395.00	69	0.0117	-0.0431	0.1502
1396.00	69	0.0189	-0.0435	0.1457
1397.00	69	0.0189	-0.0435	0.1457
1398.00	69	0.0189	-0.0435	0.1457
1399.00	69	0.0189	-0.0435	0.1457
1400.00	70	-1.0196	0.6689	0.8058
1401.00	70	-0.9609	0.4550	0.8379
1402.00	70	-0.8867	0.2685	0.8221
1403.00	70	-0.7374	0.2255	0.8276
1404.00	70	-0.7838	0.1664	0.7998
1405.00	70	-0.6203	0.1734	0.8302
1406.00	70	-0.4358	0.1616	0.8216
1407.00	70	-0.2759	0.1395	0.8104
1408.00	70	-0.0993	0.1253	0.8421
1409.00	70	-0.0338	-0.0918	0.8700
1410.00	70	-0.0075	-0.0561	0.5459
1411.00	70	-0.0033	-0.0525	0.3976
1412.00	70	-0.0009	-0.0502	0.3220
1413.00	70	0.0000	-0.0494	0.2968
1414.00	70	0.0055	-0.0455	0.1871
1415.00	70	0.0122	-0.0430	0.1490
1416.00	70	0.0189	-0.0435	0.1457
1417.00	70	0.0190	-0.0434	0.1457
1418.00	70	0.0190	-0.0434	0.1457
1419.00	70	0.0189	-0.0435	0.1457
1420.00	71	-1.0204	0.6691	0.8057
1421.00	71	-0.9591	0.4542	0.8378
1422.00	71	-0.8855	0.2708	0.8216
1423.00	71	-0.7369	0.2275	0.8279
1424.00	71	-0.7836	0.1662	0.8005
1425.00	71	-0.6203	0.1736	0.8299
1426.00	71	-0.4360	0.1616	0.8216
1427.00	71	-0.2760	0.1399	0.8112
1428.00	71	-0.0992	0.1257	0.8443
1429.00	71	-0.0323	-0.0919	0.8706
1430.00	71	-0.0065	-0.0553	0.5033
1431.00	71	-0.0043	-0.0535	0.4274
1432.00	71	-0.0002	-0.0495	0.3010
1433.00	71	0.0003	-0.0491	0.2885
1434.00	71	0.0050	-0.0457	0.1940
1435.00	71	0.0098	-0.0442	0.1461
1436.00	71	0.0188	-0.0434	0.1457
1437.00	71	0.0190	-0.0435	0.1457
1438.00	71	0.0189	-0.0435	0.1457
1439.00	71	0.0189	-0.0435	0.1457
1440.00	72	-1.0241	0.6701	0.8056
1441.00	72	-0.9594	0.4543	0.8378
1442.00	72	-0.8837	0.2738	0.8209
1443.00	72	-0.7384	0.2224	0.8272
1444.00	72	-0.7839	0.1666	0.7994
1445.00	72	-0.6202	0.1739	0.8295
1446.00	72	-0.4354	0.1618	0.8217
1447.00	72	-0.2759	0.1394	0.8101
1448.00	72	-0.0991	0.1258	0.8450
1449.00	72	-0.0353	-0.0916	0.8694
1450.00	72	-0.0059	-0.0548	0.4782
1451.00	72	-0.0036	-0.0527	0.4061
1452.00	72	-0.0002	-0.0495	0.3010
1453.00	72	0.0012	-0.0482	0.2714
1454.00	72	0.0075	-0.0449	0.1647
1455.00	72	0.0177	-0.0437	0.1460
1456.00	72	0.0190	-0.0434	0.1457
1457.00	72	0.0190	-0.0434	0.1457
1458.00	72	0.0190	-0.0434	0.1457
1459.00	72	0.0189	-0.0435	0.1457
1460.00	73	-1.0163	0.6681	0.8060
1461.00	73	-0.9580	0.4538	0.8378
1462.00	73	-0.8855	0.2708	0.8216
1463.00	73	-0.7399	0.2174	0.8265
1464.00	73	-0.7840	0.1666	0.7991
1465.00	73	-0.6201	0.1742	0.8291
1466.00	73	-0.4359	0.1616	0.8216
1467.00	73	-0.2760	0.1398	0.8110
1468.00	73	-0.0993	0.1252	0.8419
1469.00	73	-0.0360	-0.0914	0.8691
1470.00	73	-0.0058	-0.0547	0.4740
1471.00	73	-0.0050	-0.0540	0.4486
1472.00	73	-0.0017	-0.0509	0.3431
1473.00	73	0.0031	-0.0469	0.2272
1474.00	73	0.0059	-0.0454	0.1805
1475.00	73	0.0117	-0.0431	0.1502
1476.00	73	0.0190	-0.0435	0.1457
1477.00	73	0.0190	-0.0434	0.1457
1478.00	73	0.0189	-0.0434	0.1457
1479.00	73	0.0189	-0.0435	0.1457
1480.00	74	-1.0228	0.6697	0.8056
1481.00	74	-0.9582	0.4538	0.8378
1482.00	74	-0.8871	0.2680	0.8222
1483.00	74	-0.7411	0.2135	0.8259
1484.00	74	-0.7837	0.1663	0.8002
1485.00	74	-0.6203	0.1736	0.8299
1486.00	74	-0.4357	0.1617	0.8216
1487.00	74	-0.2760	0.1398	0.8109
1488.00	74	-0.0988	0.1256	0.8426
1489.00	74	-0.0350	-0.0917	0.8695
1490.00	74	-0.0060	-0.0549	0.4824
1491.00	74	-0.0043	-0.0535	0.4274
1492.00	74	0.0003	-0.0491	0.2885
1493.00	74	0.0023	-0.0473	0.2429
1494.00	74	0.0072	-0.0449	0.1677
1495.00	74	0.0105	-0.0436	0.1498
1496.00	74	0.0189	-0.0434	0.1457
1497.00	74	0.0189	-0.0434	0.1457
1498.00	74	0.0189	-0.0435	0.1457
1499.00	74	0.0189	-0.0435	0.1457
1500.00	75	-1.0188	0.6688	0.8058
1501.00	75	-0.9586	0.4541	0.8378
1502.00	75	-0.8886	0.2650	0.8231
1503.00	75	-0.7402	0.2164	0.8263
1504.00	75	-0.7842	0.1667	0.7988
1505.00	75	-0.6202	0.1740	0.8293
1506.00	75	-0.4364	0.1615	0.8215
1507.00	75	-0.2760	0.1397	0.8108
1508.00	75	-0.0991	0.1258	0.8446
1509.00	75	-0.0319	-0.0919	0.8708
1510.00	75	-0.0071	-0.0558	0.5247
1511.00	75	-0.0049	-0.0539	0.4444
1512.00	75	0.0000	-0.0494	0.2968
1513.00	75	0.0033	-0.0467	0.2234
1514.00	75	0.0095	-0.0446	0.1482
1515.00	75	0.0114	-0.0431	0.1504
1516.00	75	0.0189	-0.0434	0.1457
1517.00	75	0.0189	-0.0434	0.1457
1518.00	75	0.0190	-0.0434	0.1457
1519.00	75	0.0189	-0.0435	0.1457
1520.00	76	-1.0118	0.6671	0.8063
1521.00	76	-0.9582	0.4538	0.8378
1522.00	76	-0.8833	0.2745	0.8208
1523.00	76	-0.7374	0.2255	0.8276
1524.00	76	-0.7838	0.1665	0.7997
1525.00	76	-0.6203	0.1735	0.8301
1526.00	76	-0.4346	0.1621	0.8218
1527.00	76	-0.2757	0.1391	0.8096
1528.00	76	-0.0992	0.1256	0.8437
1529.00	76	-0.0353	-0.0916	0.8694
1530.00	76	-0.0059	-0.0548	0.4782
1531.00	76	-0.0024	-0.0515	0.3681
1532.00	76	-0.0014	-0.0506	0.3346
1533.00	76	0.0038	-0.0463	0.2121
1534.00	76	0.0055	-0.0455	0.1871
1535.00	76	0.0177	-0.0437	0.1460
1536.00	76	0.0190	-0.0434	0.1457
1537.00	76	0.0190	-0.0434	0.1457
1538.00	76	0.0190	-0.0434	0.1457
1539.00	76	0.0189	-0.0435	0.1457
1540.00	77	-1.0118	0.6671	0.8063
1541.00	77	-0.9588	0.4541	0.8378
1542.00	77	-0.8888	0.2646	0.8233
1543.00	77	-0.7402	0.2164	0.8263
1544.00	77	-0.7839	0.1666	0.7994
1545.00	77	-0.6202	0.1739	0.8295
1546.00	77	-0.4358	0.1616	0.8216
1547.00	77	-0.2759	0.1396	0.8105
1548.00	77	-0.0989	0.1260	0.8461
1549.00	77	-0.0343	-0.0918	0.8698
1550.00	77	-0.0071	-0.0559	0.5289
1551.00	77	-0.0041	-0.0532	0.4190
1552.00	77	0.0000	-0.0494	0.2968
1553.00	77	0.0014	-0.0481	0.2673
1554.00	77	0.0086	-0.0446	0.1559
1555.00	77	0.0163	-0.0435	0.1456
1556.00	77	0.0190	-0.0435	0.1457
1557.00	77	0.0190	-0.0435	0.1457
1558.00	77	0.0190	-0.0434	0.1457
1559.00	77	0.0189	-0.0435	0.1457
1560.00	78	-1.0180	0.6686	0.8059
1561.00	78	-0.9580	0.4538	0.8378
1562.00	78	-0.8862	0.2696	0.8218
1563.00	78	-0.7374	0.2255	0.8276
1564.00	78	-0.7835	0.1661	0.8008
1565.00	78	-0.6201	0.1743	0.8289
1566.00	78	-0.4352	0.1618	0.8217
1567.00	78	-0.2755	0.1389	0.8093
1568.00	78	-0.0988	0.1256	0.8426
1569.00	78	-0.0311	-0.0919	0.8711
1570.00	78	-0.0062	-0.0551	0.4909
1571.00	78	-0.0031	-0.0523	0.3893
1572.00	78	-0.0014	-0.0506	0.3346
1573.00	78	0.0041	-0.0462	0.2084
1574.00	78	0.0095	-0.0446	0.1482
1575.00	78	0.0189	-0.0435	0.1457
1576.00	78	0.0189	-0.0435	0.1457
1577.00	78	0.0190	-0.0435	0.1457
1578.00	78	0.0190	-0.0434	0.1457
1579.00	78	0.0189	-0.0435	0.1457
1580.00	79	-1.0144	0.6678	0.8061
1581.00	79	-0.9597	0.4544	0.8378
1582.00	79	-0.8858	0.2702	0.8216
1583.00	79	-0.7405	0.2155	0.8262
1584.00	79	-0.7836	0.1662	0.8005
1585.00	79	-0.6202	0.1740	0.8293
1586.00	79	-0.4343	0.1623	0.8219
1587.00	79	-0.2759	0.1395	0.8104
1588.00	79	-0.0991	0.1258	0.8450
1589.00	79	-0.0323	-0.0919	0.8706
1590.00	79	-0.0058	-0.0547	0.4740
1591.00	79	-0.0034	-0.0526	0.4019
1592.00	79	0.0004	-0.0490	0.2843
1593.00	79	0.0020	-0.0476	0.2510
1594.00	79	0.0079	-0.0448	0.1617
1595.00	79	0.0189	-0.0434	0.1457
1596.00	79	0.0190	-0.0434	0.1457
1597.00	79	0.0190	-0.0434	0.1457
1598.00	79	0.0190	-0.0434	0.1457
1599.00	79	0.0189	-0.0435	0.1457
