0.00	0	0.0388	1.0320	0.8174
1.00	0	-0.2509	0.8712	0.8450
2.00	0	-0.2292	0.7528	0.8351
3.00	0	-0.3491	0.5656	0.8228
4.00	0	-0.4481	0.2889	0.8224
5.00	0	-0.3631	0.0009	0.8162
6.00	0	-0.2276	-0.1266	0.8224
7.00	0	-0.1593	-0.2244	0.8423
8.00	0	-0.0338	-0.3528	0.8188
9.00	0	-0.0538	-0.1132	0.8532
10.00	0	-0.0833	-0.1235	0.9208
11.00	0	-0.0836	-0.1251	0.8963
12.00	0	-0.0826	-0.1286	0.7828
13.00	0	-0.0814	-0.1328	0.6493
14.00	0	-0.0761	-0.1364	0.4986
15.00	0	-0.0648	-0.1401	0.3424
16.00	0	-0.0511	-0.1481	0.1772
17.00	0	-0.0447	-0.1574	0.1454
18.00	0	-0.0435	-0.1587	0.1455
19.00	0	-0.0435	-0.1588	0.1454
20.00	1	0.0386	1.0317	0.8176
21.00	1	-0.2509	0.8712	0.8450
22.00	1	-0.2289	0.7529	0.8350
23.00	1	-0.3580	0.5628	0.8227
24.00	1	-0.4496	0.2900	0.8230
25.00	1	-0.3625	0.0001	0.8162
26.00	1	-0.2277	-0.1264	0.8225
27.00	1	-0.1595	-0.2244	0.8423
28.00	1	-0.0360	-0.3567	0.8190
29.00	1	-0.0587	-0.1095	0.8537
30.00	1	-0.0834	-0.1237	0.9198
31.00	1	-0.0836	-0.1254	0.8882
32.00	1	-0.0826	-0.1283	0.7900
33.00	1	-0.0812	-0.1330	0.6411
34.00	1	-0.0758	-0.1365	0.4946
35.00	1	-0.0651	-0.1400	0.3463
36.00	1	-0.0521	-0.1472	0.1864
37.00	1	-0.0447	-0.1574	0.1454
38.00	1	-0.0435	-0.1587	0.1455
39.00	1	-0.0435	-0.1588	0.1454
40.00	2	0.0388	1.0320	0.8174
41.00	2	-0.2509	0.8712	0.8450
42.00	2	-0.2289	0.7529	0.8350
43.00	2	-0.3558	0.5635	0.8227
44.00	2	-0.4494	0.2899	0.8229
45.00	2	-0.3631	0.0009	0.8162
46.00	2	-0.2273	-0.1269	0.8223
47.00	2	-0.1588	-0.2243	0.8424
48.00	2	-0.0341	-0.3533	0.8188
49.00	2	-0.0546	-0.1126	0.8532
50.00	2	-0.0833	-0.1236	0.9206
51.00	2	-0.0836	-0.1253	0.8916
52.00	2	-0.0824	-0.1292	0.7644
53.00	2	-0.0814	-0.1326	0.6533
54.00	2	-0.0735	-0.1372	0.4582
55.00	2	-0.0651	-0.1400	0.3463
56.00	2	-0.0504	-0.1488	0.1712
57.00	2	-0.0438	-0.1585	0.1456
58.00	2	-0.0435	-0.1587	0.1455
59.00	2	-0.0435	-0.1588	0.1454
60.00	3	0.0384	1.0315	0.8177
61.00	3	-0.2565	0.8670	0.8449
62.00	3	-0.2289	0.7529	0.8350
63.00	3	-0.3491	0.5656	0.8228
64.00	3	-0.4490	0.2896	0.8227
65.00	3	-0.3631	0.0009	0.8162
66.00	3	-0.2273	-0.1269	0.8223
67.00	3	-0.1597	-0.2244	0.8423
68.00	3	-0.0335	-0.3522	0.8188
69.00	3	-0.0563	-0.1113	0.8534
70.00	3	-0.0831	-0.1234	0.9216
71.00	3	-0.0834	-0.1257	0.8807
72.00	3	-0.0826	-0.1286	0.7828
73.00	3	-0.0812	-0.1330	0.6411
74.00	3	-0.0761	-0.1364	0.4986
75.00	3	-0.0651	-0.1400	0.3463
76.00	3	-0.0531	-0.1463	0.1961
77.00	3	-0.0437	-0.1585	0.1455
78.00	3	-0.0435	-0.1587	0.1455
79.00	3	-0.0435	-0.1588	0.1454
80.00	4	0.0388	1.0320	0.8174
81.00	4	-0.2588	0.8653	0.8448
82.00	4	-0.2300	0.7528	0.8352
83.00	4	-0.3491	0.5656	0.8228
84.00	4	-0.4496	0.2900	0.8230
85.00	4	-0.3614	-0.0014	0.8161
86.00	4	-0.2274	-0.1268	0.8223
87.00	4	-0.1583	-0.2244	0.8424
88.00	4	-0.0360	-0.3567	0.8190
89.00	4	-0.0538	-0.1132	0.8532
90.00	4	-0.0832	-0.1234	0.9213
91.00	4	-0.0835	-0.1256	0.8827
92.00	4	-0.0827	-0.1280	0.8004
93.00	4	-0.0814	-0.1326	0.6533
94.00	4	-0.0738	-0.1371	0.4622
95.00	4	-0.0633	-0.1406	0.3227
96.00	4	-0.0541	-0.1456	0.2060
97.00	4	-0.0441	-0.1581	0.1455
98.00	4	-0.0435	-0.1587	0.1455
99.00	4	-0.0435	-0.1588	0.1454
100.00	5	0.0364	1.0290	0.8183
101.00	5	-0.2509	0.8712	0.8450
102.00	5	-0.2289	0.7529	0.8350
103.00	5	-0.3591	0.5625	0.8227
104.00	5	-0.4496	0.2900	0.8230
105.00	5	-0.3631	0.0009	0.8162
106.00	5	-0.2275	-0.1267	0.8224
107.00	5	-0.1583	-0.2244	0.8424
108.00	5	-0.0319	-0.3498	0.8187
109.00	5	-0.0623	-0.1071	0.8541
110.00	5	-0.0833	-0.1235	0.9208
111.00	5	-0.0836	-0.1251	0.8947
112.00	5	-0.0827	-0.1280	0.8004
113.00	5	-0.0814	-0.1326	0.6533
114.00	5	-0.0723	-0.1376	0.4420
115.00	5	-0.0631	-0.1408	0.3187
116.00	5	-0.0508	-0.1484	0.1742
117.00	5	-0.0435	-0.1588	0.1455
118.00	5	-0.0436	-0.1587	0.1455
119.00	5	-0.0435	-0.1588	0.1454
120.00	6	0.0388	1.0320	0.8174
121.00	6	-0.2525	0.8700	0.8449
122.00	6	-0.2290	0.7529	0.8351
123.00	6	-0.3602	0.5621	0.8227
124.00	6	-0.4483	0.2891	0.8224
125.00	6	-0.3625	0.0001	0.8162
126.00	6	-0.2278	-0.1263	0.8226
127.00	6	-0.1603	-0.2245	0.8422
128.00	6	-0.0344	-0.3538	0.8189
129.00	6	-0.0651	-0.1053	0.8543
130.00	6	-0.0835	-0.1238	0.9192
131.00	6	-0.0836	-0.1251	0.8963
132.00	6	-0.0825	-0.1289	0.7719
133.00	6	-0.0808	-0.1336	0.6207
134.00	6	-0.0758	-0.1365	0.4946
135.00	6	-0.0625	-0.1410	0.3109
136.00	6	-0.0535	-0.1461	0.1993
137.00	6	-0.0435	-0.1588	0.1455
138.00	6	-0.0435	-0.1587	0.1454
139.00	6	-0.0435	-0.1588	0.1454
140.00	7	0.0388	1.0320	0.8174
141.00	7	-0.2635	0.8619	0.8448
142.00	7	-0.2291	0.7528	0.8351
143.00	7	-0.3491	0.5656	0.8228
144.00	7	-0.4496	0.2900	0.8230
145.00	7	-0.3625	0.0001	0.8162
146.00	7	-0.2279	-0.1262	0.8226
147.00	7	-0.1608	-0.2247	0.8421
148.00	7	-0.0360	-0.3567	0.8190
149.00	7	-0.0538	-0.1132	0.8532
150.00	7	-0.0833	-0.1235	0.9210
151.00	7	-0.0835	-0.1252	0.8932
152.00	7	-0.0825	-0.1291	0.7682
153.00	7	-0.0814	-0.1326	0.6533
154.00	7	-0.0735	-0.1372	0.4582
155.00	7	-0.0625	-0.1410	0.3109
156.00	7	-0.0524	-0.1469	0.1895
157.00	7	-0.0438	-0.1584	0.1455
158.00	7	-0.0435	-0.1587	0.1455
159.00	7	-0.0435	-0.1588	0.1454
160.00	8	0.0375	1.0302	0.8180
161.00	8	-0.2642	0.8613	0.8448
162.00	8	-0.2295	0.7529	0.8353
163.00	8	-0.3491	0.5656	0.8228
164.00	8	-0.4493	0.2898	0.8229
165.00	8	-0.3555	-0.0097	0.8159
166.00	8	-0.2285	-0.1255	0.8229
167.00	8	-0.1588	-0.2243	0.8424
168.00	8	-0.0344	-0.3538	0.8189
169.00	8	-0.0587	-0.1095	0.8537
170.00	8	-0.0832	-0.1234	0.9213
171.00	8	-0.0833	-0.1261	0.8654
172.00	8	-0.0827	-0.1280	0.8004
173.00	8	-0.0808	-0.1336	0.6207
174.00	8	-0.0735	-0.1372	0.4582
175.00	8	-0.0639	-0.1404	0.3305
176.00	8	-0.0498	-0.1494	0.1654
177.00	8	-0.0437	-0.1585	0.1455
178.00	8	-0.0436	-0.1587	0.1455
179.00	8	-0.0435	-0.1588	0.1454
180.00	9	0.0383	1.0312	0.8177
181.00	9	-0.2588	0.8653	0.8448
182.00	9	-0.2290	0.7528	0.8351
183.00	9	-0.3623	0.5614	0.8226
184.00	9	-0.4493	0.2898	0.8229
185.00	9	-0.3608	-0.0022	0.8161
186.00	9	-0.2282	-0.1258	0.8227
187.00	9	-0.1588	-0.2243	0.8424
188.00	9	-0.0293	-0.3465	0.8187
189.00	9	-0.0651	-0.1053	0.8543
190.00	9	-0.0837	-0.1241	0.9165
191.00	9	-0.0836	-0.1253	0.8916
192.00	9	-0.0824	-0.1293	0.7607
193.00	9	-0.0800	-0.1344	0.5881
194.00	9	-0.0753	-0.1367	0.4864
195.00	9	-0.0648	-0.1401	0.3424
196.00	9	-0.0501	-0.1491	0.1683
197.00	9	-0.0435	-0.1588	0.1455
198.00	9	-0.0435	-0.1587	0.1455
199.00	9	-0.0435	-0.1588	0.1454
200.00	10	0.0387	1.0319	0.8175
201.00	10	-0.2565	0.8670	0.8449
202.00	10	-0.2290	0.7529	0.8351
203.00	10	-0.3569	0.5632	0.8227
204.00	10	-0.4470	0.2881	0.8222
205.00	10	-0.3597	-0.0037	0.8161
206.00	10	-0.2282	-0.1258	0.8227
207.00	10	-0.1606	-0.2246	0.8421
208.00	10	-0.0293	-0.3465	0.8187
209.00	10	-0.0617	-0.1075	0.8540
210.00	10	-0.0834	-0.1237	0.9201
211.00	10	-0.0836	-0.1254	0.8882
212.00	10	-0.0826	-0.1282	0.7935
213.00	10	-0.0795	-0.1347	0.5759
214.00	10	-0.0753	-0.1367	0.4864
215.00	10	-0.0596	-0.1424	0.2719
216.00	10	-0.0483	-0.1507	0.1548
217.00	10	-0.0436	-0.1587	0.1455
218.00	10	-0.0436	-0.1587	0.1455
219.00	10	-0.0435	-0.1588	0.1454
220.00	11	0.0370	1.0297	0.8182
221.00	11	-0.2665	0.8598	0.8449
222.00	11	-0.2307	0.7527	0.8353
223.00	11	-0.3644	0.5607	0.8225
224.00	11	-0.4483	0.2891	0.8224
225.00	11	-0.3529	-0.0131	0.8157
226.00	11	-0.2278	-0.1263	0.8226
227.00	11	-0.1595	-0.2244	0.8423
228.00	11	-0.0315	-0.3492	0.8187
229.00	11	-0.0602	-0.1085	0.8539
230.00	11	-0.0833	-0.1235	0.9208
231.00	11	-0.0832	-0.1262	0.8605
232.00	11	-0.0824	-0.1296	0.7531
233.00	11	-0.0811	-0.1331	0.6370
234.00	11	-0.0721	-0.1377	0.4380
235.00	11	-0.0613	-0.1416	0.2952
236.00	11	-0.0494	-0.1497	0.1626
237.00	11	-0.0435	-0.1588	0.1455
238.00	11	-0.0435	-0.1587	0.1455
239.00	11	-0.0435	-0.1588	0.1454
240.00	12	0.0347	1.0274	0.8187
241.00	12	-0.2657	0.8603	0.8449
242.00	12	-0.2291	0.7528	0.8351
243.00	12	-0.3715	0.5582	0.8224
244.00	12	-0.4494	0.2899	0.8229
245.00	12	-0.3534	-0.0124	0.8158
246.00	12	-0.2279	-0.1262	0.8226
247.00	12	-0.1597	-0.2244	0.8423
248.00	12	-0.0323	-0.3505	0.8188
249.00	12	-0.0644	-0.1057	0.8543
250.00	12	-0.0836	-0.1238	0.9188
251.00	12	-0.0834	-0.1257	0.8787
252.00	12	-0.0826	-0.1282	0.7935
253.00	12	-0.0803	-0.1341	0.6003
254.00	12	-0.0727	-0.1375	0.4461
255.00	12	-0.0602	-0.1421	0.2796
256.00	12	-0.0498	-0.1494	0.1654
257.00	12	-0.0436	-0.1587	0.1455
258.00	12	-0.0436	-0.1587	0.1455
259.00	12	-0.0435	-0.1588	0.1454
260.00	13	0.0364	1.0290	0.8183
261.00	13	-0.2635	0.8619	0.8448
262.00	13	-0.2296	0.7529	0.8353
263.00	13	-0.3715	0.5582	0.8224
264.00	13	-0.4470	0.2881	0.8222
265.00	13	-0.3570	-0.0075	0.8160
266.00	13	-0.2282	-0.1258	0.8227
267.00	13	-0.1608	-0.2247	0.8421
268.00	13	-0.0319	-0.3498	0.8187
269.00	13	-0.0609	-0.1080	0.8539
270.00	13	-0.0836	-0.1239	0.9184
271.00	13	-0.0836	-0.1253	0.8899
272.00	13	-0.0824	-0.1296	0.7531
273.00	13	-0.0801	-0.1343	0.5922
274.00	13	-0.0727	-0.1375	0.4461
275.00	13	-0.0628	-0.1409	0.3148
276.00	13	-0.0501	-0.1491	0.1683
277.00	13	-0.0435	-0.1588	0.1455
278.00	13	-0.0435	-0.1587	0.1454
279.00	13	-0.0435	-0.1588	0.1454
280.00	14	0.0367	1.0293	0.8182
281.00	14	-0.2557	0.8676	0.8448
282.00	14	-0.2302	0.7528	0.8352
283.00	14	-0.3547	0.5639	0.8227
284.00	14	-0.4451	0.2866	0.8220
285.00	14	-0.3570	-0.0075	0.8160
286.00	14	-0.2278	-0.1263	0.8226
287.00	14	-0.1608	-0.2247	0.8421
288.00	14	-0.0261	-0.3428	0.8188
289.00	14	-0.0602	-0.1085	0.8539
290.00	14	-0.0835	-0.1238	0.9195
291.00	14	-0.0836	-0.1253	0.8899
292.00	14	-0.0821	-0.1308	0.7140
293.00	14	-0.0809	-0.1334	0.6248
294.00	14	-0.0721	-0.1377	0.4380
295.00	14	-0.0633	-0.1406	0.3227
296.00	14	-0.0487	-0.1504	0.1573
297.00	14	-0.0437	-0.1586	0.1455
298.00	14	-0.0435	-0.1587	0.1455
299.00	14	-0.0435	-0.1588	0.1454
300.00	15	0.0355	1.0280	0.8185
301.00	15	-0.2604	0.8642	0.8448
302.00	15	-0.2315	0.7525	0.8352
303.00	15	-0.3706	0.5586	0.8224
304.00	15	-0.4464	0.2876	0.8221
305.00	15	-0.3544	-0.0111	0.8158
306.00	15	-0.2294	-0.1247	0.8233
307.00	15	-0.1608	-0.2247	0.8421
308.00	15	-0.0347	-0.3543	0.8189
309.00	15	-0.0623	-0.1071	0.8541
310.00	15	-0.0835	-0.1238	0.9195
311.00	15	-0.0834	-0.1257	0.8767
312.00	15	-0.0826	-0.1286	0.7828
313.00	15	-0.0803	-0.1341	0.6003
314.00	15	-0.0705	-0.1381	0.4179
315.00	15	-0.0607	-0.1418	0.2874
316.00	15	-0.0470	-0.1532	0.1464
317.00	15	-0.0435	-0.1587	0.1455
318.00	15	-0.0435	-0.1587	0.1455
319.00	15	-0.0435	-0.1588	0.1454
320.00	16	0.0351	1.0277	0.8186
321.00	16	-0.2635	0.8619	0.8448
322.00	16	-0.2326	0.7523	0.8351
323.00	16	-0.3644	0.5607	0.8225
324.00	16	-0.4473	0.2883	0.8223
325.00	16	-0.3597	-0.0037	0.8161
326.00	16	-0.2289	-0.1251	0.8230
327.00	16	-0.1613	-0.2248	0.8421
328.00	16	-0.0246	-0.3411	0.8189
329.00	16	-0.0638	-0.1062	0.8542
330.00	16	-0.0837	-0.1241	0.9160
331.00	16	-0.0835	-0.1255	0.8846
332.00	16	-0.0820	-0.1311	0.7060
333.00	16	-0.0787	-0.1353	0.5515
334.00	16	-0.0702	-0.1382	0.4140
335.00	16	-0.0599	-0.1423	0.2757
336.00	16	-0.0471	-0.1519	0.1453
337.00	16	-0.0436	-0.1587	0.1455
338.00	16	-0.0435	-0.1587	0.1455
339.00	16	-0.0435	-0.1588	0.1454
340.00	17	0.0375	1.0302	0.8180
341.00	17	-0.2657	0.8603	0.8449
342.00	17	-0.2326	0.7523	0.8351
343.00	17	-0.3762	0.5563	0.8223
344.00	17	-0.4486	0.2893	0.8225
345.00	17	-0.3576	-0.0068	0.8160
346.00	17	-0.2297	-0.1245	0.8234
347.00	17	-0.1617	-0.2251	0.8419
348.00	17	-0.0338	-0.3528	0.8188
349.00	17	-0.0596	-0.1090	0.8538
350.00	17	-0.0838	-0.1245	0.9102
351.00	17	-0.0832	-0.1264	0.8527
352.00	17	-0.0821	-0.1305	0.7259
353.00	17	-0.0791	-0.1350	0.5637
354.00	17	-0.0735	-0.1372	0.4582
355.00	17	-0.0590	-0.1427	0.2641
356.00	17	-0.0517	-0.1475	0.1832
357.00	17	-0.0436	-0.1587	0.1455
358.00	17	-0.0435	-0.1587	0.1455
359.00	17	-0.0435	-0.1588	0.1454
360.00	18	0.0378	1.0305	0.8179
361.00	18	-0.2649	0.8608	0.8448
362.00	18	-0.2297	0.7529	0.8353
363.00	18	-0.3744	0.5571	0.8223
364.00	18	-0.4439	0.2856	0.8219
365.00	18	-0.3492	-0.0174	0.8153
366.00	18	-0.2298	-0.1244	0.8235
367.00	18	-0.1600	-0.2245	0.8423
368.00	18	-0.0327	-0.3511	0.8188
369.00	18	-0.0609	-0.1080	0.8539
370.00	18	-0.0837	-0.1241	0.9160
371.00	18	-0.0832	-0.1263	0.8580
372.00	18	-0.0824	-0.1292	0.7644
373.00	18	-0.0806	-0.1338	0.6125
374.00	18	-0.0727	-0.1375	0.4461
375.00	18	-0.0581	-0.1432	0.2528
376.00	18	-0.0490	-0.1500	0.1599
377.00	18	-0.0435	-0.1588	0.1455
378.00	18	-0.0436	-0.1587	0.1455
379.00	18	-0.0435	-0.1588	0.1454
380.00	19	0.0375	1.0302	0.8180
381.00	19	-0.2649	0.8608	0.8448
382.00	19	-0.2302	0.7528	0.8352
383.00	19	-0.3644	0.5607	0.8225
384.00	19	-0.4467	0.2878	0.8221
385.00	19	-0.3523	-0.0137	0.8157
386.00	19	-0.2280	-0.1260	0.8227
387.00	19	-0.1615	-0.2249	0.8420
388.00	19	-0.0223	-0.3386	0.8191
389.00	19	-0.0651	-0.1053	0.8543
390.00	19	-0.0837	-0.1245	0.9119
391.00	19	-0.0834	-0.1257	0.8787
392.00	19	-0.0821	-0.1305	0.7259
393.00	19	-0.0785	-0.1353	0.5474
394.00	19	-0.0709	-0.1380	0.4220
395.00	19	-0.0602	-0.1421	0.2796
396.00	19	-0.0470	-0.1532	0.1464
397.00	19	-0.0435	-0.1588	0.1455
398.00	19	-0.0435	-0.1587	0.1455
399.00	19	-0.0435	-0.1588	0.1454
400.00	20	0.0309	1.0241	0.8193
401.00	20	-0.2708	0.8566	0.8451
402.00	20	-0.2307	0.7527	0.8353
403.00	20	-0.3612	0.5618	0.8226
404.00	20	-0.4464	0.2876	0.8221
405.00	20	-0.3502	-0.0162	0.8154
406.00	20	-0.2291	-0.1249	0.8231
407.00	20	-0.1613	-0.2248	0.8421
408.00	20	-0.0327	-0.3511	0.8188
409.00	20	-0.0651	-0.1053	0.8543
410.00	20	-0.0837	-0.1243	0.9141
411.00	20	-0.0834	-0.1258	0.8724
412.00	20	-0.0821	-0.1305	0.7259
413.00	20	-0.0790	-0.1351	0.5597
414.00	20	-0.0699	-0.1383	0.4100
415.00	20	-0.0565	-0.1440	0.2342
416.00	20	-0.0487	-0.1504	0.1573
417.00	20	-0.0435	-0.1588	0.1455
418.00	20	-0.0435	-0.1588	0.1455
419.00	20	-0.0435	-0.1588	0.1454
420.00	21	0.0315	1.0246	0.8192
421.00	21	-0.2649	0.8608	0.8448
422.00	21	-0.2326	0.7523	0.8351
423.00	21	-0.3771	0.5560	0.8223
424.00	21	-0.4451	0.2866	0.8220
425.00	21	-0.3523	-0.0137	0.8157
426.00	21	-0.2287	-0.1253	0.8230
427.00	21	-0.1606	-0.2246	0.8421
428.00	21	-0.0254	-0.3419	0.8189
429.00	21	-0.0682	-0.1033	0.8545
430.00	21	-0.0837	-0.1242	0.9155
431.00	21	-0.0832	-0.1264	0.8527
432.00	21	-0.0821	-0.1308	0.7140
433.00	21	-0.0805	-0.1339	0.6084
434.00	21	-0.0712	-0.1379	0.4260
435.00	21	-0.0574	-0.1435	0.2452
436.00	21	-0.0470	-0.1537	0.1475
437.00	21	-0.0435	-0.1587	0.1455
438.00	21	-0.0436	-0.1587	0.1455
439.00	21	-0.0435	-0.1588	0.1454
440.00	22	0.0320	1.0250	0.8191
441.00	22	-0.2716	0.8561	0.8451
442.00	22	-0.2347	0.7516	0.8351
443.00	22	-0.3762	0.5563	0.8223
444.00	22	-0.4407	0.2830	0.8219
445.00	22	-0.3550	-0.0104	0.8159
446.00	22	-0.2282	-0.1258	0.8227
447.00	22	-0.1626	-0.2255	0.8417
448.00	22	-0.0274	-0.3443	0.8188
449.00	22	-0.0700	-0.1023	0.8547
450.00	22	-0.0836	-0.1238	0.9188
451.00	22	-0.0832	-0.1263	0.8554
452.00	22	-0.0822	-0.1303	0.7298
453.00	22	-0.0788	-0.1352	0.5556
454.00	22	-0.0696	-0.1383	0.4060
455.00	22	-0.0584	-0.1430	0.2566
456.00	22	-0.0469	-0.1539	0.1481
457.00	22	-0.0435	-0.1588	0.1455
458.00	22	-0.0435	-0.1587	0.1454
459.00	22	-0.0435	-0.1588	0.1454
460.00	23	0.0347	1.0274	0.8187
461.00	23	-0.2716	0.8561	0.8451
462.00	23	-0.2372	0.7508	0.8351
463.00	23	-0.3734	0.5575	0.8223
464.00	23	-0.4435	0.2853	0.8219
465.00	23	-0.3560	-0.0090	0.8160
466.00	23	-0.2300	-0.1242	0.8236
467.00	23	-0.1614	-0.2249	0.8420
468.00	23	-0.0287	-0.3458	0.8188
469.00	23	-0.0746	-0.0996	0.8552
470.00	23	-0.0836	-0.1239	0.9184
471.00	23	-0.0830	-0.1267	0.8445
472.00	23	-0.0820	-0.1311	0.7060
473.00	23	-0.0800	-0.1344	0.5881
474.00	23	-0.0721	-0.1377	0.4380
475.00	23	-0.0568	-0.1439	0.2378
476.00	23	-0.0460	-0.1553	0.1492
477.00	23	-0.0435	-0.1587	0.1455
478.00	23	-0.0436	-0.1587	0.1455
479.00	23	-0.0435	-0.1588	0.1454
480.00	24	0.0335	1.0262	0.8189
481.00	24	-0.2701	0.8571	0.8450
482.00	24	-0.2356	0.7514	0.8350
483.00	24	-0.3725	0.5578	0.8223
484.00	24	-0.4458	0.2871	0.8220
485.00	24	-0.3477	-0.0192	0.8152
486.00	24	-0.2297	-0.1245	0.8234
487.00	24	-0.1625	-0.2254	0.8417
488.00	24	-0.0287	-0.3458	0.8188
489.00	24	-0.0695	-0.1026	0.8546
490.00	24	-0.0836	-0.1239	0.9180
491.00	24	-0.0829	-0.1272	0.8267
492.00	24	-0.0824	-0.1297	0.7493
493.00	24	-0.0791	-0.1350	0.5637
494.00	24	-0.0693	-0.1384	0.4020
495.00	24	-0.0605	-0.1420	0.2836
496.00	24	-0.0470	-0.1526	0.1454
497.00	24	-0.0436	-0.1587	0.1455
498.00	24	-0.0435	-0.1588	0.1455
499.00	24	-0.0435	-0.1588	0.1454
500.00	25	0.0270	1.0208	0.8198
501.00	25	-0.2752	0.8536	0.8452
502.00	25	-0.2334	0.7521	0.8352
503.00	25	-0.3771	0.5560	0.8223
504.00	25	-0.4451	0.2866	0.8220
505.00	25	-0.3497	-0.0168	0.8154
506.00	25	-0.2307	-0.1238	0.8238
507.00	25	-0.1627	-0.2256	0.8416
508.00	25	-0.0171	-0.3332	0.8195
509.00	25	-0.0741	-0.0999	0.8552
510.00	25	-0.0838	-0.1246	0.9084
511.00	25	-0.0830	-0.1269	0.8357
512.00	25	-0.0821	-0.1306	0.7220
513.00	25	-0.0798	-0.1346	0.5840
514.00	25	-0.0662	-0.1395	0.3622
515.00	25	-0.0605	-0.1420	0.2836
516.00	25	-0.0470	-0.1532	0.1464
517.00	25	-0.0435	-0.1587	0.1455
518.00	25	-0.0435	-0.1588	0.1454
519.00	25	-0.0435	-0.1588	0.1454
520.00	26	0.0297	1.0231	0.8194
521.00	26	-0.2731	0.8551	0.8452
522.00	26	-0.2402	0.7497	0.8349
523.00	26	-0.3797	0.5547	0.8221
524.00	26	-0.4458	0.2871	0.8220
525.00	26	-0.3539	-0.0118	0.8158
526.00	26	-0.2307	-0.1238	0.8238
527.00	26	-0.1628	-0.2256	0.8416
528.00	26	-0.0254	-0.3419	0.8189
529.00	26	-0.0689	-0.1030	0.8546
530.00	26	-0.0838	-0.1245	0.9102
531.00	26	-0.0830	-0.1269	0.8357
532.00	26	-0.0818	-0.1316	0.6899
533.00	26	-0.0774	-0.1359	0.5230
534.00	26	-0.0712	-0.1379	0.4260
535.00	26	-0.0572	-0.1437	0.2415
536.00	26	-0.0462	-0.1550	0.1492
537.00	26	-0.0436	-0.1587	0.1455
538.00	26	-0.0435	-0.1587	0.1455
539.00	26	-0.0435	-0.1588	0.1454
540.00	27	0.0303	1.0236	0.8194
541.00	27	-0.2694	0.8575	0.8449
542.00	27	-0.2330	0.7521	0.8352
543.00	27	-0.3797	0.5547	0.8221
544.00	27	-0.4373	0.2799	0.8220
545.00	27	-0.3468	-0.0204	0.8151
546.00	27	-0.2290	-0.1250	0.8231
547.00	27	-0.1628	-0.2256	0.8416
548.00	27	-0.0189	-0.3350	0.8193
549.00	27	-0.0762	-0.0987	0.8557
550.00	27	-0.0838	-0.1246	0.9084
551.00	27	-0.0831	-0.1266	0.8473
552.00	27	-0.0821	-0.1306	0.7220
553.00	27	-0.0769	-0.1361	0.5149
554.00	27	-0.0659	-0.1396	0.3582
555.00	27	-0.0599	-0.1423	0.2757
556.00	27	-0.0470	-0.1534	0.1470
557.00	27	-0.0436	-0.1587	0.1455
558.00	27	-0.0436	-0.1587	0.1455
559.00	27	-0.0435	-0.1588	0.1454
560.00	28	0.0326	1.0254	0.8190
561.00	28	-0.2665	0.8598	0.8449
562.00	28	-0.2322	0.7523	0.8351
563.00	28	-0.3822	0.5536	0.8221
564.00	28	-0.4379	0.2805	0.8220
565.00	28	-0.3482	-0.0186	0.8152
566.00	28	-0.2296	-0.1245	0.8234
567.00	28	-0.1612	-0.2248	0.8421
568.00	28	-0.0171	-0.3332	0.8195
569.00	28	-0.0712	-0.1016	0.8547
570.00	28	-0.0837	-0.1242	0.9155
571.00	28	-0.0832	-0.1263	0.8580
572.00	28	-0.0822	-0.1303	0.7298
573.00	28	-0.0796	-0.1346	0.5800
574.00	28	-0.0662	-0.1395	0.3622
575.00	28	-0.0559	-0.1444	0.2269
576.00	28	-0.0451	-0.1564	0.1472
577.00	28	-0.0436	-0.1587	0.1455
578.00	28	-0.0436	-0.1587	0.1455
579.00	28	-0.0435	-0.1588	0.1454
580.00	29	0.0297	1.0231	0.8194
581.00	29	-0.2731	0.8551	0.8452
582.00	29	-0.2322	0.7523	0.8351
583.00	29	-0.3762	0.5563	0.8223
584.00	29	-0.4366	0.2793	0.8220
585.00	29	-0.3473	-0.0198	0.8152
586.00	29	-0.2313	-0.1235	0.8240
587.00	29	-0.1614	-0.2249	0.8420
588.00	29	-0.0231	-0.3394	0.8190
589.00	29	-0.0722	-0.1009	0.8549
590.00	29	-0.0838	-0.1246	0.9093
591.00	29	-0.0829	-0.1273	0.8235
592.00	29	-0.0819	-0.1314	0.6939
593.00	29	-0.0788	-0.1352	0.5556
594.00	29	-0.0680	-0.1389	0.3860
595.00	29	-0.0578	-0.1434	0.2489
596.00	29	-0.0465	-0.1547	0.1491
597.00	29	-0.0436	-0.1587	0.1455
598.00	29	-0.0435	-0.1587	0.1455
599.00	29	-0.0435	-0.1588	0.1454
600.00	30	0.0270	1.0208	0.8198
601.00	30	-0.2792	0.8514	0.8455
602.00	30	-0.2338	0.7519	0.8352
603.00	30	-0.3797	0.5547	0.8221
604.00	30	-0.4435	0.2853	0.8219
605.00	30	-0.3513	-0.0149	0.8156
606.00	30	-0.2290	-0.1250	0.8231
607.00	30	-0.1630	-0.2258	0.8415
608.00	30	-0.0171	-0.3332	0.8195
609.00	30	-0.0700	-0.1023	0.8547
610.00	30	-0.0837	-0.1248	0.9052
611.00	30	-0.0828	-0.1278	0.8072
612.00	30	-0.0815	-0.1324	0.6615
613.00	30	-0.0785	-0.1353	0.5474
614.00	30	-0.0648	-0.1401	0.3424
615.00	30	-0.0541	-0.1456	0.2060
616.00	30	-0.0470	-0.1526	0.1454
617.00	30	-0.0435	-0.1587	0.1455
618.00	30	-0.0435	-0.1587	0.1454
619.00	30	-0.0435	-0.1588	0.1454
620.00	31	0.0291	1.0225	0.8195
621.00	31	-0.2759	0.8532	0.8453
622.00	31	-0.2423	0.7489	0.8350
623.00	31	-0.3753	0.5568	0.8223
624.00	31	-0.4435	0.2853	0.8219
625.00	31	-0.3518	-0.0143	0.8156
626.00	31	-0.2295	-0.1246	0.8233
627.00	31	-0.1622	-0.2252	0.8419
628.00	31	-0.0180	-0.3341	0.8194
629.00	31	-0.0689	-0.1030	0.8546
630.00	31	-0.0837	-0.1248	0.9052
631.00	31	-0.0830	-0.1270	0.8327
632.00	31	-0.0821	-0.1306	0.7220
633.00	31	-0.0761	-0.1364	0.4986
634.00	31	-0.0648	-0.1401	0.3424
635.00	31	-0.0559	-0.1444	0.2269
636.00	31	-0.0470	-0.1532	0.1464
637.00	31	-0.0436	-0.1587	0.1455
638.00	31	-0.0435	-0.1587	0.1455
639.00	31	-0.0435	-0.1588	0.1454
640.00	32	0.0211	1.0162	0.8201
641.00	32	-0.2723	0.8556	0.8452
642.00	32	-0.2383	0.7504	0.8350
643.00	32	-0.3878	0.5507	0.8218
644.00	32	-0.4422	0.2842	0.8219
645.00	32	-0.3437	-0.0247	0.8145
646.00	32	-0.2312	-0.1236	0.8239
647.00	32	-0.1623	-0.2253	0.8418
648.00	32	-0.0239	-0.3403	0.8190
649.00	32	-0.0706	-0.1020	0.8547
650.00	32	-0.0836	-0.1250	0.8991
651.00	32	-0.0827	-0.1280	0.8004
652.00	32	-0.0815	-0.1323	0.6655
653.00	32	-0.0756	-0.1366	0.4905
654.00	32	-0.0651	-0.1400	0.3463
655.00	32	-0.0531	-0.1463	0.1961
656.00	32	-0.0460	-0.1553	0.1492
657.00	32	-0.0435	-0.1587	0.1455
658.00	32	-0.0436	-0.1587	0.1455
659.00	32	-0.0435	-0.1588	0.1454
660.00	33	0.0303	1.0236	0.8194
661.00	33	-0.2708	0.8566	0.8451
662.00	33	-0.2351	0.7515	0.8350
663.00	33	-0.3893	0.5498	0.8217
664.00	33	-0.4345	0.2775	0.8221
665.00	33	-0.3464	-0.0209	0.8150
666.00	33	-0.2296	-0.1245	0.8234
667.00	33	-0.1619	-0.2251	0.8419
668.00	33	-0.0115	-0.3276	0.8199
669.00	33	-0.0772	-0.0982	0.8560
670.00	33	-0.0837	-0.1245	0.9111
671.00	33	-0.0830	-0.1267	0.8445
672.00	33	-0.0815	-0.1322	0.6696
673.00	33	-0.0790	-0.1351	0.5597
674.00	33	-0.0677	-0.1390	0.3820
675.00	33	-0.0547	-0.1452	0.2128
676.00	33	-0.0438	-0.1585	0.1456
677.00	33	-0.0436	-0.1587	0.1455
678.00	33	-0.0436	-0.1588	0.1455
679.00	33	-0.0435	-0.1588	0.1454
680.00	34	0.0246	1.0190	0.8199
681.00	34	-0.2738	0.8546	0.8452
682.00	34	-0.2372	0.7508	0.8351
683.00	34	-0.3813	0.5540	0.8221
684.00	34	-0.4385	0.2810	0.8220
685.00	34	-0.3477	-0.0192	0.8152
686.00	34	-0.2299	-0.1243	0.8235
687.00	34	-0.1630	-0.2258	0.8415
688.00	34	-0.0215	-0.3377	0.8192
689.00	34	-0.0778	-0.0979	0.8562
690.00	34	-0.0838	-0.1245	0.9102
691.00	34	-0.0826	-0.1286	0.7828
692.00	34	-0.0820	-0.1309	0.7100
693.00	34	-0.0756	-0.1366	0.4905
694.00	34	-0.0656	-0.1397	0.3542
695.00	34	-0.0559	-0.1444	0.2269
696.00	34	-0.0451	-0.1564	0.1472
697.00	34	-0.0436	-0.1587	0.1455
698.00	34	-0.0436	-0.1587	0.1455
699.00	34	-0.0435	-0.1588	0.1454
700.00	35	0.0238	1.0183	0.8199
701.00	35	-0.2766	0.8528	0.8453
702.00	35	-0.2366	0.7510	0.8351
703.00	35	-0.3854	0.5519	0.8219
704.00	35	-0.4331	0.2762	0.8222
705.00	35	-0.3424	-0.0263	0.8142
706.00	35	-0.2321	-0.1232	0.8241
707.00	35	-0.1636	-0.2262	0.8410
708.00	35	-0.0144	-0.3304	0.8197
709.00	35	-0.0750	-0.0994	0.8553
710.00	35	-0.0836	-0.1251	0.8963
711.00	35	-0.0830	-0.1268	0.8416
712.00	35	-0.0815	-0.1324	0.6615
713.00	35	-0.0778	-0.1357	0.5312
714.00	35	-0.0671	-0.1392	0.3741
715.00	35	-0.0535	-0.1461	0.1993
716.00	35	-0.0447	-0.1574	0.1454
717.00	35	-0.0435	-0.1587	0.1455
718.00	35	-0.0436	-0.1587	0.1455
719.00	35	-0.0435	-0.1588	0.1454
720.00	36	0.0246	1.0190	0.8199
721.00	36	-0.2817	0.8502	0.8455
722.00	36	-0.2446	0.7478	0.8350
723.00	36	-0.3908	0.5490	0.8216
724.00	36	-0.4316	0.2749	0.8223
725.00	36	-0.3424	-0.0263	0.8142
726.00	36	-0.2313	-0.1235	0.8240
727.00	36	-0.1632	-0.2260	0.8413
728.00	36	-0.0153	-0.3313	0.8196
729.00	36	-0.0778	-0.0979	0.8562
730.00	36	-0.0836	-0.1251	0.8963
731.00	36	-0.0827	-0.1281	0.7970
732.00	36	-0.0810	-0.1332	0.6329
733.00	36	-0.0776	-0.1358	0.5271
734.00	36	-0.0680	-0.1389	0.3860
735.00	36	-0.0553	-0.1448	0.2199
736.00	36	-0.0447	-0.1567	0.1462
737.00	36	-0.0436	-0.1587	0.1455
738.00	36	-0.0436	-0.1588	0.1455
739.00	36	-0.0435	-0.1588	0.1454
740.00	37	0.0154	1.0117	0.8203
741.00	37	-0.2766	0.8528	0.8453
742.00	37	-0.2463	0.7471	0.8350
743.00	37	-0.3779	0.5556	0.8222
744.00	37	-0.4412	0.2834	0.8219
745.00	37	-0.3487	-0.0181	0.8153
746.00	37	-0.2306	-0.1239	0.8237
747.00	37	-0.1632	-0.2259	0.8414
748.00	37	-0.0215	-0.3377	0.8192
749.00	37	-0.0790	-0.0973	0.8568
750.00	37	-0.0836	-0.1254	0.8882
751.00	37	-0.0830	-0.1269	0.8357
752.00	37	-0.0811	-0.1331	0.6370
753.00	37	-0.0774	-0.1359	0.5230
754.00	37	-0.0639	-0.1404	0.3305
755.00	37	-0.0559	-0.1444	0.2269
756.00	37	-0.0447	-0.1574	0.1454
757.00	37	-0.0435	-0.1587	0.1455
758.00	37	-0.0436	-0.1587	0.1455
759.00	37	-0.0435	-0.1588	0.1454
760.00	38	0.0277	1.0214	0.8196
761.00	38	-0.2811	0.8505	0.8455
762.00	38	-0.2481	0.7463	0.8351
763.00	38	-0.3854	0.5519	0.8219
764.00	38	-0.4391	0.2815	0.8219
765.00	38	-0.3450	-0.0229	0.8148
766.00	38	-0.2316	-0.1233	0.8240
767.00	38	-0.1634	-0.2261	0.8412
768.00	38	-0.0095	-0.3257	0.8201
769.00	38	-0.0750	-0.0994	0.8553
770.00	38	-0.0835	-0.1252	0.8932
771.00	38	-0.0826	-0.1283	0.7900
772.00	38	-0.0817	-0.1317	0.6859
773.00	38	-0.0745	-0.1369	0.4743
774.00	38	-0.0668	-0.1393	0.3701
775.00	38	-0.0508	-0.1484	0.1742
776.00	38	-0.0453	-0.1561	0.1480
777.00	38	-0.0435	-0.1587	0.1455
778.00	38	-0.0436	-0.1588	0.1455
779.00	38	-0.0435	-0.1588	0.1454
780.00	39	0.0270	1.0208	0.8198
781.00	39	-0.2792	0.8514	0.8455
782.00	39	-0.2431	0.7486	0.8350
783.00	39	-0.3908	0.5490	0.8216
784.00	39	-0.4331	0.2762	0.8222
785.00	39	-0.3418	-0.0270	0.8140
786.00	39	-0.2319	-0.1232	0.8241
787.00	39	-0.1636	-0.2263	0.8410
788.00	39	-0.0115	-0.3276	0.8199
789.00	39	-0.0750	-0.0994	0.8553
790.00	39	-0.0835	-0.1255	0.8846
791.00	39	-0.0830	-0.1271	0.8297
792.00	39	-0.0814	-0.1326	0.6533
793.00	39	-0.0765	-0.1362	0.5067
794.00	39	-0.0659	-0.1396	0.3582
795.00	39	-0.0528	-0.1466	0.1928
796.00	39	-0.0453	-0.1561	0.1480
797.00	39	-0.0435	-0.1587	0.1455
798.00	39	-0.0435	-0.1588	0.1455
799.00	39	-0.0435	-0.1588	0.1454
800.00	40	0.0202	1.0155	0.8202
801.00	40	-0.2759	0.8532	0.8453
802.00	40	-0.2423	0.7489	0.8350
803.00	40	-0.3862	0.5515	0.8218
804.00	40	-0.4276	0.2714	0.8226
805.00	40	-0.3411	-0.0277	0.8139
806.00	40	-0.2324	-0.1230	0.8242
807.00	40	-0.1630	-0.2258	0.8415
808.00	40	-0.0065	-0.3229	0.8203
809.00	40	-0.0795	-0.0970	0.8570
810.00	40	-0.0837	-0.1250	0.9004
811.00	40	-0.0826	-0.1288	0.7756
812.00	40	-0.0814	-0.1328	0.6493
813.00	40	-0.0767	-0.1361	0.5108
814.00	40	-0.0656	-0.1397	0.3542
815.00	40	-0.0517	-0.1475	0.1832
816.00	40	-0.0447	-0.1574	0.1454
817.00	40	-0.0435	-0.1587	0.1455
818.00	40	-0.0435	-0.1587	0.1455
819.00	40	-0.0435	-0.1588	0.1454
820.00	41	0.0202	1.0155	0.8202
821.00	41	-0.2805	0.8508	0.8455
822.00	41	-0.2395	0.7499	0.8349
823.00	41	-0.3862	0.5515	0.8218
824.00	41	-0.4331	0.2762	0.8222
825.00	41	-0.3440	-0.0243	0.8146
826.00	41	-0.2333	-0.1227	0.8244
827.00	41	-0.1632	-0.2260	0.8413
828.00	41	-0.0065	-0.3229	0.8203
829.00	41	-0.0758	-0.0989	0.8556
830.00	41	-0.0836	-0.1251	0.8963
831.00	41	-0.0826	-0.1288	0.7756
832.00	41	-0.0812	-0.1330	0.6411
833.00	41	-0.0738	-0.1371	0.4622
834.00	41	-0.0642	-0.1403	0.3345
835.00	41	-0.0511	-0.1481	0.1772
836.00	41	-0.0458	-0.1556	0.1489
837.00	41	-0.0435	-0.1587	0.1455
838.00	41	-0.0435	-0.1587	0.1455
839.00	41	-0.0435	-0.1588	0.1454
840.00	42	0.0163	1.0126	0.8203
841.00	42	-0.2805	0.8508	0.8455
842.00	42	-0.2402	0.7497	0.8349
843.00	42	-0.3878	0.5507	0.8218
844.00	42	-0.4391	0.2815	0.8219
845.00	42	-0.3415	-0.0274	0.8140
846.00	42	-0.2328	-0.1229	0.8243
847.00	42	-0.1628	-0.2256	0.8416
848.00	42	-0.0035	-0.3201	0.8205
849.00	42	-0.0781	-0.0977	0.8563
850.00	42	-0.0836	-0.1250	0.8991
851.00	42	-0.0826	-0.1282	0.7935
852.00	42	-0.0815	-0.1322	0.6696
853.00	42	-0.0738	-0.1371	0.4622
854.00	42	-0.0616	-0.1415	0.2991
855.00	42	-0.0535	-0.1461	0.1993
856.00	42	-0.0455	-0.1558	0.1485
857.00	42	-0.0435	-0.1587	0.1455
858.00	42	-0.0436	-0.1587	0.1455
859.00	42	-0.0435	-0.1588	0.1454
860.00	43	0.0133	1.0103	0.8204
861.00	43	-0.2779	0.8521	0.8454
862.00	43	-0.2454	0.7475	0.8350
863.00	43	-0.3878	0.5507	0.8218
864.00	43	-0.4323	0.2755	0.8222
865.00	43	-0.3447	-0.0233	0.8147
866.00	43	-0.2319	-0.1232	0.8241
867.00	43	-0.1640	-0.2268	0.8404
868.00	43	-0.0171	-0.3332	0.8195
869.00	43	-0.0781	-0.0977	0.8563
870.00	43	-0.0834	-0.1257	0.8787
871.00	43	-0.0826	-0.1282	0.7935
872.00	43	-0.0815	-0.1324	0.6615
873.00	43	-0.0729	-0.1374	0.4501
874.00	43	-0.0636	-0.1405	0.3266
875.00	43	-0.0511	-0.1481	0.1772
876.00	43	-0.0447	-0.1574	0.1454
877.00	43	-0.0435	-0.1587	0.1455
878.00	43	-0.0435	-0.1588	0.1455
879.00	43	-0.0435	-0.1588	0.1454
880.00	44	0.0112	1.0087	0.8205
881.00	44	-0.2847	0.8488	0.8457
882.00	44	-0.2395	0.7499	0.8349
883.00	44	-0.3862	0.5515	0.8218
884.00	44	-0.4373	0.2799	0.8220
885.00	44	-0.3418	-0.0270	0.8140
886.00	44	-0.2322	-0.1231	0.8241
887.00	44	-0.1630	-0.2258	0.8415
888.00	44	0.0006	-0.3164	0.8209
889.00	44	-0.0754	-0.0992	0.8554
890.00	44	-0.0835	-0.1255	0.8846
891.00	44	-0.0826	-0.1288	0.7756
892.00	44	-0.0806	-0.1338	0.6125
893.00	44	-0.0761	-0.1364	0.4986
894.00	44	-0.0648	-0.1401	0.3424
895.00	44	-0.0498	-0.1494	0.1654
896.00	44	-0.0439	-0.1585	0.1455
897.00	44	-0.0435	-0.1587	0.1455
898.00	44	-0.0435	-0.1587	0.1455
899.00	44	-0.0435	-0.1588	0.1454
900.00	45	0.0122	1.0095	0.8205
901.00	45	-0.2877	0.8475	0.8460
902.00	45	-0.2402	0.7497	0.8349
903.00	45	-0.3862	0.5515	0.8218
904.00	45	-0.4251	0.2691	0.8228
905.00	45	-0.3418	-0.0270	0.8140
906.00	45	-0.2326	-0.1229	0.8243
907.00	45	-0.1638	-0.2266	0.8407
908.00	45	-0.0115	-0.3276	0.8199
909.00	45	-0.0805	-0.0966	0.8576
910.00	45	-0.0836	-0.1250	0.8977
911.00	45	-0.0828	-0.1278	0.8038
912.00	45	-0.0809	-0.1334	0.6248
913.00	45	-0.0758	-0.1365	0.4946
914.00	45	-0.0648	-0.1401	0.3424
915.00	45	-0.0538	-0.1459	0.2027
916.00	45	-0.0447	-0.1574	0.1454
917.00	45	-0.0436	-0.1587	0.1455
918.00	45	-0.0435	-0.1587	0.1455
919.00	45	-0.0435	-0.1588	0.1454
920.00	46	0.0238	1.0183	0.8199
921.00	46	-0.2859	0.8482	0.8458
922.00	46	-0.2446	0.7478	0.8350
923.00	46	-0.3893	0.5498	0.8217
924.00	46	-0.4251	0.2691	0.8228
925.00	46	-0.3427	-0.0259	0.8142
926.00	46	-0.2333	-0.1227	0.8244
927.00	46	-0.1638	-0.2266	0.8406
928.00	46	-0.0105	-0.3266	0.8200
929.00	46	-0.0790	-0.0973	0.8568
930.00	46	-0.0834	-0.1257	0.8807
931.00	46	-0.0824	-0.1297	0.7493
932.00	46	-0.0811	-0.1331	0.6370
933.00	46	-0.0753	-0.1367	0.4864
934.00	46	-0.0651	-0.1400	0.3463
935.00	46	-0.0501	-0.1491	0.1683
936.00	46	-0.0441	-0.1581	0.1455
937.00	46	-0.0435	-0.1587	0.1455
938.00	46	-0.0436	-0.1587	0.1455
939.00	46	-0.0435	-0.1588	0.1454
940.00	47	0.0173	1.0133	0.8203
941.00	47	-0.2792	0.8514	0.8455
942.00	47	-0.2463	0.7471	0.8350
943.00	47	-0.3862	0.5515	0.8218
944.00	47	-0.4352	0.2781	0.8220
945.00	47	-0.3418	-0.0270	0.8140
946.00	47	-0.2312	-0.1236	0.8239
947.00	47	-0.1633	-0.2261	0.8412
948.00	47	-0.0095	-0.3257	0.8201
949.00	47	-0.0795	-0.0970	0.8570
950.00	47	-0.0835	-0.1252	0.8932
951.00	47	-0.0826	-0.1282	0.7935
952.00	47	-0.0806	-0.1338	0.6125
953.00	47	-0.0729	-0.1374	0.4501
954.00	47	-0.0625	-0.1410	0.3109
955.00	47	-0.0494	-0.1497	0.1626
956.00	47	-0.0438	-0.1585	0.1456
957.00	47	-0.0436	-0.1587	0.1455
958.00	47	-0.0436	-0.1587	0.1455
959.00	47	-0.0435	-0.1588	0.1454
960.00	48	0.0192	1.0148	0.8202
961.00	48	-0.2859	0.8482	0.8458
962.00	48	-0.2431	0.7486	0.8350
963.00	48	-0.3923	0.5481	0.8216
964.00	48	-0.4300	0.2735	0.8223
965.00	48	-0.3408	-0.0281	0.8138
966.00	48	-0.2342	-0.1224	0.8247
967.00	48	-0.1639	-0.2267	0.8405
968.00	48	0.0006	-0.3164	0.8209
969.00	48	-0.0772	-0.0982	0.8560
970.00	48	-0.0833	-0.1259	0.8701
971.00	48	-0.0824	-0.1294	0.7569
972.00	48	-0.0801	-0.1343	0.5922
973.00	48	-0.0723	-0.1376	0.4420
974.00	48	-0.0596	-0.1424	0.2719
975.00	48	-0.0474	-0.1516	0.1474
976.00	48	-0.0438	-0.1585	0.1456
977.00	48	-0.0435	-0.1587	0.1455
978.00	48	-0.0435	-0.1587	0.1455
979.00	48	-0.0435	-0.1588	0.1454
980.00	49	0.0057	1.0046	0.8205
981.00	49	-0.2823	0.8499	0.8456
982.00	49	-0.2605	0.7403	0.8353
983.00	49	-0.4010	0.5428	0.8210
984.00	49	-0.4208	0.2653	0.8231
985.00	49	-0.3411	-0.0277	0.8139
986.00	49	-0.2342	-0.1224	0.8247
987.00	49	-0.1641	-0.2273	0.8397
988.00	49	0.0046	-0.3128	0.8213
989.00	49	-0.0816	-0.0963	0.8582
990.00	49	-0.0835	-0.1256	0.8827
991.00	49	-0.0824	-0.1293	0.7607
992.00	49	-0.0805	-0.1339	0.6084
993.00	49	-0.0750	-0.1368	0.4824
994.00	49	-0.0639	-0.1404	0.3305
995.00	49	-0.0521	-0.1472	0.1864
996.00	49	-0.0436	-0.1587	0.1455
997.00	49	-0.0435	-0.1587	0.1455
998.00	49	-0.0436	-0.1587	0.1455
999.00	49	-0.0435	-0.1588	0.1454
1000.00	50	0.0012	1.0014	0.8206
1001.00	50	-0.2835	0.8494	0.8457
1002.00	50	-0.2605	0.7403	0.8353
1003.00	50	-0.3878	0.5507	0.8218
1004.00	50	-0.4284	0.2721	0.8225
1005.00	50	-0.3392	-0.0296	0.8134
1006.00	50	-0.2344	-0.1223	0.8247
1007.00	50	-0.1640	-0.2269	0.8402
1008.00	50	0.0006	-0.3164	0.8209
1009.00	50	-0.0795	-0.0970	0.8570
1010.00	50	-0.0836	-0.1254	0.8882
1011.00	50	-0.0823	-0.1300	0.7416
1012.00	50	-0.0798	-0.1346	0.5840
1013.00	50	-0.0727	-0.1375	0.4461
1014.00	50	-0.0599	-0.1423	0.2757
1015.00	50	-0.0494	-0.1497	0.1626
1016.00	50	-0.0436	-0.1587	0.1455
1017.00	50	-0.0436	-0.1587	0.1455
1018.00	50	-0.0435	-0.1587	0.1455
1019.00	50	-0.0435	-0.1588	0.1454
1020.00	51	0.0090	1.0071	0.8205
1021.00	51	-0.2888	0.8470	0.8460
1022.00	51	-0.2529	0.7440	0.8351
1023.00	51	-0.3974	0.5451	0.8213
1024.00	51	-0.4251	0.2691	0.8228
1025.00	51	-0.3395	-0.0294	0.8134
1026.00	51	-0.2338	-0.1225	0.8246
1027.00	51	-0.1636	-0.2263	0.8410
1028.00	51	0.0067	-0.3110	0.8215
1029.00	51	-0.0799	-0.0968	0.8573
1030.00	51	-0.0835	-0.1255	0.8846
1031.00	51	-0.0826	-0.1287	0.7792
1032.00	51	-0.0796	-0.1346	0.5800
1033.00	51	-0.0727	-0.1375	0.4461
1034.00	51	-0.0628	-0.1409	0.3148
1035.00	51	-0.0508	-0.1484	0.1742
1036.00	51	-0.0436	-0.1587	0.1455
1037.00	51	-0.0436	-0.1587	0.1455
1038.00	51	-0.0436	-0.1587	0.1455
1039.00	51	-0.0435	-0.1588	0.1454
1040.00	52	0.0133	1.0103	0.8204
1041.00	52	-0.2865	0.8480	0.8458
1042.00	52	-0.2490	0.7459	0.8351
1043.00	52	-0.3900	0.5494	0.8217
1044.00	52	-0.4284	0.2721	0.8225
1045.00	52	-0.3383	-0.0309	0.8131
1046.00	52	-0.2330	-0.1228	0.8244
1047.00	52	-0.1641	-0.2275	0.8395
1048.00	52	-0.0055	-0.3219	0.8203
1049.00	52	-0.0807	-0.0965	0.8577
1050.00	52	-0.0833	-0.1261	0.8654
1051.00	52	-0.0825	-0.1289	0.7719
1052.00	52	-0.0793	-0.1349	0.5678
1053.00	52	-0.0735	-0.1372	0.4582
1054.00	52	-0.0593	-0.1426	0.2680
1055.00	52	-0.0524	-0.1469	0.1895
1056.00	52	-0.0436	-0.1587	0.1455
1057.00	52	-0.0436	-0.1587	0.1455
1058.00	52	-0.0435	-0.1587	0.1455
1059.00	52	-0.0435	-0.1588	0.1454
1060.00	53	0.0173	1.0133	0.8203
1061.00	53	-0.2830	0.8497	0.8457
1062.00	53	-0.2593	0.7409	0.8352
1063.00	53	-0.3995	0.5438	0.8212
1064.00	53	-0.4157	0.2605	0.8236
1065.00	53	-0.3424	-0.0263	0.8142
1066.00	53	-0.2341	-0.1224	0.8247
1067.00	53	-0.1640	-0.2271	0.8400
1068.00	53	-0.0035	-0.3201	0.8205
1069.00	53	-0.0785	-0.0975	0.8565
1070.00	53	-0.0833	-0.1261	0.8654
1071.00	53	-0.0826	-0.1288	0.7756
1072.00	53	-0.0803	-0.1341	0.6003
1073.00	53	-0.0745	-0.1369	0.4743
1074.00	53	-0.0584	-0.1430	0.2566
1075.00	53	-0.0471	-0.1519	0.1453
1076.00	53	-0.0436	-0.1587	0.1455
1077.00	53	-0.0435	-0.1588	0.1455
1078.00	53	-0.0435	-0.1587	0.1455
1079.00	53	-0.0435	-0.1588	0.1454
1080.00	54	0.0163	1.0126	0.8203
1081.00	54	-0.2877	0.8475	0.8460
1082.00	54	-0.2519	0.7445	0.8351
1083.00	54	-0.4016	0.5424	0.8210
1084.00	54	-0.4234	0.2676	0.8229
1085.00	54	-0.3387	-0.0304	0.8132
1086.00	54	-0.2350	-0.1221	0.8249
1087.00	54	-0.1641	-0.2275	0.8394
1088.00	54	-0.0055	-0.3219	0.8203
1089.00	54	-0.0797	-0.0969	0.8571
1090.00	54	-0.0832	-0.1263	0.8554
1091.00	54	-0.0824	-0.1296	0.7531
1092.00	54	-0.0810	-0.1333	0.6289
1093.00	54	-0.0699	-0.1383	0.4100
1094.00	54	-0.0631	-0.1408	0.3187
1095.00	54	-0.0470	-0.1526	0.1454
1096.00	54	-0.0435	-0.1588	0.1455
1097.00	54	-0.0436	-0.1587	0.1455
1098.00	54	-0.0436	-0.1587	0.1455
1099.00	54	-0.0435	-0.1588	0.1454
1100.00	55	0.0035	1.0030	0.8206
1101.00	55	-0.2937	0.8457	0.8463
1102.00	55	-0.2550	0.7430	0.8352
1103.00	55	-0.4037	0.5410	0.8208
1104.00	55	-0.4292	0.2728	0.8224
1105.00	55	-0.3405	-0.0284	0.8137
1106.00	55	-0.2330	-0.1228	0.8244
1107.00	55	-0.1641	-0.2273	0.8397
1108.00	55	0.0046	-0.3128	0.8213
1109.00	55	-0.0812	-0.0964	0.8580
1110.00	55	-0.0835	-0.1255	0.8846
1111.00	55	-0.0824	-0.1296	0.7531
1112.00	55	-0.0785	-0.1353	0.5474
1113.00	55	-0.0735	-0.1372	0.4582
1114.00	55	-0.0616	-0.1415	0.2991
1115.00	55	-0.0504	-0.1488	0.1712
1116.00	55	-0.0437	-0.1585	0.1455
1117.00	55	-0.0435	-0.1587	0.1455
1118.00	55	-0.0435	-0.1587	0.1455
1119.00	55	-0.0435	-0.1588	0.1454
1120.00	56	0.0057	1.0046	0.8205
1121.00	56	-0.2932	0.8458	0.8463
1122.00	56	-0.2605	0.7403	0.8353
1123.00	56	-0.4037	0.5410	0.8208
1124.00	56	-0.4268	0.2706	0.8226
1125.00	56	-0.3385	-0.0306	0.8132
1126.00	56	-0.2331	-0.1228	0.8244
1127.00	56	-0.1640	-0.2271	0.8399
1128.00	56	0.0036	-0.3137	0.8211
1129.00	56	-0.0822	-0.0961	0.8587
1130.00	56	-0.0832	-0.1262	0.8605
1131.00	56	-0.0820	-0.1309	0.7100
1132.00	56	-0.0794	-0.1348	0.5718
1133.00	56	-0.0712	-0.1379	0.4260
1134.00	56	-0.0572	-0.1437	0.2415
1135.00	56	-0.0480	-0.1510	0.1523
1136.00	56	-0.0436	-0.1587	0.1455
1137.00	56	-0.0435	-0.1587	0.1455
1138.00	56	-0.0435	-0.1587	0.1455
1139.00	56	-0.0435	-0.1588	0.1454
1140.00	57	-0.0057	0.9964	0.8206
1141.00	57	-0.2914	0.8463	0.8462
1142.00	57	-0.2616	0.7397	0.8353
1143.00	57	-0.4037	0.5410	0.8208
1144.00	57	-0.4174	0.2621	0.8234
1145.00	57	-0.3395	-0.0294	0.8134
1146.00	57	-0.2350	-0.1221	0.8249
1147.00	57	-0.1640	-0.2268	0.8404
1148.00	57	0.0117	-0.3068	0.8220
1149.00	57	-0.0831	-0.0960	0.8593
1150.00	57	-0.0834	-0.1258	0.8724
1151.00	57	-0.0822	-0.1302	0.7338
1152.00	57	-0.0788	-0.1352	0.5556
1153.00	57	-0.0693	-0.1384	0.4020
1154.00	57	-0.0613	-0.1416	0.2952
1155.00	57	-0.0468	-0.1541	0.1485
1156.00	57	-0.0435	-0.1588	0.1455
1157.00	57	-0.0435	-0.1587	0.1455
1158.00	57	-0.0436	-0.1587	0.1455
1159.00	57	-0.0435	-0.1588	0.1454
1160.00	58	0.0112	1.0087	0.8205
1161.00	58	-0.2898	0.8467	0.8460
1162.00	58	-0.2616	0.7397	0.8353
1163.00	58	-0.3946	0.5468	0.8215
1164.00	58	-0.4208	0.2653	0.8231
1165.00	58	-0.3390	-0.0299	0.8133
1166.00	58	-0.2357	-0.1218	0.8252
1167.00	58	-0.1640	-0.2269	0.8402
1168.00	58	0.0076	-0.3101	0.8216
1169.00	58	-0.0827	-0.0961	0.8590
1170.00	58	-0.0833	-0.1261	0.8654
1171.00	58	-0.0823	-0.1301	0.7377
1172.00	58	-0.0795	-0.1347	0.5759
1173.00	58	-0.0683	-0.1388	0.3900
1174.00	58	-0.0596	-0.1424	0.2719
1175.00	58	-0.0490	-0.1500	0.1599
1176.00	58	-0.0436	-0.1587	0.1455
1177.00	58	-0.0436	-0.1587	0.1455
1178.00	58	-0.0436	-0.1587	0.1455
1179.00	58	-0.0435	-0.1588	0.1454
1180.00	59	-0.0033	0.9980	0.8206
1181.00	59	-0.2865	0.8480	0.8458
1182.00	59	-0.2560	0.7425	0.8353
1183.00	59	-0.4044	0.5406	0.8207
1184.00	59	-0.4208	0.2653	0.8231
1185.00	59	-0.3400	-0.0289	0.8136
1186.00	59	-0.2350	-0.1221	0.8249
1187.00	59	-0.1641	-0.2273	0.8397
1188.00	59	0.0147	-0.3043	0.8224
1189.00	59	-0.0799	-0.0968	0.8573
1190.00	59	-0.0832	-0.1263	0.8580
1191.00	59	-0.0822	-0.1302	0.7338
1192.00	59	-0.0791	-0.1350	0.5637
1193.00	59	-0.0680	-0.1389	0.3860
1194.00	59	-0.0602	-0.1421	0.2796
1195.00	59	-0.0474	-0.1516	0.1474
1196.00	59	-0.0436	-0.1587	0.1455
1197.00	59	-0.0435	-0.1587	0.1455
1198.00	59	-0.0435	-0.1588	0.1455
1199.00	59	-0.0435	-0.1588	0.1454
1200.00	60	0.0090	1.0071	0.8205
1201.00	60	-0.2937	0.8457	0.8463
1202.00	60	-0.2627	0.7392	0.8353
1203.00	60	-0.4002	0.5433	0.8211
1204.00	60	-0.4131	0.2581	0.8239
1205.00	60	-0.3385	-0.0306	0.8132
1206.00	60	-0.2334	-0.1227	0.8245
1207.00	60	-0.1641	-0.2272	0.8398
1208.00	60	0.0006	-0.3164	0.8209
1209.00	60	-0.0816	-0.0963	0.8582
1210.00	60	-0.0832	-0.1264	0.8527
1211.00	60	-0.0822	-0.1302	0.7338
1212.00	60	-0.0798	-0.1346	0.5840
1213.00	60	-0.0709	-0.1380	0.4220
1214.00	60	-0.0559	-0.1444	0.2269
1215.00	60	-0.0469	-0.1539	0.1481
1216.00	60	-0.0436	-0.1587	0.1455
1217.00	60	-0.0436	-0.1587	0.1455
1218.00	60	-0.0435	-0.1587	0.1455
1219.00	60	-0.0435	-0.1588	0.1454
1220.00	61	-0.0115	0.9923	0.8205
1221.00	61	-0.2937	0.8457	0.8463
1222.00	61	-0.2650	0.7381	0.8354
1223.00	61	-0.4058	0.5398	0.8206
1224.00	61	-0.4226	0.2668	0.8229
1225.00	61	-0.3395	-0.0294	0.8134
1226.00	61	-0.2352	-0.1220	0.8250
1227.00	61	-0.1639	-0.2282	0.8382
1228.00	61	0.0157	-0.3035	0.8225
1229.00	61	-0.0816	-0.0963	0.8582
1230.00	61	-0.0833	-0.1259	0.8701
1231.00	61	-0.0821	-0.1308	0.7140
1232.00	61	-0.0780	-0.1356	0.5352
1233.00	61	-0.0727	-0.1375	0.4461
1234.00	61	-0.0574	-0.1435	0.2452
1235.00	61	-0.0468	-0.1541	0.1485
1236.00	61	-0.0435	-0.1588	0.1455
1237.00	61	-0.0435	-0.1587	0.1454
1238.00	61	-0.0435	-0.1588	0.1455
1239.00	61	-0.0435	-0.1588	0.1454
1240.00	62	-0.0033	0.9980	0.8206
1241.00	62	-0.2937	0.8457	0.8463
1242.00	62	-0.2560	0.7425	0.8353
1243.00	62	-0.3967	0.5455	0.8213
1244.00	62	-0.4226	0.2668	0.8229
1245.00	62	-0.3383	-0.0309	0.8131
1246.00	62	-0.2358	-0.1217	0.8252
1247.00	62	-0.1640	-0.2270	0.8401
1248.00	62	0.0177	-0.3019	0.8227
1249.00	62	-0.0842	-0.0960	0.8606
1250.00	62	-0.0829	-0.1274	0.8203
1251.00	62	-0.0820	-0.1311	0.7060
1252.00	62	-0.0780	-0.1356	0.5352
1253.00	62	-0.0686	-0.1387	0.3940
1254.00	62	-0.0593	-0.1426	0.2680
1255.00	62	-0.0483	-0.1507	0.1548
1256.00	62	-0.0435	-0.1588	0.1455
1257.00	62	-0.0435	-0.1587	0.1455
1258.00	62	-0.0435	-0.1587	0.1455
1259.00	62	-0.0435	-0.1588	0.1454
1260.00	63	-0.0080	0.9948	0.8206
1261.00	63	-0.2904	0.8465	0.8461
1262.00	63	-0.2780	0.7314	0.8353
1263.00	63	-0.4077	0.5384	0.8203
1264.00	63	-0.4157	0.2605	0.8236
1265.00	63	-0.3379	-0.0315	0.8129
1266.00	63	-0.2356	-0.1218	0.8251
1267.00	63	-0.1639	-0.2284	0.8380
1268.00	63	0.0206	-0.2996	0.8231
1269.00	63	-0.0836	-0.0960	0.8598
1270.00	63	-0.0829	-0.1273	0.8235
1271.00	63	-0.0821	-0.1306	0.7220
1272.00	63	-0.0798	-0.1346	0.5840
1273.00	63	-0.0665	-0.1394	0.3661
1274.00	63	-0.0590	-0.1427	0.2641
1275.00	63	-0.0468	-0.1541	0.1485
1276.00	63	-0.0435	-0.1587	0.1455
1277.00	63	-0.0435	-0.1587	0.1454
1278.00	63	-0.0435	-0.1587	0.1455
1279.00	63	-0.0435	-0.1588	0.1454
1280.00	64	-0.0139	0.9907	0.8206
1281.00	64	-0.2974	0.8454	0.8466
1282.00	64	-0.2708	0.7350	0.8354
1283.00	64	-0.4002	0.5433	0.8211
1284.00	64	-0.4174	0.2621	0.8234
1285.00	64	-0.3377	-0.0319	0.8129
1286.00	64	-0.2365	-0.1213	0.8256
1287.00	64	-0.1640	-0.2281	0.8384
1288.00	64	0.0026	-0.3146	0.8210
1289.00	64	-0.0846	-0.0961	0.8610
1290.00	64	-0.0832	-0.1263	0.8580
1291.00	64	-0.0818	-0.1316	0.6899
1292.00	64	-0.0783	-0.1354	0.5434
1293.00	64	-0.0659	-0.1396	0.3582
1294.00	64	-0.0605	-0.1420	0.2836
1295.00	64	-0.0462	-0.1550	0.1492
1296.00	64	-0.0435	-0.1587	0.1455
1297.00	64	-0.0436	-0.1587	0.1455
1298.00	64	-0.0435	-0.1587	0.1455
1299.00	64	-0.0435	-0.1588	0.1454
1300.00	65	0.0012	1.0014	0.8206
1301.00	65	-0.2923	0.8460	0.8462
1302.00	65	-0.2696	0.7356	0.8354
1303.00	65	-0.4030	0.5415	0.8208
1304.00	65	-0.4097	0.2550	0.8242
1305.00	65	-0.3374	-0.0329	0.8127
1306.00	65	-0.2361	-0.1216	0.8254
1307.00	65	-0.1639	-0.2282	0.8383
1308.00	65	0.0206	-0.2996	0.8231
1309.00	65	-0.0844	-0.0960	0.8608
1310.00	65	-0.0830	-0.1268	0.8416
1311.00	65	-0.0822	-0.1302	0.7338
1312.00	65	-0.0788	-0.1352	0.5556
1313.00	65	-0.0686	-0.1387	0.3940
1314.00	65	-0.0599	-0.1423	0.2757
1315.00	65	-0.0470	-0.1537	0.1475
1316.00	65	-0.0435	-0.1587	0.1455
1317.00	65	-0.0436	-0.1587	0.1455
1318.00	65	-0.0436	-0.1587	0.1455
1319.00	65	-0.0435	-0.1588	0.1454
1320.00	66	-0.0068	0.9956	0.8207
1321.00	66	-0.2904	0.8465	0.8461
1322.00	66	-0.2732	0.7339	0.8354
1323.00	66	-0.4116	0.5356	0.8198
1324.00	66	-0.4200	0.2645	0.8232
1325.00	66	-0.3378	-0.0316	0.8129
1326.00	66	-0.2353	-0.1219	0.8250
1327.00	66	-0.1641	-0.2277	0.8391
1328.00	66	0.0076	-0.3101	0.8216
1329.00	66	-0.0831	-0.0960	0.8593
1330.00	66	-0.0828	-0.1278	0.8072
1331.00	66	-0.0822	-0.1302	0.7338
1332.00	66	-0.0788	-0.1352	0.5556
1333.00	66	-0.0699	-0.1383	0.4100
1334.00	66	-0.0565	-0.1440	0.2342
1335.00	66	-0.0462	-0.1550	0.1492
1336.00	66	-0.0436	-0.1587	0.1455
1337.00	66	-0.0436	-0.1587	0.1455
1338.00	66	-0.0436	-0.1588	0.1455
1339.00	66	-0.0435	-0.1588	0.1454
1340.00	67	-0.0045	0.9972	0.8206
1341.00	67	-0.2970	0.8454	0.8466
1342.00	67	-0.2803	0.7302	0.8353
1343.00	67	-0.4016	0.5424	0.8210
1344.00	67	-0.4097	0.2550	0.8242
1345.00	67	-0.3380	-0.0313	0.8130
1346.00	67	-0.2344	-0.1223	0.8247
1347.00	67	-0.1639	-0.2282	0.8382
1348.00	67	0.0226	-0.2980	0.8234
1349.00	67	-0.0836	-0.0960	0.8598
1350.00	67	-0.0830	-0.1270	0.8327
1351.00	67	-0.0815	-0.1325	0.6574
1352.00	67	-0.0780	-0.1356	0.5352
1353.00	67	-0.0668	-0.1393	0.3701
1354.00	67	-0.0587	-0.1429	0.2604
1355.00	67	-0.0470	-0.1526	0.1454
1356.00	67	-0.0436	-0.1587	0.1455
1357.00	67	-0.0436	-0.1587	0.1455
1358.00	67	-0.0436	-0.1587	0.1455
1359.00	67	-0.0435	-0.1588	0.1454
1360.00	68	-0.0208	0.9859	0.8203
1361.00	68	-0.2928	0.8459	0.8463
1362.00	68	-0.2732	0.7339	0.8354
1363.00	68	-0.4058	0.5398	0.8206
1364.00	68	-0.4157	0.2605	0.8236
1365.00	68	-0.3374	-0.0328	0.8127
1366.00	68	-0.2371	-0.1209	0.8259
1367.00	68	-0.1641	-0.2278	0.8390
1368.00	68	0.0076	-0.3101	0.8216
1369.00	68	-0.0836	-0.0960	0.8598
1370.00	68	-0.0828	-0.1276	0.8138
1371.00	68	-0.0815	-0.1323	0.6655
1372.00	68	-0.0772	-0.1360	0.5189
1373.00	68	-0.0662	-0.1395	0.3622
1374.00	68	-0.0581	-0.1432	0.2528
1375.00	68	-0.0441	-0.1581	0.1455
1376.00	68	-0.0435	-0.1587	0.1455
1377.00	68	-0.0435	-0.1587	0.1455
1378.00	68	-0.0435	-0.1587	0.1455
1379.00	68	-0.0435	-0.1588	0.1454
1380.00	69	-0.0127	0.9915	0.8205
1381.00	69	-0.2970	0.8454	0.8466
1382.00	69	-0.2696	0.7356	0.8354
1383.00	69	-0.4058	0.5398	0.8206
1384.00	69	-0.4183	0.2629	0.8234
1385.00	69	-0.3376	-0.0322	0.8128
1386.00	69	-0.2360	-0.1216	0.8253
1387.00	69	-0.1637	-0.2288	0.8374
1388.00	69	0.0157	-0.3035	0.8225
1389.00	69	-0.0844	-0.0960	0.8608
1390.00	69	-0.0830	-0.1268	0.8416
1391.00	69	-0.0819	-0.1312	0.7020
1392.00	69	-0.0791	-0.1350	0.5637
1393.00	69	-0.0677	-0.1390	0.3820
1394.00	69	-0.0535	-0.1461	0.1993
1395.00	69	-0.0462	-0.1550	0.1492
1396.00	69	-0.0436	-0.1587	0.1455
1397.00	69	-0.0435	-0.1588	0.1454
1398.00	69	-0.0436	-0.1588	0.1455
1399.00	69	-0.0435	-0.1588	0.1454
1400.00	70	-0.0219	0.9851	0.8204
1401.00	70	-0.2958	0.8455	0.8465
1402.00	70	-0.2639	0.7386	0.8353
1403.00	70	-0.4142	0.5337	0.8195
1404.00	70	-0.4047	0.2502	0.8248
1405.00	70	-0.3374	-0.0331	0.8127
1406.00	70	-0.2373	-0.1207	0.8260
1407.00	70	-0.1640	-0.2280	0.8385
1408.00	70	0.0235	-0.2973	0.8235
1409.00	70	-0.0856	-0.0963	0.8625
1410.00	70	-0.0827	-0.1281	0.7970
1411.00	70	-0.0819	-0.1314	0.6939
1412.00	70	-0.0790	-0.1351	0.5597
1413.00	70	-0.0648	-0.1401	0.3424
1414.00	70	-0.0538	-0.1459	0.2027
1415.00	70	-0.0470	-0.1532	0.1464
1416.00	70	-0.0435	-0.1587	0.1455
1417.00	70	-0.0435	-0.1588	0.1454
1418.00	70	-0.0436	-0.1588	0.1455
1419.00	70	-0.0435	-0.1588	0.1454
1420.00	71	-0.0139	0.9907	0.8206
1421.00	71	-0.2985	0.8454	0.8468
1422.00	71	-0.2803	0.7302	0.8353
1423.00	71	-0.4129	0.5347	0.8197
1424.00	71	-0.4114	0.2566	0.8241
1425.00	71	-0.3375	-0.0325	0.8127
1426.00	71	-0.2360	-0.1216	0.8253
1427.00	71	-0.1641	-0.2279	0.8388
1428.00	71	0.0235	-0.2973	0.8235
1429.00	71	-0.0839	-0.0960	0.8603
1430.00	71	-0.0826	-0.1282	0.7935
1431.00	71	-0.0816	-0.1321	0.6736
1432.00	71	-0.0790	-0.1351	0.5597
1433.00	71	-0.0653	-0.1399	0.3503
1434.00	71	-0.0556	-0.1446	0.2234
1435.00	71	-0.0447	-0.1574	0.1454
1436.00	71	-0.0436	-0.1587	0.1455
1437.00	71	-0.0436	-0.1587	0.1455
1438.00	71	-0.0436	-0.1588	0.1455
1439.00	71	-0.0435	-0.1588	0.1454
1440.00	72	-0.0045	0.9972	0.8206
1441.00	72	-0.2974	0.8454	0.8466
1442.00	72	-0.2662	0.7375	0.8354
1443.00	72	-0.4084	0.5379	0.8202
1444.00	72	-0.4064	0.2518	0.8247
1445.00	72	-0.3380	-0.0313	0.8130
1446.00	72	-0.2370	-0.1210	0.8258
1447.00	72	-0.1637	-0.2288	0.8374
1448.00	72	0.0255	-0.2958	0.8238
1449.00	72	-0.0850	-0.0961	0.8617
1450.00	72	-0.0830	-0.1270	0.8327
1451.00	72	-0.0816	-0.1321	0.6736
1452.00	72	-0.0776	-0.1358	0.5271
1453.00	72	-0.0665	-0.1394	0.3661
1454.00	72	-0.0541	-0.1456	0.2060
1455.00	72	-0.0455	-0.1558	0.1485
1456.00	72	-0.0435	-0.1587	0.1455
1457.00	72	-0.0436	-0.1587	0.1455
1458.00	72	-0.0435	-0.1587	0.1455
1459.00	72	-0.0435	-0.1588	0.1454
1460.00	73	-0.0045	0.9972	0.8206
1461.00	73	-0.2992	0.8454	0.8468
1462.00	73	-0.2720	0.7345	0.8354
1463.00	73	-0.4084	0.5379	0.8202
1464.00	73	-0.4089	0.2542	0.8244
1465.00	73	-0.3376	-0.0322	0.8128
1466.00	73	-0.2373	-0.1207	0.8260
1467.00	73	-0.1639	-0.2284	0.8380
1468.00	73	0.0137	-0.3051	0.8223
1469.00	73	-0.0832	-0.0960	0.8595
1470.00	73	-0.0828	-0.1276	0.8138
1471.00	73	-0.0817	-0.1317	0.6859
1472.00	73	-0.0765	-0.1362	0.5067
1473.00	73	-0.0690	-0.1386	0.3979
1474.00	73	-0.0531	-0.1463	0.1961
1475.00	73	-0.0438	-0.1585	0.1456
1476.00	73	-0.0435	-0.1587	0.1455
1477.00	73	-0.0436	-0.1587	0.1455
1478.00	73	-0.0435	-0.1588	0.1455
1479.00	73	-0.0435	-0.1588	0.1454
1480.00	74	-0.0254	0.9828	0.8204
1481.00	74	-0.2992	0.8454	0.8468
1482.00	74	-0.2851	0.7279	0.8352
1483.00	74	-0.4173	0.5314	0.8191
1484.00	74	-0.3984	0.2440	0.8255
1485.00	74	-0.3374	-0.0335	0.8127
1486.00	74	-0.2364	-0.1214	0.8255
1487.00	74	-0.1639	-0.2284	0.8379
1488.00	74	0.0167	-0.3027	0.8226
1489.00	74	-0.0849	-0.0961	0.8615
1490.00	74	-0.0828	-0.1278	0.8038
1491.00	74	-0.0815	-0.1323	0.6655
1492.00	74	-0.0750	-0.1368	0.4824
1493.00	74	-0.0683	-0.1388	0.3900
1494.00	74	-0.0559	-0.1444	0.2269
1495.00	74	-0.0438	-0.1585	0.1456
1496.00	74	-0.0435	-0.1587	0.1455
1497.00	74	-0.0436	-0.1587	0.1455
1498.00	74	-0.0436	-0.1587	0.1455
1499.00	74	-0.0435	-0.1588	0.1454
1500.00	75	-0.0162	0.9892	0.8206
1501.00	75	-0.2982	0.8454	0.8467
1502.00	75	-0.2768	0.7321	0.8354
1503.00	75	-0.4135	0.5342	0.8196
1504.00	75	-0.4064	0.2518	0.8247
1505.00	75	-0.3375	-0.0335	0.8128
1506.00	75	-0.2374	-0.1206	0.8261
1507.00	75	-0.1639	-0.2284	0.8380
1508.00	75	0.0321	-0.2909	0.8247
1509.00	75	-0.0846	-0.0961	0.8610
1510.00	75	-0.0827	-0.1280	0.8004
1511.00	75	-0.0808	-0.1336	0.6207
1512.00	75	-0.0782	-0.1355	0.5393
1513.00	75	-0.0671	-0.1392	0.3741
1514.00	75	-0.0541	-0.1456	0.2060
1515.00	75	-0.0460	-0.1553	0.1492
1516.00	75	-0.0435	-0.1587	0.1455
1517.00	75	-0.0436	-0.1587	0.1455
1518.00	75	-0.0436	-0.1587	0.1455
1519.00	75	-0.0435	-0.1588	0.1454
1520.00	76	-0.0277	0.9812	0.8203
1521.00	76	-0.2970	0.8454	0.8466
1522.00	76	-0.2874	0.7267	0.8350
1523.00	76	-0.4064	0.5393	0.8205
1524.00	76	-0.4064	0.2518	0.8247
1525.00	76	-0.3374	-0.0333	0.8127
1526.00	76	-0.2373	-0.1207	0.8260
1527.00	76	-0.1636	-0.2291	0.8370
1528.00	76	0.0157	-0.3035	0.8225
1529.00	76	-0.0857	-0.0963	0.8628
1530.00	76	-0.0828	-0.1276	0.8138
1531.00	76	-0.0807	-0.1337	0.6166
1532.00	76	-0.0743	-0.1370	0.4703
1533.00	76	-0.0631	-0.1408	0.3187
1534.00	76	-0.0514	-0.1478	0.1802
1535.00	76	-0.0460	-0.1553	0.1492
1536.00	76	-0.0435	-0.1587	0.1455
1537.00	76	-0.0435	-0.1588	0.1455
1538.00	76	-0.0435	-0.1588	0.1454
1539.00	76	-0.0435	-0.1588	0.1454
1540.00	77	-0.0299	0.9797	0.8202
1541.00	77	-0.3006	0.8456	0.8470
1542.00	77	-0.2874	0.7267	0.8350
1543.00	77	-0.4077	0.5384	0.8203
1544.00	77	-0.4031	0.2486	0.8250
1545.00	77	-0.3376	-0.0321	0.8128
1546.00	77	-0.2372	-0.1208	0.8260
1547.00	77	-0.1637	-0.2288	0.8374
1548.00	77	0.0206	-0.2996	0.8231
1549.00	77	-0.0841	-0.0960	0.8605
1550.00	77	-0.0826	-0.1287	0.7792
1551.00	77	-0.0815	-0.1325	0.6574
1552.00	77	-0.0743	-0.1370	0.4703
1553.00	77	-0.0625	-0.1410	0.3109
1554.00	77	-0.0559	-0.1444	0.2269
1555.00	77	-0.0462	-0.1550	0.1492
1556.00	77	-0.0435	-0.1587	0.1455
1557.00	77	-0.0435	-0.1588	0.1455
1558.00	77	-0.0435	-0.1588	0.1455
1559.00	77	-0.0435	-0.1588	0.1454
1560.00	78	-0.0265	0.9820	0.8203
1561.00	78	-0.2996	0.8454	0.8468
1562.00	78	-0.2756	0.7327	0.8354
1563.00	78	-0.4110	0.5361	0.8199
1564.00	78	-0.3984	0.2440	0.8255
1565.00	78	-0.3375	-0.0325	0.8127
1566.00	78	-0.2365	-0.1213	0.8256
1567.00	78	-0.1638	-0.2285	0.8377
1568.00	78	0.0349	-0.2889	0.8251
1569.00	78	-0.0860	-0.0964	0.8633
1570.00	78	-0.0824	-0.1292	0.7644
1571.00	78	-0.0810	-0.1333	0.6289
1572.00	78	-0.0740	-0.1370	0.4662
1573.00	78	-0.0651	-0.1400	0.3463
1574.00	78	-0.0541	-0.1456	0.2060
1575.00	78	-0.0453	-0.1561	0.1480
1576.00	78	-0.0435	-0.1587	0.1455
1577.00	78	-0.0435	-0.1587	0.1455
1578.00	78	-0.0436	-0.1587	0.1455
1579.00	78	-0.0435	-0.1588	0.1454
1580.00	79	-0.0151	0.9899	0.8206
1581.00	79	-0.2958	0.8455	0.8465
1582.00	79	-0.2839	0.7285	0.8352
1583.00	79	-0.4161	0.5324	0.8193
1584.00	79	-0.3946	0.2401	0.8260
1585.00	79	-0.3375	-0.0323	0.8128
1586.00	79	-0.2374	-0.1206	0.8261
1587.00	79	-0.1636	-0.2291	0.8370
1588.00	79	0.0197	-0.3003	0.8230
1589.00	79	-0.0857	-0.0963	0.8628
1590.00	79	-0.0828	-0.1276	0.8138
1591.00	79	-0.0807	-0.1337	0.6166
1592.00	79	-0.0765	-0.1362	0.5067
1593.00	79	-0.0653	-0.1399	0.3503
1594.00	79	-0.0547	-0.1452	0.2128
1595.00	79	-0.0441	-0.1581	0.1455
1596.00	79	-0.0435	-0.1587	0.1455
1597.00	79	-0.0435	-0.1587	0.1455
1598.00	79	-0.0436	-0.1588	0.1455
1599.00	79	-0.0435	-0.1588	0.1454
