0.00	0	0.7651	-0.3989	0.7396
1.00	0	0.7521	-0.4210	0.8229
2.00	0	0.5480	-0.4260	0.8491
3.00	0	0.4031	-0.3041	0.8701
4.00	0	0.3475	-0.1773	0.8346
5.00	0	0.1351	-0.2511	0.8223
6.00	0	-0.1117	-0.2799	0.8223
7.00	0	-0.1532	-0.1266	0.8312
8.00	0	-0.0077	-0.1455	0.8854
9.00	0	-0.0327	-0.1567	0.8028
10.00	0	-0.0315	-0.1573	0.8247
11.00	0	-0.0345	-0.1559	0.7724
12.00	0	-0.0364	-0.1534	0.7125
13.00	0	-0.0383	-0.1514	0.6500
14.00	0	-0.0394	-0.1485	0.5701
15.00	0	-0.0404	-0.1463	0.5190
16.00	0	-0.0419	-0.1432	0.4603
17.00	0	-0.0439	-0.1396	0.3976
18.00	0	-0.0461	-0.1354	0.3361
19.00	0	-0.0516	-0.1147	0.1478
20.00	1	0.7621	-0.3972	0.7081
21.00	1	0.7527	-0.4208	0.8227
22.00	1	0.5492	-0.4262	0.8498
23.00	1	0.4009	-0.3042	0.8697
24.00	1	0.3475	-0.1773	0.8346
25.00	1	0.1351	-0.2511	0.8223
26.00	1	-0.1119	-0.2802	0.8242
27.00	1	-0.1532	-0.1266	0.8312
28.00	1	-0.0089	-0.1457	0.8820
29.00	1	-0.0347	-0.1558	0.7689
30.00	1	-0.0333	-0.1564	0.7928
31.00	1	-0.0345	-0.1559	0.7724
32.00	1	-0.0364	-0.1534	0.7125
33.00	1	-0.0383	-0.1514	0.6500
34.00	1	-0.0399	-0.1475	0.5465
35.00	1	-0.0413	-0.1445	0.4838
36.00	1	-0.0426	-0.1419	0.4367
37.00	1	-0.0440	-0.1393	0.3937
38.00	1	-0.0466	-0.1346	0.3249
39.00	1	-0.0516	-0.1147	0.1478
40.00	2	0.7621	-0.3972	0.7081
41.00	2	0.7522	-0.4210	0.8229
42.00	2	0.5472	-0.4258	0.8485
43.00	2	0.4031	-0.3041	0.8701
44.00	2	0.3401	-0.1795	0.8355
45.00	2	0.1351	-0.2511	0.8223
46.00	2	-0.1117	-0.2799	0.8223
47.00	2	-0.1553	-0.1270	0.8325
48.00	2	-0.0087	-0.1457	0.8824
49.00	2	-0.0327	-0.1567	0.8028
50.00	2	-0.0315	-0.1573	0.8247
51.00	2	-0.0361	-0.1544	0.7321
52.00	2	-0.0370	-0.1533	0.7052
53.00	2	-0.0384	-0.1505	0.6297
54.00	2	-0.0392	-0.1491	0.5859
55.00	2	-0.0410	-0.1451	0.4956
56.00	2	-0.0419	-0.1432	0.4603
57.00	2	-0.0452	-0.1370	0.3590
58.00	2	-0.0461	-0.1354	0.3361
59.00	2	-0.0516	-0.1147	0.1478
60.00	3	0.7666	-0.3999	0.7560
61.00	3	0.7527	-0.4208	0.8227
62.00	3	0.5483	-0.4260	0.8493
63.00	3	0.3976	-0.3044	0.8691
64.00	3	0.3475	-0.1773	0.8346
65.00	3	0.1341	-0.2511	0.8222
66.00	3	-0.1119	-0.2803	0.8246
67.00	3	-0.1574	-0.1275	0.8338
68.00	3	-0.0082	-0.1456	0.8837
69.00	3	-0.0327	-0.1567	0.8028
70.00	3	-0.0337	-0.1565	0.7898
71.00	3	-0.0354	-0.1551	0.7507
72.00	3	-0.0365	-0.1533	0.7087
73.00	3	-0.0388	-0.1499	0.6098
74.00	3	-0.0396	-0.1480	0.5583
75.00	3	-0.0403	-0.1465	0.5229
76.00	3	-0.0419	-0.1432	0.4603
77.00	3	-0.0445	-0.1383	0.3782
78.00	3	-0.0461	-0.1354	0.3361
79.00	3	-0.0516	-0.1147	0.1478
80.00	4	0.7643	-0.3984	0.7309
81.00	4	0.7514	-0.4212	0.8232
82.00	4	0.5475	-0.4259	0.8487
83.00	4	0.3966	-0.3044	0.8688
84.00	4	0.3421	-0.1789	0.8353
85.00	4	0.1342	-0.2511	0.8222
86.00	4	-0.1119	-0.2800	0.8233
87.00	4	-0.1532	-0.1266	0.8312
88.00	4	-0.0077	-0.1455	0.8854
89.00	4	-0.0327	-0.1567	0.8028
90.00	4	-0.0322	-0.1570	0.8124
91.00	4	-0.0357	-0.1548	0.7433
92.00	4	-0.0364	-0.1534	0.7125
93.00	4	-0.0383	-0.1514	0.6500
94.00	4	-0.0392	-0.1491	0.5859
95.00	4	-0.0403	-0.1465	0.5229
96.00	4	-0.0419	-0.1432	0.4603
97.00	4	-0.0440	-0.1393	0.3937
98.00	4	-0.0463	-0.1351	0.3324
99.00	4	-0.0516	-0.1147	0.1478
100.00	5	0.7643	-0.3984	0.7309
101.00	5	0.7522	-0.4210	0.8229
102.00	5	0.5489	-0.4261	0.8496
103.00	5	0.4031	-0.3041	0.8701
104.00	5	0.3475	-0.1773	0.8346
105.00	5	0.1346	-0.2511	0.8222
106.00	5	-0.1120	-0.2804	0.8252
107.00	5	-0.1532	-0.1266	0.8312
108.00	5	-0.0082	-0.1456	0.8837
109.00	5	-0.0327	-0.1567	0.8028
110.00	5	-0.0322	-0.1570	0.8124
111.00	5	-0.0360	-0.1545	0.7358
112.00	5	-0.0364	-0.1534	0.7125
113.00	5	-0.0383	-0.1514	0.6500
114.00	5	-0.0395	-0.1482	0.5622
115.00	5	-0.0403	-0.1465	0.5229
116.00	5	-0.0435	-0.1403	0.4093
117.00	5	-0.0439	-0.1396	0.3976
118.00	5	-0.0469	-0.1341	0.3173
119.00	5	-0.0516	-0.1147	0.1478
120.00	6	0.7621	-0.3972	0.7081
121.00	6	0.7522	-0.4210	0.8229
122.00	6	0.5477	-0.4260	0.8489
123.00	6	0.4031	-0.3041	0.8701
124.00	6	0.3475	-0.1773	0.8346
125.00	6	0.1344	-0.2511	0.8222
126.00	6	-0.1119	-0.2801	0.8240
127.00	6	-0.1599	-0.1281	0.8354
128.00	6	-0.0074	-0.1453	0.8861
129.00	6	-0.0329	-0.1566	0.7995
130.00	6	-0.0329	-0.1566	0.7995
131.00	6	-0.0360	-0.1545	0.7358
132.00	6	-0.0364	-0.1534	0.7125
133.00	6	-0.0389	-0.1497	0.6018
134.00	6	-0.0392	-0.1491	0.5859
135.00	6	-0.0404	-0.1463	0.5190
136.00	6	-0.0428	-0.1417	0.4328
137.00	6	-0.0451	-0.1372	0.3628
138.00	6	-0.0461	-0.1354	0.3361
139.00	6	-0.0516	-0.1147	0.1478
140.00	7	0.7651	-0.3989	0.7396
141.00	7	0.7512	-0.4213	0.8233
142.00	7	0.5480	-0.4260	0.8491
143.00	7	0.3976	-0.3044	0.8691
144.00	7	0.3475	-0.1773	0.8346
145.00	7	0.1344	-0.2511	0.8222
146.00	7	-0.1119	-0.2801	0.8236
147.00	7	-0.1579	-0.1276	0.8341
148.00	7	-0.0085	-0.1457	0.8828
149.00	7	-0.0347	-0.1558	0.7689
150.00	7	-0.0341	-0.1563	0.7830
151.00	7	-0.0354	-0.1551	0.7507
152.00	7	-0.0373	-0.1529	0.6935
153.00	7	-0.0387	-0.1501	0.6137
154.00	7	-0.0395	-0.1483	0.5662
155.00	7	-0.0415	-0.1441	0.4760
156.00	7	-0.0439	-0.1396	0.3976
157.00	7	-0.0443	-0.1388	0.3859
158.00	7	-0.0470	-0.1338	0.3136
159.00	7	-0.0516	-0.1147	0.1478
160.00	8	0.7635	-0.3979	0.7220
161.00	8	0.7526	-0.4209	0.8227
162.00	8	0.5472	-0.4258	0.8485
163.00	8	0.3933	-0.3044	0.8682
164.00	8	0.3390	-0.1797	0.8356
165.00	8	0.1327	-0.2511	0.8222
166.00	8	-0.1119	-0.2801	0.8236
167.00	8	-0.1574	-0.1275	0.8338
168.00	8	-0.0074	-0.1453	0.8861
169.00	8	-0.0327	-0.1567	0.8028
170.00	8	-0.0322	-0.1570	0.8124
171.00	8	-0.0345	-0.1559	0.7724
172.00	8	-0.0381	-0.1511	0.6457
173.00	8	-0.0383	-0.1514	0.6500
174.00	8	-0.0403	-0.1465	0.5229
175.00	8	-0.0417	-0.1437	0.4681
176.00	8	-0.0436	-0.1401	0.4054
177.00	8	-0.0463	-0.1351	0.3324
178.00	8	-0.0482	-0.1318	0.2839
179.00	8	-0.0516	-0.1147	0.1478
180.00	9	0.7621	-0.3972	0.7081
181.00	9	0.7519	-0.4210	0.8230
182.00	9	0.5468	-0.4256	0.8482
183.00	9	0.3882	-0.3043	0.8672
184.00	9	0.3449	-0.1781	0.8350
185.00	9	0.1329	-0.2511	0.8222
186.00	9	-0.1119	-0.2800	0.8233
187.00	9	-0.1553	-0.1270	0.8325
188.00	9	-0.0076	-0.1454	0.8858
189.00	9	-0.0355	-0.1549	0.7470
190.00	9	-0.0326	-0.1569	0.8060
191.00	9	-0.0363	-0.1537	0.7166
192.00	9	-0.0376	-0.1525	0.6817
193.00	9	-0.0386	-0.1502	0.6178
194.00	9	-0.0394	-0.1485	0.5701
195.00	9	-0.0420	-0.1430	0.4564
196.00	9	-0.0435	-0.1403	0.4093
197.00	9	-0.0452	-0.1370	0.3590
198.00	9	-0.0464	-0.1348	0.3286
199.00	9	-0.0516	-0.1147	0.1478
200.00	10	0.7625	-0.3974	0.7128
201.00	10	0.7514	-0.4212	0.8232
202.00	10	0.5460	-0.4251	0.8476
203.00	10	0.3998	-0.3043	0.8695
204.00	10	0.3458	-0.1778	0.8348
205.00	10	0.1339	-0.2511	0.8222
206.00	10	-0.1119	-0.2800	0.8233
207.00	10	-0.1599	-0.1281	0.8354
208.00	10	-0.0089	-0.1457	0.8820
209.00	10	-0.0337	-0.1565	0.7898
210.00	10	-0.0344	-0.1560	0.7760
211.00	10	-0.0357	-0.1540	0.7276
212.00	10	-0.0376	-0.1525	0.6817
213.00	10	-0.0390	-0.1495	0.5978
214.00	10	-0.0395	-0.1482	0.5622
215.00	10	-0.0420	-0.1430	0.4564
216.00	10	-0.0425	-0.1421	0.4407
217.00	10	-0.0461	-0.1354	0.3361
218.00	10	-0.0488	-0.1308	0.2693
219.00	10	-0.0516	-0.1147	0.1478
220.00	11	0.7687	-0.4024	0.7856
221.00	11	0.7511	-0.4213	0.8233
222.00	11	0.5463	-0.4253	0.8478
223.00	11	0.3966	-0.3044	0.8688
224.00	11	0.3411	-0.1792	0.8354
225.00	11	0.1334	-0.2511	0.8222
226.00	11	-0.1118	-0.2800	0.8229
227.00	11	-0.1548	-0.1269	0.8322
228.00	11	-0.0070	-0.1450	0.8880
229.00	11	-0.0354	-0.1551	0.7507
230.00	11	-0.0331	-0.1565	0.7962
231.00	11	-0.0355	-0.1549	0.7470
232.00	11	-0.0381	-0.1511	0.6457
233.00	11	-0.0383	-0.1507	0.6337
234.00	11	-0.0399	-0.1475	0.5465
235.00	11	-0.0404	-0.1463	0.5190
236.00	11	-0.0439	-0.1396	0.3976
237.00	11	-0.0447	-0.1380	0.3744
238.00	11	-0.0479	-0.1323	0.2913
239.00	11	-0.0516	-0.1147	0.1478
240.00	12	0.7662	-0.3997	0.7520
241.00	12	0.7513	-0.4212	0.8232
242.00	12	0.5470	-0.4258	0.8484
243.00	12	0.3902	-0.3043	0.8676
244.00	12	0.3449	-0.1781	0.8350
245.00	12	0.1327	-0.2511	0.8222
246.00	12	-0.1119	-0.2808	0.8263
247.00	12	-0.1631	-0.1290	0.8374
248.00	12	-0.0082	-0.1456	0.8837
249.00	12	-0.0347	-0.1558	0.7689
250.00	12	-0.0327	-0.1567	0.8028
251.00	12	-0.0371	-0.1532	0.7013
252.00	12	-0.0379	-0.1521	0.6699
253.00	12	-0.0391	-0.1492	0.5899
254.00	12	-0.0403	-0.1466	0.5269
255.00	12	-0.0420	-0.1430	0.4564
256.00	12	-0.0435	-0.1403	0.4093
257.00	12	-0.0457	-0.1362	0.3475
258.00	12	-0.0485	-0.1313	0.2766
259.00	12	-0.0516	-0.1147	0.1478
260.00	13	0.7672	-0.4005	0.7638
261.00	13	0.7507	-0.4214	0.8235
262.00	13	0.5447	-0.4236	0.8465
263.00	13	0.3842	-0.3040	0.8663
264.00	13	0.3390	-0.1797	0.8356
265.00	13	0.1317	-0.2510	0.8221
266.00	13	-0.1119	-0.2802	0.8242
267.00	13	-0.1563	-0.1272	0.8331
268.00	13	-0.0084	-0.1457	0.8833
269.00	13	-0.0351	-0.1554	0.7581
270.00	13	-0.0327	-0.1567	0.8028
271.00	13	-0.0374	-0.1527	0.6896
272.00	13	-0.0381	-0.1518	0.6619
273.00	13	-0.0394	-0.1485	0.5701
274.00	13	-0.0395	-0.1483	0.5662
275.00	13	-0.0417	-0.1437	0.4681
276.00	13	-0.0426	-0.1419	0.4367
277.00	13	-0.0443	-0.1388	0.3859
278.00	13	-0.0483	-0.1315	0.2802
279.00	13	-0.0516	-0.1147	0.1478
280.00	14	0.7659	-0.3994	0.7479
281.00	14	0.7515	-0.4211	0.8231
282.00	14	0.5480	-0.4260	0.8491
283.00	14	0.3913	-0.3043	0.8678
284.00	14	0.3430	-0.1786	0.8352
285.00	14	0.1337	-0.2511	0.8222
286.00	14	-0.1119	-0.2807	0.8259
287.00	14	-0.1599	-0.1281	0.8354
288.00	14	-0.0073	-0.1453	0.8865
289.00	14	-0.0339	-0.1564	0.7864
290.00	14	-0.0353	-0.1552	0.7544
291.00	14	-0.0363	-0.1537	0.7166
292.00	14	-0.0372	-0.1530	0.6974
293.00	14	-0.0386	-0.1502	0.6178
294.00	14	-0.0402	-0.1468	0.5308
295.00	14	-0.0408	-0.1455	0.5034
296.00	14	-0.0435	-0.1403	0.4093
297.00	14	-0.0461	-0.1354	0.3361
298.00	14	-0.0480	-0.1320	0.2876
299.00	14	-0.0516	-0.1147	0.1478
300.00	15	0.7680	-0.4014	0.7750
301.00	15	0.7517	-0.4211	0.8231
302.00	15	0.5447	-0.4236	0.8465
303.00	15	0.3792	-0.3037	0.8652
304.00	15	0.3282	-0.1825	0.8366
305.00	15	0.1310	-0.2509	0.8221
306.00	15	-0.1119	-0.2808	0.8265
307.00	15	-0.1579	-0.1276	0.8341
308.00	15	-0.0064	-0.1446	0.8908
309.00	15	-0.0351	-0.1554	0.7581
310.00	15	-0.0341	-0.1563	0.7830
311.00	15	-0.0363	-0.1537	0.7166
312.00	15	-0.0381	-0.1518	0.6619
313.00	15	-0.0385	-0.1504	0.6257
314.00	15	-0.0397	-0.1479	0.5544
315.00	15	-0.0415	-0.1441	0.4760
316.00	15	-0.0439	-0.1396	0.3976
317.00	15	-0.0466	-0.1346	0.3249
318.00	15	-0.0488	-0.1308	0.2693
319.00	15	-0.0516	-0.1147	0.1478
320.00	16	0.7675	-0.4008	0.7676
321.00	16	0.7514	-0.4212	0.8232
322.00	16	0.5447	-0.4236	0.8465
323.00	16	0.3831	-0.3040	0.8661
324.00	16	0.3332	-0.1813	0.8362
325.00	16	0.1332	-0.2511	0.8222
326.00	16	-0.1119	-0.2808	0.8263
327.00	16	-0.1574	-0.1275	0.8338
328.00	16	-0.0076	-0.1454	0.8858
329.00	16	-0.0359	-0.1540	0.7241
330.00	16	-0.0331	-0.1565	0.7962
331.00	16	-0.0360	-0.1538	0.7203
332.00	16	-0.0384	-0.1505	0.6297
333.00	16	-0.0391	-0.1492	0.5899
334.00	16	-0.0409	-0.1453	0.4995
335.00	16	-0.0409	-0.1453	0.4995
336.00	16	-0.0450	-0.1375	0.3667
337.00	16	-0.0470	-0.1338	0.3136
338.00	16	-0.0483	-0.1315	0.2802
339.00	16	-0.0516	-0.1147	0.1478
340.00	17	0.7695	-0.4037	0.7986
341.00	17	0.7519	-0.4210	0.8230
342.00	17	0.5458	-0.4249	0.8474
343.00	17	0.3923	-0.3044	0.8680
344.00	17	0.3332	-0.1813	0.8362
345.00	17	0.1326	-0.2511	0.8222
346.00	17	-0.1119	-0.2807	0.8259
347.00	17	-0.1615	-0.1285	0.8364
348.00	17	-0.0065	-0.1447	0.8901
349.00	17	-0.0345	-0.1559	0.7724
350.00	17	-0.0329	-0.1566	0.7995
351.00	17	-0.0365	-0.1533	0.7087
352.00	17	-0.0388	-0.1499	0.6098
353.00	17	-0.0394	-0.1486	0.5740
354.00	17	-0.0409	-0.1453	0.4995
355.00	17	-0.0411	-0.1449	0.4916
356.00	17	-0.0451	-0.1372	0.3628
357.00	17	-0.0473	-0.1333	0.3061
358.00	17	-0.0494	-0.1298	0.2549
359.00	17	-0.0516	-0.1147	0.1478
360.00	18	0.7680	-0.4014	0.7750
361.00	18	0.7511	-0.4213	0.8233
362.00	18	0.5447	-0.4236	0.8465
363.00	18	0.3782	-0.3036	0.8650
364.00	18	0.3356	-0.1807	0.8359
365.00	18	0.1306	-0.2508	0.8220
366.00	18	-0.1118	-0.2811	0.8274
367.00	18	-0.1595	-0.1280	0.8351
368.00	18	-0.0067	-0.1449	0.8890
369.00	18	-0.0365	-0.1533	0.7087
370.00	18	-0.0358	-0.1546	0.7396
371.00	18	-0.0357	-0.1540	0.7276
372.00	18	-0.0383	-0.1507	0.6337
373.00	18	-0.0393	-0.1488	0.5780
374.00	18	-0.0410	-0.1451	0.4956
375.00	18	-0.0428	-0.1417	0.4328
376.00	18	-0.0442	-0.1391	0.3898
377.00	18	-0.0463	-0.1351	0.3324
378.00	18	-0.0485	-0.1313	0.2766
379.00	18	-0.0516	-0.1147	0.1478
380.00	19	0.7689	-0.4027	0.7889
381.00	19	0.7508	-0.4214	0.8234
382.00	19	0.5453	-0.4245	0.8471
383.00	19	0.3792	-0.3037	0.8652
384.00	19	0.3215	-0.1841	0.8371
385.00	19	0.1317	-0.2510	0.8221
386.00	19	-0.1118	-0.2810	0.8271
387.00	19	-0.1677	-0.1303	0.8401
388.00	19	-0.0074	-0.1453	0.8861
389.00	19	-0.0359	-0.1540	0.7241
390.00	19	-0.0353	-0.1552	0.7544
391.00	19	-0.0360	-0.1538	0.7203
392.00	19	-0.0381	-0.1511	0.6457
393.00	19	-0.0400	-0.1472	0.5386
394.00	19	-0.0403	-0.1466	0.5269
395.00	19	-0.0413	-0.1445	0.4838
396.00	19	-0.0445	-0.1383	0.3782
397.00	19	-0.0469	-0.1341	0.3173
398.00	19	-0.0486	-0.1310	0.2730
399.00	19	-0.0516	-0.1147	0.1478
400.00	20	0.7689	-0.4027	0.7889
401.00	20	0.7506	-0.4214	0.8235
402.00	20	0.5445	-0.4233	0.8463
403.00	20	0.3792	-0.3037	0.8652
404.00	20	0.3187	-0.1847	0.8374
405.00	20	0.1334	-0.2511	0.8222
406.00	20	-0.1120	-0.2804	0.8250
407.00	20	-0.1677	-0.1303	0.8401
408.00	20	-0.0071	-0.1451	0.8876
409.00	20	-0.0360	-0.1538	0.7203
410.00	20	-0.0345	-0.1559	0.7724
411.00	20	-0.0374	-0.1527	0.6896
412.00	20	-0.0389	-0.1498	0.6058
413.00	20	-0.0393	-0.1488	0.5780
414.00	20	-0.0407	-0.1457	0.5072
415.00	20	-0.0434	-0.1406	0.4132
416.00	20	-0.0438	-0.1398	0.4015
417.00	20	-0.0460	-0.1356	0.3400
418.00	20	-0.0501	-0.1289	0.2408
419.00	20	-0.0516	-0.1147	0.1478
420.00	21	0.7704	-0.4053	0.8134
421.00	21	0.7502	-0.4216	0.8237
422.00	21	0.5437	-0.4220	0.8454
423.00	21	0.3792	-0.3037	0.8652
424.00	21	0.3215	-0.1841	0.8371
425.00	21	0.1317	-0.2510	0.8221
426.00	21	-0.1119	-0.2807	0.8259
427.00	21	-0.1589	-0.1278	0.8348
428.00	21	-0.0073	-0.1453	0.8865
429.00	21	-0.0359	-0.1540	0.7241
430.00	21	-0.0351	-0.1554	0.7581
431.00	21	-0.0377	-0.1523	0.6778
432.00	21	-0.0386	-0.1502	0.6178
433.00	21	-0.0392	-0.1491	0.5859
434.00	21	-0.0407	-0.1457	0.5072
435.00	21	-0.0417	-0.1437	0.4681
436.00	21	-0.0458	-0.1359	0.3437
437.00	21	-0.0460	-0.1356	0.3400
438.00	21	-0.0482	-0.1318	0.2839
439.00	21	-0.0516	-0.1147	0.1478
440.00	22	0.7680	-0.4014	0.7750
441.00	22	0.7502	-0.4216	0.8237
442.00	22	0.5425	-0.4195	0.8442
443.00	22	0.3811	-0.3039	0.8657
444.00	22	0.3129	-0.1860	0.8377
445.00	22	0.1310	-0.2509	0.8221
446.00	22	-0.1120	-0.2804	0.8250
447.00	22	-0.1620	-0.1287	0.8367
448.00	22	-0.0071	-0.1451	0.8876
449.00	22	-0.0372	-0.1530	0.6974
450.00	22	-0.0360	-0.1545	0.7358
451.00	22	-0.0365	-0.1533	0.7087
452.00	22	-0.0382	-0.1508	0.6377
453.00	22	-0.0401	-0.1470	0.5347
454.00	22	-0.0408	-0.1455	0.5034
455.00	22	-0.0434	-0.1406	0.4132
456.00	22	-0.0445	-0.1383	0.3782
457.00	22	-0.0466	-0.1346	0.3249
458.00	22	-0.0482	-0.1318	0.2839
459.00	22	-0.0516	-0.1147	0.1478
460.00	23	0.7683	-0.4017	0.7786
461.00	23	0.7505	-0.4215	0.8236
462.00	23	0.5463	-0.4253	0.8478
463.00	23	0.3734	-0.3033	0.8639
464.00	23	0.3158	-0.1853	0.8375
465.00	23	0.1308	-0.2509	0.8221
466.00	23	-0.1120	-0.2804	0.8252
467.00	23	-0.1620	-0.1287	0.8367
468.00	23	-0.0064	-0.1447	0.8905
469.00	23	-0.0372	-0.1530	0.6974
470.00	23	-0.0357	-0.1540	0.7276
471.00	23	-0.0359	-0.1540	0.7241
472.00	23	-0.0381	-0.1517	0.6580
473.00	23	-0.0395	-0.1482	0.5622
474.00	23	-0.0413	-0.1445	0.4838
475.00	23	-0.0420	-0.1430	0.4564
476.00	23	-0.0450	-0.1375	0.3667
477.00	23	-0.0466	-0.1346	0.3249
478.00	23	-0.0499	-0.1292	0.2443
479.00	23	-0.0516	-0.1147	0.1478
480.00	24	0.7697	-0.4041	0.8017
481.00	24	0.7496	-0.4219	0.8241
482.00	24	0.5451	-0.4242	0.8469
483.00	24	0.3831	-0.3040	0.8661
484.00	24	0.3201	-0.1844	0.8372
485.00	24	0.1290	-0.2505	0.8220
486.00	24	-0.1118	-0.2810	0.8271
487.00	24	-0.1620	-0.1287	0.8367
488.00	24	-0.0059	-0.1443	0.8935
489.00	24	-0.0371	-0.1532	0.7013
490.00	24	-0.0365	-0.1533	0.7087
491.00	24	-0.0365	-0.1533	0.7087
492.00	24	-0.0386	-0.1502	0.6178
493.00	24	-0.0397	-0.1479	0.5544
494.00	24	-0.0404	-0.1463	0.5190
495.00	24	-0.0419	-0.1432	0.4603
496.00	24	-0.0452	-0.1370	0.3590
497.00	24	-0.0472	-0.1336	0.3098
498.00	24	-0.0486	-0.1310	0.2730
499.00	24	-0.0516	-0.1147	0.1478
500.00	25	0.7709	-0.4066	0.8240
501.00	25	0.7507	-0.4214	0.8235
502.00	25	0.5439	-0.4223	0.8457
503.00	25	0.3773	-0.3036	0.8648
504.00	25	0.3172	-0.1850	0.8374
505.00	25	0.1322	-0.2510	0.8221
506.00	25	-0.1119	-0.2809	0.8268
507.00	25	-0.1652	-0.1296	0.8386
508.00	25	-0.0068	-0.1449	0.8887
509.00	25	-0.0371	-0.1532	0.7013
510.00	25	-0.0357	-0.1548	0.7433
511.00	25	-0.0363	-0.1537	0.7166
512.00	25	-0.0390	-0.1495	0.5978
513.00	25	-0.0397	-0.1479	0.5544
514.00	25	-0.0416	-0.1439	0.4721
515.00	25	-0.0423	-0.1424	0.4446
516.00	25	-0.0440	-0.1393	0.3937
517.00	25	-0.0480	-0.1320	0.2876
518.00	25	-0.0483	-0.1315	0.2802
519.00	25	-0.0516	-0.1147	0.1478
520.00	26	0.7711	-0.4072	0.8289
521.00	26	0.7497	-0.4219	0.8240
522.00	26	0.5441	-0.4226	0.8458
523.00	26	0.3802	-0.3038	0.8654
524.00	26	0.3056	-0.1877	0.8382
525.00	26	0.1292	-0.2506	0.8220
526.00	26	-0.1119	-0.2808	0.8263
527.00	26	-0.1657	-0.1297	0.8389
528.00	26	-0.0064	-0.1446	0.8908
529.00	26	-0.0375	-0.1526	0.6856
530.00	26	-0.0371	-0.1532	0.7013
531.00	26	-0.0382	-0.1515	0.6540
532.00	26	-0.0383	-0.1514	0.6500
533.00	26	-0.0397	-0.1477	0.5504
534.00	26	-0.0403	-0.1465	0.5229
535.00	26	-0.0433	-0.1408	0.4171
536.00	26	-0.0445	-0.1383	0.3782
537.00	26	-0.0467	-0.1343	0.3211
538.00	26	-0.0492	-0.1301	0.2585
539.00	26	-0.0516	-0.1147	0.1478
540.00	27	0.7710	-0.4069	0.8265
541.00	27	0.7504	-0.4215	0.8236
542.00	27	0.5423	-0.4190	0.8441
543.00	27	0.3811	-0.3039	0.8657
544.00	27	0.3026	-0.1884	0.8385
545.00	27	0.1287	-0.2505	0.8220
546.00	27	-0.1118	-0.2812	0.8276
547.00	27	-0.1692	-0.1308	0.8411
548.00	27	-0.0058	-0.1442	0.8938
549.00	27	-0.0364	-0.1534	0.7125
550.00	27	-0.0351	-0.1554	0.7581
551.00	27	-0.0381	-0.1511	0.6457
552.00	27	-0.0382	-0.1508	0.6377
553.00	27	-0.0395	-0.1483	0.5662
554.00	27	-0.0414	-0.1443	0.4800
555.00	27	-0.0439	-0.1396	0.3976
556.00	27	-0.0443	-0.1388	0.3859
557.00	27	-0.0469	-0.1341	0.3173
558.00	27	-0.0491	-0.1304	0.2621
559.00	27	-0.0516	-0.1147	0.1478
560.00	28	0.7687	-0.4024	0.7856
561.00	28	0.7489	-0.4222	0.8245
562.00	28	0.5435	-0.4216	0.8452
563.00	28	0.3753	-0.3035	0.8643
564.00	28	0.3100	-0.1867	0.8379
565.00	28	0.1302	-0.2508	0.8220
566.00	28	-0.1117	-0.2814	0.8282
567.00	28	-0.1692	-0.1308	0.8411
568.00	28	-0.0056	-0.1441	0.8954
569.00	28	-0.0358	-0.1546	0.7396
570.00	28	-0.0370	-0.1533	0.7052
571.00	28	-0.0382	-0.1509	0.6417
572.00	28	-0.0385	-0.1504	0.6257
573.00	28	-0.0405	-0.1461	0.5151
574.00	28	-0.0425	-0.1421	0.4407
575.00	28	-0.0425	-0.1421	0.4407
576.00	28	-0.0445	-0.1383	0.3782
577.00	28	-0.0483	-0.1315	0.2802
578.00	28	-0.0514	-0.1271	0.2138
579.00	28	-0.0516	-0.1147	0.1478
580.00	29	0.7697	-0.4041	0.8017
581.00	29	0.7498	-0.4218	0.8240
582.00	29	0.5447	-0.4236	0.8465
583.00	29	0.3773	-0.3036	0.8648
584.00	29	0.3172	-0.1850	0.8374
585.00	29	0.1302	-0.2508	0.8220
586.00	29	-0.1116	-0.2815	0.8284
587.00	29	-0.1662	-0.1299	0.8392
588.00	29	-0.0058	-0.1442	0.8938
589.00	29	-0.0363	-0.1537	0.7166
590.00	29	-0.0357	-0.1548	0.7433
591.00	29	-0.0373	-0.1529	0.6935
592.00	29	-0.0390	-0.1495	0.5978
593.00	29	-0.0405	-0.1461	0.5151
594.00	29	-0.0411	-0.1449	0.4916
595.00	29	-0.0430	-0.1412	0.4249
596.00	29	-0.0466	-0.1346	0.3249
597.00	29	-0.0478	-0.1325	0.2950
598.00	29	-0.0513	-0.1273	0.2170
599.00	29	-0.0516	-0.1147	0.1478
600.00	30	0.7708	-0.4063	0.8215
601.00	30	0.7495	-0.4219	0.8242
602.00	30	0.5433	-0.4212	0.8451
603.00	30	0.3763	-0.3035	0.8646
604.00	30	0.3215	-0.1841	0.8371
605.00	30	0.1290	-0.2505	0.8220
606.00	30	-0.1119	-0.2808	0.8263
607.00	30	-0.1682	-0.1305	0.8405
608.00	30	-0.0058	-0.1442	0.8938
609.00	30	-0.0375	-0.1526	0.6856
610.00	30	-0.0375	-0.1526	0.6856
611.00	30	-0.0377	-0.1523	0.6778
612.00	30	-0.0385	-0.1504	0.6257
613.00	30	-0.0408	-0.1455	0.5034
614.00	30	-0.0413	-0.1445	0.4838
615.00	30	-0.0444	-0.1386	0.3821
616.00	30	-0.0452	-0.1370	0.3590
617.00	30	-0.0470	-0.1338	0.3136
618.00	30	-0.0508	-0.1280	0.2270
619.00	30	-0.0516	-0.1147	0.1478
620.00	31	0.7711	-0.4072	0.8289
621.00	31	0.7501	-0.4217	0.8238
622.00	31	0.5431	-0.4208	0.8449
623.00	31	0.3763	-0.3035	0.8646
624.00	31	0.3071	-0.1874	0.8382
625.00	31	0.1310	-0.2509	0.8221
626.00	31	-0.1119	-0.2809	0.8268
627.00	31	-0.1734	-0.1325	0.8437
628.00	31	-0.0059	-0.1443	0.8935
629.00	31	-0.0370	-0.1533	0.7052
630.00	31	-0.0359	-0.1540	0.7241
631.00	31	-0.0374	-0.1527	0.6896
632.00	31	-0.0396	-0.1480	0.5583
633.00	31	-0.0409	-0.1453	0.4995
634.00	31	-0.0419	-0.1432	0.4603
635.00	31	-0.0433	-0.1408	0.4171
636.00	31	-0.0472	-0.1336	0.3098
637.00	31	-0.0475	-0.1331	0.3024
638.00	31	-0.0513	-0.1273	0.2170
639.00	31	-0.0516	-0.1147	0.1478
640.00	32	0.7699	-0.4044	0.8047
641.00	32	0.7499	-0.4218	0.8239
642.00	32	0.5431	-0.4208	0.8449
643.00	32	0.3668	-0.3032	0.8621
644.00	32	0.3071	-0.1874	0.8382
645.00	32	0.1290	-0.2505	0.8220
646.00	32	-0.1118	-0.2811	0.8273
647.00	32	-0.1662	-0.1299	0.8392
648.00	32	-0.0056	-0.1441	0.8948
649.00	32	-0.0365	-0.1533	0.7087
650.00	32	-0.0355	-0.1549	0.7470
651.00	32	-0.0378	-0.1522	0.6738
652.00	32	-0.0397	-0.1477	0.5504
653.00	32	-0.0407	-0.1457	0.5072
654.00	32	-0.0423	-0.1424	0.4446
655.00	32	-0.0435	-0.1403	0.4093
656.00	32	-0.0457	-0.1362	0.3475
657.00	32	-0.0479	-0.1323	0.2913
658.00	32	-0.0523	-0.1261	0.1980
659.00	32	-0.0516	-0.1147	0.1478
660.00	33	0.7697	-0.4041	0.8017
661.00	33	0.7492	-0.4220	0.8243
662.00	33	0.5408	-0.4133	0.8426
663.00	33	0.3734	-0.3033	0.8639
664.00	33	0.3026	-0.1884	0.8385
665.00	33	0.1299	-0.2507	0.8220
666.00	33	-0.1115	-0.2817	0.8288
667.00	33	-0.1716	-0.1317	0.8426
668.00	33	-0.0053	-0.1440	0.8966
669.00	33	-0.0381	-0.1518	0.6619
670.00	33	-0.0375	-0.1526	0.6856
671.00	33	-0.0376	-0.1525	0.6817
672.00	33	-0.0394	-0.1485	0.5701
673.00	33	-0.0399	-0.1474	0.5426
674.00	33	-0.0410	-0.1451	0.4956
675.00	33	-0.0443	-0.1388	0.3859
676.00	33	-0.0452	-0.1370	0.3590
677.00	33	-0.0492	-0.1301	0.2585
678.00	33	-0.0497	-0.1294	0.2478
679.00	33	-0.0516	-0.1147	0.1478
680.00	34	0.7716	-0.4088	0.8400
681.00	34	0.7499	-0.4218	0.8239
682.00	34	0.5423	-0.4190	0.8441
683.00	34	0.3644	-0.3033	0.8615
684.00	34	0.3187	-0.1847	0.8374
685.00	34	0.1292	-0.2506	0.8220
686.00	34	-0.1116	-0.2815	0.8284
687.00	34	-0.1692	-0.1308	0.8411
688.00	34	-0.0058	-0.1442	0.8938
689.00	34	-0.0380	-0.1519	0.6659
690.00	34	-0.0372	-0.1530	0.6974
691.00	34	-0.0376	-0.1525	0.6817
692.00	34	-0.0387	-0.1501	0.6137
693.00	34	-0.0408	-0.1455	0.5034
694.00	34	-0.0419	-0.1432	0.4603
695.00	34	-0.0439	-0.1396	0.3976
696.00	34	-0.0478	-0.1325	0.2950
697.00	34	-0.0496	-0.1296	0.2514
698.00	34	-0.0501	-0.1289	0.2408
699.00	34	-0.0516	-0.1147	0.1478
700.00	35	0.7712	-0.4075	0.8312
701.00	35	0.7488	-0.4222	0.8246
702.00	35	0.5406	-0.4117	0.8423
703.00	35	0.3763	-0.3035	0.8646
704.00	35	0.2967	-0.1897	0.8388
705.00	35	0.1299	-0.2507	0.8220
706.00	35	-0.1117	-0.2814	0.8281
707.00	35	-0.1662	-0.1299	0.8392
708.00	35	-0.0056	-0.1441	0.8954
709.00	35	-0.0378	-0.1522	0.6738
710.00	35	-0.0365	-0.1533	0.7087
711.00	35	-0.0381	-0.1517	0.6580
712.00	35	-0.0395	-0.1482	0.5622
713.00	35	-0.0415	-0.1441	0.4760
714.00	35	-0.0413	-0.1445	0.4838
715.00	35	-0.0450	-0.1375	0.3667
716.00	35	-0.0461	-0.1354	0.3361
717.00	35	-0.0475	-0.1331	0.3024
718.00	35	-0.0501	-0.1289	0.2408
719.00	35	-0.0516	-0.1147	0.1478
720.00	36	0.7704	-0.4053	0.8134
721.00	36	0.7491	-0.4221	0.8243
722.00	36	0.5408	-0.4133	0.8426
723.00	36	0.3660	-0.3033	0.8619
724.00	36	0.3144	-0.1857	0.8376
725.00	36	0.1256	-0.2499	0.8222
726.00	36	-0.1114	-0.2820	0.8293
727.00	36	-0.1682	-0.1305	0.8405
728.00	36	-0.0057	-0.1442	0.8941
729.00	36	-0.0381	-0.1511	0.6457
730.00	36	-0.0376	-0.1525	0.6817
731.00	36	-0.0378	-0.1522	0.6738
732.00	36	-0.0394	-0.1485	0.5701
733.00	36	-0.0401	-0.1470	0.5347
734.00	36	-0.0426	-0.1419	0.4367
735.00	36	-0.0436	-0.1401	0.4054
736.00	36	-0.0466	-0.1346	0.3249
737.00	36	-0.0506	-0.1282	0.2304
738.00	36	-0.0511	-0.1275	0.2204
739.00	36	-0.0516	-0.1147	0.1478
740.00	37	0.7719	-0.4103	0.8496
741.00	37	0.7488	-0.4222	0.8246
742.00	37	0.5413	-0.4154	0.8431
743.00	37	0.3668	-0.3032	0.8621
744.00	37	0.2952	-0.1901	0.8389
745.00	37	0.1264	-0.2500	0.8220
746.00	37	-0.1114	-0.2818	0.8291
747.00	37	-0.1672	-0.1302	0.8398
748.00	37	-0.0057	-0.1442	0.8944
749.00	37	-0.0374	-0.1527	0.6896
750.00	37	-0.0374	-0.1527	0.6896
751.00	37	-0.0384	-0.1505	0.6297
752.00	37	-0.0392	-0.1491	0.5859
753.00	37	-0.0415	-0.1441	0.4760
754.00	37	-0.0432	-0.1410	0.4210
755.00	37	-0.0435	-0.1403	0.4093
756.00	37	-0.0455	-0.1365	0.3514
757.00	37	-0.0479	-0.1323	0.2913
758.00	37	-0.0519	-0.1264	0.2042
759.00	37	-0.0516	-0.1147	0.1478
760.00	38	0.7719	-0.4103	0.8496
761.00	38	0.7498	-0.4218	0.8240
762.00	38	0.5418	-0.4174	0.8436
763.00	38	0.3717	-0.3032	0.8634
764.00	38	0.2997	-0.1891	0.8387
765.00	38	0.1264	-0.2500	0.8220
766.00	38	-0.1114	-0.2818	0.8291
767.00	38	-0.1726	-0.1321	0.8432
768.00	38	-0.0051	-0.1440	0.8973
769.00	38	-0.0374	-0.1527	0.6896
770.00	38	-0.0380	-0.1519	0.6659
771.00	38	-0.0382	-0.1508	0.6377
772.00	38	-0.0402	-0.1468	0.5308
773.00	38	-0.0418	-0.1435	0.4643
774.00	38	-0.0435	-0.1403	0.4093
775.00	38	-0.0439	-0.1396	0.3976
776.00	38	-0.0480	-0.1320	0.2876
777.00	38	-0.0504	-0.1284	0.2338
778.00	38	-0.0504	-0.1284	0.2338
779.00	38	-0.0516	-0.1147	0.1478
780.00	39	0.7720	-0.4116	0.8563
781.00	39	0.7476	-0.4227	0.8253
782.00	39	0.5429	-0.4204	0.8447
783.00	39	0.3621	-0.3034	0.8609
784.00	39	0.3071	-0.1874	0.8382
785.00	39	0.1290	-0.2505	0.8220
786.00	39	-0.1116	-0.2816	0.8287
787.00	39	-0.1739	-0.1327	0.8440
788.00	39	-0.0051	-0.1440	0.8973
789.00	39	-0.0384	-0.1505	0.6297
790.00	39	-0.0375	-0.1526	0.6856
791.00	39	-0.0387	-0.1501	0.6137
792.00	39	-0.0403	-0.1465	0.5229
793.00	39	-0.0405	-0.1461	0.5151
794.00	39	-0.0433	-0.1408	0.4171
795.00	39	-0.0461	-0.1354	0.3361
796.00	39	-0.0457	-0.1362	0.3475
797.00	39	-0.0510	-0.1278	0.2237
798.00	39	-0.0535	-0.1238	0.1715
799.00	39	-0.0516	-0.1147	0.1478
800.00	40	0.7720	-0.4113	0.8547
801.00	40	0.7483	-0.4224	0.8249
802.00	40	0.5401	-0.4081	0.8417
803.00	40	0.3584	-0.3037	0.8599
804.00	40	0.2982	-0.1894	0.8387
805.00	40	0.1250	-0.2498	0.8222
806.00	40	-0.1116	-0.2815	0.8284
807.00	40	-0.1692	-0.1308	0.8411
808.00	40	-0.0056	-0.1441	0.8948
809.00	40	-0.0375	-0.1526	0.6856
810.00	40	-0.0379	-0.1521	0.6699
811.00	40	-0.0390	-0.1494	0.5939
812.00	40	-0.0400	-0.1472	0.5386
813.00	40	-0.0418	-0.1435	0.4643
814.00	40	-0.0440	-0.1393	0.3937
815.00	40	-0.0460	-0.1356	0.3400
816.00	40	-0.0475	-0.1331	0.3024
817.00	40	-0.0510	-0.1278	0.2237
818.00	40	-0.0528	-0.1254	0.1889
819.00	40	-0.0516	-0.1147	0.1478
820.00	41	0.7717	-0.4094	0.8440
821.00	41	0.7496	-0.4219	0.8241
822.00	41	0.5410	-0.4141	0.8427
823.00	41	0.3591	-0.3036	0.8601
824.00	41	0.2921	-0.1907	0.8391
825.00	41	0.1269	-0.2501	0.8220
826.00	41	-0.1114	-0.2818	0.8291
827.00	41	-0.1726	-0.1321	0.8432
828.00	41	-0.0057	-0.1442	0.8944
829.00	41	-0.0381	-0.1518	0.6619
830.00	41	-0.0378	-0.1522	0.6738
831.00	41	-0.0385	-0.1504	0.6257
832.00	41	-0.0399	-0.1474	0.5426
833.00	41	-0.0405	-0.1461	0.5151
834.00	41	-0.0430	-0.1412	0.4249
835.00	41	-0.0448	-0.1378	0.3705
836.00	41	-0.0470	-0.1338	0.3136
837.00	41	-0.0492	-0.1301	0.2585
838.00	41	-0.0514	-0.1271	0.2138
839.00	41	-0.0516	-0.1147	0.1478
840.00	42	0.7710	-0.4069	0.8265
841.00	42	0.7484	-0.4224	0.8248
842.00	42	0.5400	-0.4072	0.8416
843.00	42	0.3652	-0.3033	0.8617
844.00	42	0.2952	-0.1901	0.8389
845.00	42	0.1282	-0.2504	0.8220
846.00	42	-0.1116	-0.2815	0.8284
847.00	42	-0.1734	-0.1325	0.8437
848.00	42	-0.0052	-0.1440	0.8969
849.00	42	-0.0377	-0.1523	0.6778
850.00	42	-0.0376	-0.1525	0.6817
851.00	42	-0.0387	-0.1501	0.6137
852.00	42	-0.0399	-0.1475	0.5465
853.00	42	-0.0411	-0.1449	0.4916
854.00	42	-0.0419	-0.1432	0.4603
855.00	42	-0.0443	-0.1388	0.3859
856.00	42	-0.0463	-0.1351	0.3324
857.00	42	-0.0496	-0.1296	0.2514
858.00	42	-0.0514	-0.1271	0.2138
859.00	42	-0.0516	-0.1147	0.1478
860.00	43	0.7717	-0.4097	0.8460
861.00	43	0.7471	-0.4229	0.8255
862.00	43	0.5410	-0.4141	0.8427
863.00	43	0.3692	-0.3032	0.8628
864.00	43	0.2861	-0.1920	0.8394
865.00	43	0.1235	-0.2497	0.8224
866.00	43	-0.1116	-0.2816	0.8285
867.00	43	-0.1721	-0.1319	0.8429
868.00	43	-0.0051	-0.1440	0.8976
869.00	43	-0.0381	-0.1518	0.6619
870.00	43	-0.0382	-0.1508	0.6377
871.00	43	-0.0390	-0.1494	0.5939
872.00	43	-0.0393	-0.1488	0.5780
873.00	43	-0.0409	-0.1453	0.4995
874.00	43	-0.0426	-0.1419	0.4367
875.00	43	-0.0445	-0.1383	0.3782
876.00	43	-0.0479	-0.1323	0.2913
877.00	43	-0.0513	-0.1273	0.2170
878.00	43	-0.0528	-0.1254	0.1889
879.00	43	-0.0516	-0.1147	0.1478
880.00	44	0.7719	-0.4107	0.8514
881.00	44	0.7478	-0.4226	0.8252
882.00	44	0.5397	-0.4063	0.8416
883.00	44	0.3563	-0.3039	0.8594
884.00	44	0.2982	-0.1894	0.8387
885.00	44	0.1214	-0.2498	0.8226
886.00	44	-0.1114	-0.2819	0.8292
887.00	44	-0.1707	-0.1313	0.8420
888.00	44	-0.0055	-0.1441	0.8957
889.00	44	-0.0387	-0.1501	0.6137
890.00	44	-0.0375	-0.1526	0.6856
891.00	44	-0.0383	-0.1507	0.6337
892.00	44	-0.0401	-0.1470	0.5347
893.00	44	-0.0411	-0.1449	0.4916
894.00	44	-0.0435	-0.1403	0.4093
895.00	44	-0.0448	-0.1378	0.3705
896.00	44	-0.0476	-0.1328	0.2987
897.00	44	-0.0499	-0.1292	0.2443
898.00	44	-0.0525	-0.1259	0.1949
899.00	44	-0.0516	-0.1147	0.1478
900.00	45	0.7720	-0.4121	0.8593
901.00	45	0.7490	-0.4221	0.8244
902.00	45	0.5417	-0.4167	0.8434
903.00	45	0.3644	-0.3033	0.8615
904.00	45	0.2773	-0.1940	0.8398
905.00	45	0.1259	-0.2500	0.8221
906.00	45	-0.1113	-0.2821	0.8295
907.00	45	-0.1777	-0.1345	0.8466
908.00	45	-0.0051	-0.1440	0.8976
909.00	45	-0.0378	-0.1522	0.6738
910.00	45	-0.0371	-0.1532	0.7013
911.00	45	-0.0391	-0.1492	0.5899
912.00	45	-0.0406	-0.1459	0.5112
913.00	45	-0.0413	-0.1445	0.4838
914.00	45	-0.0422	-0.1426	0.4485
915.00	45	-0.0445	-0.1383	0.3782
916.00	45	-0.0467	-0.1343	0.3211
917.00	45	-0.0489	-0.1306	0.2657
918.00	45	-0.0519	-0.1264	0.2042
919.00	45	-0.0516	-0.1147	0.1478
920.00	46	0.7720	-0.4113	0.8547
921.00	46	0.7473	-0.4228	0.8255
922.00	46	0.5394	-0.4033	0.8413
923.00	46	0.3652	-0.3033	0.8617
924.00	46	0.2817	-0.1930	0.8397
925.00	46	0.1274	-0.2502	0.8220
926.00	46	-0.1109	-0.2825	0.8301
927.00	46	-0.1761	-0.1337	0.8455
928.00	46	-0.0054	-0.1440	0.8960
929.00	46	-0.0390	-0.1495	0.5978
930.00	46	-0.0379	-0.1521	0.6699
931.00	46	-0.0395	-0.1482	0.5622
932.00	46	-0.0403	-0.1465	0.5229
933.00	46	-0.0428	-0.1417	0.4328
934.00	46	-0.0423	-0.1424	0.4446
935.00	46	-0.0472	-0.1336	0.3098
936.00	46	-0.0485	-0.1313	0.2766
937.00	46	-0.0523	-0.1261	0.1980
938.00	46	-0.0535	-0.1238	0.1715
939.00	46	-0.0516	-0.1147	0.1478
940.00	47	0.7719	-0.4132	0.8647
941.00	47	0.7481	-0.4225	0.8250
942.00	47	0.5397	-0.4063	0.8416
943.00	47	0.3668	-0.3032	0.8621
944.00	47	0.2921	-0.1907	0.8391
945.00	47	0.1247	-0.2498	0.8223
946.00	47	-0.1114	-0.2820	0.8293
947.00	47	-0.1785	-0.1349	0.8471
948.00	47	-0.0051	-0.1440	0.8976
949.00	47	-0.0380	-0.1519	0.6659
950.00	47	-0.0378	-0.1522	0.6738
951.00	47	-0.0397	-0.1479	0.5544
952.00	47	-0.0396	-0.1480	0.5583
953.00	47	-0.0422	-0.1426	0.4485
954.00	47	-0.0447	-0.1380	0.3744
955.00	47	-0.0467	-0.1343	0.3211
956.00	47	-0.0473	-0.1333	0.3061
957.00	47	-0.0513	-0.1273	0.2170
958.00	47	-0.0540	-0.1231	0.1613
959.00	47	-0.0516	-0.1147	0.1478
960.00	48	0.7717	-0.4091	0.8421
961.00	48	0.7484	-0.4224	0.8248
962.00	48	0.5397	-0.4063	0.8416
963.00	48	0.3570	-0.3038	0.8595
964.00	48	0.2876	-0.1917	0.8394
965.00	48	0.1259	-0.2500	0.8221
966.00	48	-0.1112	-0.2822	0.8296
967.00	48	-0.1761	-0.1337	0.8455
968.00	48	-0.0048	-0.1439	0.8993
969.00	48	-0.0383	-0.1507	0.6337
970.00	48	-0.0385	-0.1504	0.6257
971.00	48	-0.0392	-0.1491	0.5859
972.00	48	-0.0408	-0.1455	0.5034
973.00	48	-0.0415	-0.1441	0.4760
974.00	48	-0.0442	-0.1391	0.3898
975.00	48	-0.0473	-0.1333	0.3061
976.00	48	-0.0475	-0.1331	0.3024
977.00	48	-0.0506	-0.1282	0.2304
978.00	48	-0.0539	-0.1233	0.1638
979.00	48	-0.0516	-0.1147	0.1478
980.00	49	0.7717	-0.4094	0.8440
981.00	49	0.7478	-0.4226	0.8252
982.00	49	0.5401	-0.4081	0.8417
983.00	49	0.3584	-0.3037	0.8599
984.00	49	0.2982	-0.1894	0.8387
985.00	49	0.1253	-0.2498	0.8222
986.00	49	-0.1109	-0.2825	0.8301
987.00	49	-0.1801	-0.1357	0.8482
988.00	49	-0.0044	-0.1439	0.9011
989.00	49	-0.0389	-0.1498	0.6058
990.00	49	-0.0384	-0.1505	0.6297
991.00	49	-0.0386	-0.1502	0.6178
992.00	49	-0.0406	-0.1459	0.5112
993.00	49	-0.0432	-0.1410	0.4210
994.00	49	-0.0450	-0.1375	0.3667
995.00	49	-0.0472	-0.1336	0.3098
996.00	49	-0.0499	-0.1292	0.2443
997.00	49	-0.0510	-0.1278	0.2237
998.00	49	-0.0526	-0.1256	0.1919
999.00	49	-0.0516	-0.1147	0.1478
1000.00	50	0.7719	-0.4135	0.8659
1001.00	50	0.7462	-0.4233	0.8260
1002.00	50	0.5403	-0.4100	0.8419
1003.00	50	0.3525	-0.3046	0.8583
1004.00	50	0.2729	-0.1949	0.8399
1005.00	50	0.1235	-0.2497	0.8224
1006.00	50	-0.1113	-0.2820	0.8294
1007.00	50	-0.1813	-0.1363	0.8490
1008.00	50	-0.0045	-0.1439	0.9006
1009.00	50	-0.0389	-0.1498	0.6058
1010.00	50	-0.0381	-0.1517	0.6580
1011.00	50	-0.0399	-0.1475	0.5465
1012.00	50	-0.0405	-0.1461	0.5151
1013.00	50	-0.0417	-0.1437	0.4681
1014.00	50	-0.0432	-0.1410	0.4210
1015.00	50	-0.0454	-0.1367	0.3552
1016.00	50	-0.0486	-0.1310	0.2730
1017.00	50	-0.0504	-0.1284	0.2338
1018.00	50	-0.0542	-0.1226	0.1565
1019.00	50	-0.0516	-0.1147	0.1478
1020.00	51	0.7717	-0.4097	0.8460
1021.00	51	0.7481	-0.4225	0.8250
1022.00	51	0.5386	-0.3947	0.8405
1023.00	51	0.3550	-0.3041	0.8590
1024.00	51	0.2686	-0.1958	0.8400
1025.00	51	0.1235	-0.2497	0.8224
1026.00	51	-0.1103	-0.2834	0.8304
1027.00	51	-0.1752	-0.1333	0.8449
1028.00	51	-0.0052	-0.1440	0.8969
1029.00	51	-0.0385	-0.1503	0.6217
1030.00	51	-0.0385	-0.1503	0.6217
1031.00	51	-0.0394	-0.1485	0.5701
1032.00	51	-0.0397	-0.1477	0.5504
1033.00	51	-0.0420	-0.1430	0.4564
1034.00	51	-0.0432	-0.1410	0.4210
1035.00	51	-0.0473	-0.1333	0.3061
1036.00	51	-0.0499	-0.1292	0.2443
1037.00	51	-0.0501	-0.1289	0.2408
1038.00	51	-0.0532	-0.1247	0.1801
1039.00	51	-0.0516	-0.1147	0.1478
1040.00	52	0.7718	-0.4100	0.8478
1041.00	52	0.7471	-0.4229	0.8255
1042.00	52	0.5402	-0.4091	0.8418
1043.00	52	0.3621	-0.3034	0.8609
1044.00	52	0.2657	-0.1964	0.8400
1045.00	52	0.1243	-0.2498	0.8223
1046.00	52	-0.1111	-0.2823	0.8298
1047.00	52	-0.1761	-0.1337	0.8455
1048.00	52	-0.0049	-0.1439	0.8988
1049.00	52	-0.0389	-0.1498	0.6058
1050.00	52	-0.0382	-0.1509	0.6417
1051.00	52	-0.0394	-0.1486	0.5740
1052.00	52	-0.0402	-0.1468	0.5308
1053.00	52	-0.0428	-0.1417	0.4328
1054.00	52	-0.0444	-0.1386	0.3821
1055.00	52	-0.0452	-0.1370	0.3590
1056.00	52	-0.0502	-0.1287	0.2373
1057.00	52	-0.0517	-0.1266	0.2074
1058.00	52	-0.0545	-0.1212	0.1480
1059.00	52	-0.0516	-0.1147	0.1478
1060.00	53	0.7717	-0.4145	0.8702
1061.00	53	0.7469	-0.4230	0.8256
1062.00	53	0.5385	-0.3936	0.8405
1063.00	53	0.3503	-0.3053	0.8576
1064.00	53	0.2743	-0.1946	0.8399
1065.00	53	0.1176	-0.2501	0.8229
1066.00	53	-0.1100	-0.2837	0.8304
1067.00	53	-0.1781	-0.1347	0.8469
1068.00	53	-0.0041	-0.1439	0.9024
1069.00	53	-0.0392	-0.1489	0.5820
1070.00	53	-0.0384	-0.1505	0.6297
1071.00	53	-0.0402	-0.1468	0.5308
1072.00	53	-0.0408	-0.1455	0.5034
1073.00	53	-0.0414	-0.1443	0.4800
1074.00	53	-0.0434	-0.1406	0.4132
1075.00	53	-0.0473	-0.1333	0.3061
1076.00	53	-0.0483	-0.1315	0.2802
1077.00	53	-0.0516	-0.1268	0.2106
1078.00	53	-0.0529	-0.1252	0.1859
1079.00	53	-0.0516	-0.1147	0.1478
1080.00	54	0.7719	-0.4103	0.8496
1081.00	54	0.7473	-0.4228	0.8255
1082.00	54	0.5392	-0.4002	0.8409
1083.00	54	0.3503	-0.3053	0.8576
1084.00	54	0.2700	-0.1955	0.8400
1085.00	54	0.1147	-0.2502	0.8231
1086.00	54	-0.1103	-0.2833	0.8304
1087.00	54	-0.1826	-0.1370	0.8500
1088.00	54	-0.0042	-0.1439	0.9018
1089.00	54	-0.0385	-0.1504	0.6257
1090.00	54	-0.0383	-0.1514	0.6500
1091.00	54	-0.0393	-0.1488	0.5780
1092.00	54	-0.0400	-0.1472	0.5386
1093.00	54	-0.0433	-0.1408	0.4171
1094.00	54	-0.0444	-0.1386	0.3821
1095.00	54	-0.0466	-0.1346	0.3249
1096.00	54	-0.0480	-0.1320	0.2876
1097.00	54	-0.0517	-0.1266	0.2074
1098.00	54	-0.0544	-0.1218	0.1497
1099.00	54	-0.0516	-0.1147	0.1478
1100.00	55	0.7716	-0.4148	0.8712
1101.00	55	0.7474	-0.4228	0.8254
1102.00	55	0.5390	-0.3990	0.8408
1103.00	55	0.3525	-0.3046	0.8583
1104.00	55	0.2891	-0.1914	0.8393
1105.00	55	0.1189	-0.2500	0.8228
1106.00	55	-0.1107	-0.2828	0.8303
1107.00	55	-0.1773	-0.1343	0.8463
1108.00	55	-0.0044	-0.1439	0.9008
1109.00	55	-0.0390	-0.1495	0.5978
1110.00	55	-0.0387	-0.1501	0.6137
1111.00	55	-0.0395	-0.1482	0.5622
1112.00	55	-0.0413	-0.1445	0.4838
1113.00	55	-0.0421	-0.1428	0.4524
1114.00	55	-0.0448	-0.1378	0.3705
1115.00	55	-0.0483	-0.1315	0.2802
1116.00	55	-0.0491	-0.1304	0.2621
1117.00	55	-0.0510	-0.1278	0.2237
1118.00	55	-0.0545	-0.1212	0.1480
1119.00	55	-0.0516	-0.1147	0.1478
1120.00	56	0.7719	-0.4132	0.8647
1121.00	56	0.7455	-0.4236	0.8263
1122.00	56	0.5381	-0.3902	0.8404
1123.00	56	0.3498	-0.3055	0.8575
1124.00	56	0.2600	-0.1977	0.8401
1125.00	56	0.1214	-0.2498	0.8226
1126.00	56	-0.1108	-0.2827	0.8302
1127.00	56	-0.1826	-0.1370	0.8500
1128.00	56	-0.0042	-0.1439	0.9018
1129.00	56	-0.0392	-0.1489	0.5820
1130.00	56	-0.0392	-0.1489	0.5820
1131.00	56	-0.0394	-0.1485	0.5701
1132.00	56	-0.0420	-0.1430	0.4564
1133.00	56	-0.0423	-0.1424	0.4446
1134.00	56	-0.0463	-0.1351	0.3324
1135.00	56	-0.0461	-0.1354	0.3361
1136.00	56	-0.0491	-0.1304	0.2621
1137.00	56	-0.0519	-0.1264	0.2042
1138.00	56	-0.0543	-0.1224	0.1542
1139.00	56	-0.0516	-0.1147	0.1478
1140.00	57	0.7717	-0.4145	0.8702
1141.00	57	0.7471	-0.4229	0.8255
1142.00	57	0.5392	-0.4012	0.8410
1143.00	57	0.3584	-0.3037	0.8599
1144.00	57	0.2587	-0.1980	0.8401
1145.00	57	0.1239	-0.2498	0.8224
1146.00	57	-0.1107	-0.2828	0.8303
1147.00	57	-0.1793	-0.1353	0.8477
1148.00	57	-0.0044	-0.1439	0.9008
1149.00	57	-0.0385	-0.1503	0.6217
1150.00	57	-0.0391	-0.1492	0.5899
1151.00	57	-0.0394	-0.1486	0.5740
1152.00	57	-0.0413	-0.1445	0.4838
1153.00	57	-0.0422	-0.1426	0.4485
1154.00	57	-0.0440	-0.1393	0.3937
1155.00	57	-0.0486	-0.1310	0.2730
1156.00	57	-0.0508	-0.1280	0.2270
1157.00	57	-0.0525	-0.1259	0.1949
1158.00	57	-0.0551	-0.1205	0.1497
1159.00	57	-0.0516	-0.1147	0.1478
1160.00	58	0.7718	-0.4140	0.8681
1161.00	58	0.7457	-0.4235	0.8262
1162.00	58	0.5386	-0.3947	0.8405
1163.00	58	0.3503	-0.3053	0.8576
1164.00	58	0.2846	-0.1924	0.8395
1165.00	58	0.1195	-0.2500	0.8227
1166.00	58	-0.1103	-0.2833	0.8304
1167.00	58	-0.1816	-0.1365	0.8493
1168.00	58	-0.0045	-0.1439	0.9006
1169.00	58	-0.0397	-0.1479	0.5544
1170.00	58	-0.0385	-0.1504	0.6257
1171.00	58	-0.0392	-0.1491	0.5859
1172.00	58	-0.0412	-0.1447	0.4878
1173.00	58	-0.0436	-0.1401	0.4054
1174.00	58	-0.0439	-0.1396	0.3976
1175.00	58	-0.0489	-0.1306	0.2657
1176.00	58	-0.0489	-0.1306	0.2657
1177.00	58	-0.0531	-0.1250	0.1829
1178.00	58	-0.0540	-0.1231	0.1613
1179.00	58	-0.0516	-0.1147	0.1478
1180.00	59	0.7720	-0.4127	0.8621
1181.00	59	0.7463	-0.4232	0.8259
1182.00	59	0.5378	-0.3855	0.8402
1183.00	59	0.3577	-0.3038	0.8597
1184.00	59	0.2559	-0.1985	0.8400
1185.00	59	0.1235	-0.2497	0.8224
1186.00	59	-0.1098	-0.2840	0.8303
1187.00	59	-0.1781	-0.1347	0.8469
1188.00	59	-0.0048	-0.1439	0.8993
1189.00	59	-0.0393	-0.1488	0.5780
1190.00	59	-0.0392	-0.1491	0.5859
1191.00	59	-0.0403	-0.1465	0.5229
1192.00	59	-0.0404	-0.1463	0.5190
1193.00	59	-0.0432	-0.1410	0.4210
1194.00	59	-0.0443	-0.1388	0.3859
1195.00	59	-0.0491	-0.1304	0.2621
1196.00	59	-0.0492	-0.1301	0.2585
1197.00	59	-0.0540	-0.1231	0.1613
1198.00	59	-0.0559	-0.1198	0.1517
1199.00	59	-0.0516	-0.1147	0.1478
1200.00	60	0.7713	-0.4155	0.8739
1201.00	60	0.7446	-0.4240	0.8268
1202.00	60	0.5377	-0.3844	0.8402
1203.00	60	0.3519	-0.3048	0.8581
1204.00	60	0.2788	-0.1937	0.8398
1205.00	60	0.1105	-0.2505	0.8234
1206.00	60	-0.1109	-0.2827	0.8302
1207.00	60	-0.1846	-0.1381	0.8513
1208.00	60	-0.0041	-0.1439	0.9021
1209.00	60	-0.0388	-0.1499	0.6098
1210.00	60	-0.0384	-0.1505	0.6297
1211.00	60	-0.0399	-0.1475	0.5465
1212.00	60	-0.0415	-0.1441	0.4760
1213.00	60	-0.0445	-0.1383	0.3782
1214.00	60	-0.0466	-0.1346	0.3249
1215.00	60	-0.0473	-0.1333	0.3061
1216.00	60	-0.0514	-0.1271	0.2138
1217.00	60	-0.0534	-0.1245	0.1772
1218.00	60	-0.0543	-0.1224	0.1542
1219.00	60	-0.0516	-0.1147	0.1478
1220.00	61	0.7715	-0.4150	0.8722
1221.00	61	0.7447	-0.4239	0.8267
1222.00	61	0.5383	-0.3913	0.8403
1223.00	61	0.3544	-0.3042	0.8588
1224.00	61	0.2714	-0.1952	0.8400
1225.00	61	0.1087	-0.2508	0.8235
1226.00	61	-0.1103	-0.2834	0.8304
1227.00	61	-0.1820	-0.1366	0.8495
1228.00	61	-0.0033	-0.1437	0.9054
1229.00	61	-0.0390	-0.1495	0.5978
1230.00	61	-0.0393	-0.1488	0.5780
1231.00	61	-0.0407	-0.1457	0.5072
1232.00	61	-0.0417	-0.1437	0.4681
1233.00	61	-0.0445	-0.1383	0.3782
1234.00	61	-0.0458	-0.1359	0.3437
1235.00	61	-0.0467	-0.1343	0.3211
1236.00	61	-0.0514	-0.1271	0.2138
1237.00	61	-0.0529	-0.1252	0.1859
1238.00	61	-0.0547	-0.1211	0.1484
1239.00	61	-0.0516	-0.1147	0.1478
1240.00	62	0.7719	-0.4135	0.8659
1241.00	62	0.7447	-0.4239	0.8267
1242.00	62	0.5377	-0.3844	0.8402
1243.00	62	0.3519	-0.3048	0.8581
1244.00	62	0.2714	-0.1952	0.8400
1245.00	62	0.1162	-0.2502	0.8230
1246.00	62	-0.1104	-0.2832	0.8304
1247.00	62	-0.1836	-0.1376	0.8507
1248.00	62	-0.0033	-0.1437	0.9054
1249.00	62	-0.0399	-0.1474	0.5426
1250.00	62	-0.0395	-0.1483	0.5662
1251.00	62	-0.0408	-0.1455	0.5034
1252.00	62	-0.0420	-0.1430	0.4564
1253.00	62	-0.0423	-0.1424	0.4446
1254.00	62	-0.0457	-0.1362	0.3475
1255.00	62	-0.0476	-0.1328	0.2987
1256.00	62	-0.0504	-0.1284	0.2338
1257.00	62	-0.0541	-0.1228	0.1589
1258.00	62	-0.0540	-0.1231	0.1613
1259.00	62	-0.0516	-0.1147	0.1478
1260.00	63	0.7713	-0.4157	0.8747
1261.00	63	0.7466	-0.4231	0.8258
1262.00	63	0.5388	-0.3969	0.8407
1263.00	63	0.3463	-0.3070	0.8565
1264.00	63	0.2758	-0.1943	0.8399
1265.00	63	0.1077	-0.2509	0.8236
1266.00	63	-0.1107	-0.2829	0.8303
1267.00	63	-0.1813	-0.1363	0.8490
1268.00	63	-0.0037	-0.1438	0.9039
1269.00	63	-0.0402	-0.1468	0.5308
1270.00	63	-0.0390	-0.1494	0.5939
1271.00	63	-0.0410	-0.1451	0.4956
1272.00	63	-0.0428	-0.1417	0.4328
1273.00	63	-0.0430	-0.1412	0.4249
1274.00	63	-0.0451	-0.1372	0.3628
1275.00	63	-0.0479	-0.1323	0.2913
1276.00	63	-0.0508	-0.1280	0.2270
1277.00	63	-0.0531	-0.1250	0.1829
1278.00	63	-0.0565	-0.1188	0.1546
1279.00	63	-0.0516	-0.1147	0.1478
1280.00	64	0.7719	-0.4135	0.8659
1281.00	64	0.7466	-0.4231	0.8258
1282.00	64	0.5377	-0.3832	0.8402
1283.00	64	0.3453	-0.3075	0.8563
1284.00	64	0.2573	-0.1982	0.8400
1285.00	64	0.1096	-0.2507	0.8235
1286.00	64	-0.1096	-0.2843	0.8301
1287.00	64	-0.1805	-0.1359	0.8485
1288.00	64	-0.0035	-0.1437	0.9045
1289.00	64	-0.0390	-0.1494	0.5939
1290.00	64	-0.0389	-0.1497	0.6018
1291.00	64	-0.0401	-0.1470	0.5347
1292.00	64	-0.0410	-0.1451	0.4956
1293.00	64	-0.0442	-0.1391	0.3898
1294.00	64	-0.0475	-0.1331	0.3024
1295.00	64	-0.0482	-0.1318	0.2839
1296.00	64	-0.0526	-0.1256	0.1919
1297.00	64	-0.0543	-0.1221	0.1519
1298.00	64	-0.0565	-0.1186	0.1547
1299.00	64	-0.0516	-0.1147	0.1478
1300.00	65	0.7711	-0.4162	0.8762
1301.00	65	0.7436	-0.4245	0.8272
1302.00	65	0.5379	-0.3867	0.8403
1303.00	65	0.3468	-0.3068	0.8566
1304.00	65	0.2671	-0.1962	0.8400
1305.00	65	0.1123	-0.2504	0.8233
1306.00	65	-0.1100	-0.2838	0.8304
1307.00	65	-0.1816	-0.1365	0.8493
1308.00	65	-0.0037	-0.1438	0.9036
1309.00	65	-0.0399	-0.1474	0.5426
1310.00	65	-0.0392	-0.1489	0.5820
1311.00	65	-0.0407	-0.1457	0.5072
1312.00	65	-0.0420	-0.1430	0.4564
1313.00	65	-0.0436	-0.1401	0.4054
1314.00	65	-0.0455	-0.1365	0.3514
1315.00	65	-0.0497	-0.1294	0.2478
1316.00	65	-0.0516	-0.1268	0.2106
1317.00	65	-0.0541	-0.1228	0.1589
1318.00	65	-0.0565	-0.1189	0.1542
1319.00	65	-0.0516	-0.1147	0.1478
1320.00	66	0.7716	-0.4148	0.8712
1321.00	66	0.7454	-0.4237	0.8264
1322.00	66	0.5377	-0.3844	0.8402
1323.00	66	0.3449	-0.3078	0.8561
1324.00	66	0.2617	-0.1972	0.8398
1325.00	66	0.1087	-0.2508	0.8235
1326.00	66	-0.1100	-0.2837	0.8304
1327.00	66	-0.1809	-0.1361	0.8487
1328.00	66	-0.0043	-0.1439	0.9015
1329.00	66	-0.0391	-0.1492	0.5899
1330.00	66	-0.0393	-0.1488	0.5780
1331.00	66	-0.0403	-0.1465	0.5229
1332.00	66	-0.0429	-0.1415	0.4289
1333.00	66	-0.0450	-0.1375	0.3667
1334.00	66	-0.0466	-0.1346	0.3249
1335.00	66	-0.0483	-0.1315	0.2802
1336.00	66	-0.0525	-0.1259	0.1949
1337.00	66	-0.0546	-0.1211	0.1479
1338.00	66	-0.0546	-0.1211	0.1479
1339.00	66	-0.0516	-0.1147	0.1478
1340.00	67	0.7717	-0.4143	0.8692
1341.00	67	0.7444	-0.4241	0.8268
1342.00	67	0.5387	-0.3958	0.8406
1343.00	67	0.3508	-0.3051	0.8578
1344.00	67	0.2573	-0.1982	0.8400
1345.00	67	0.1114	-0.2505	0.8234
1346.00	67	-0.1103	-0.2834	0.8304
1347.00	67	-0.1866	-0.1394	0.8527
1348.00	67	-0.0041	-0.1439	0.9021
1349.00	67	-0.0392	-0.1489	0.5820
1350.00	67	-0.0392	-0.1491	0.5859
1351.00	67	-0.0412	-0.1447	0.4878
1352.00	67	-0.0417	-0.1437	0.4681
1353.00	67	-0.0443	-0.1388	0.3859
1354.00	67	-0.0452	-0.1370	0.3590
1355.00	67	-0.0480	-0.1320	0.2876
1356.00	67	-0.0508	-0.1280	0.2270
1357.00	67	-0.0547	-0.1211	0.1484
1358.00	67	-0.0564	-0.1181	0.1545
1359.00	67	-0.0516	-0.1147	0.1478
1360.00	68	0.7715	-0.4150	0.8722
1361.00	68	0.7444	-0.4241	0.8268
1362.00	68	0.5373	-0.3761	0.8401
1363.00	68	0.3472	-0.3066	0.8567
1364.00	68	0.2559	-0.1985	0.8400
1365.00	68	0.1096	-0.2507	0.8235
1366.00	68	-0.1101	-0.2836	0.8304
1367.00	68	-0.1836	-0.1376	0.8507
1368.00	68	-0.0034	-0.1437	0.9048
1369.00	68	-0.0394	-0.1486	0.5740
1370.00	68	-0.0401	-0.1470	0.5347
1371.00	68	-0.0399	-0.1475	0.5465
1372.00	68	-0.0435	-0.1403	0.4093
1373.00	68	-0.0454	-0.1367	0.3552
1374.00	68	-0.0479	-0.1323	0.2913
1375.00	68	-0.0504	-0.1284	0.2338
1376.00	68	-0.0532	-0.1247	0.1801
1377.00	68	-0.0542	-0.1226	0.1565
1378.00	68	-0.0565	-0.1188	0.1546
1379.00	68	-0.0516	-0.1147	0.1478
1380.00	69	0.7705	-0.4174	0.8793
1381.00	69	0.7454	-0.4237	0.8264
1382.00	69	0.5373	-0.3773	0.8401
1383.00	69	0.3492	-0.3057	0.8573
1384.00	69	0.2559	-0.1985	0.8400
1385.00	69	0.1067	-0.2510	0.8236
1386.00	69	-0.1101	-0.2836	0.8304
1387.00	69	-0.1843	-0.1380	0.8511
1388.00	69	-0.0036	-0.1437	0.9042
1389.00	69	-0.0396	-0.1480	0.5583
1390.00	69	-0.0391	-0.1492	0.5899
1391.00	69	-0.0415	-0.1441	0.4760
1392.00	69	-0.0415	-0.1441	0.4760
1393.00	69	-0.0434	-0.1406	0.4132
1394.00	69	-0.0460	-0.1356	0.3400
1395.00	69	-0.0496	-0.1296	0.2514
1396.00	69	-0.0506	-0.1282	0.2304
1397.00	69	-0.0535	-0.1238	0.1715
1398.00	69	-0.0563	-0.1191	0.1537
1399.00	69	-0.0516	-0.1147	0.1478
1400.00	70	0.7702	-0.4180	0.8807
1401.00	70	0.7439	-0.4243	0.8271
1402.00	70	0.5378	-0.3855	0.8402
1403.00	70	0.3419	-0.3096	0.8553
1404.00	70	0.2559	-0.1985	0.8400
1405.00	70	0.1023	-0.2516	0.8240
1406.00	70	-0.1089	-0.2852	0.8294
1407.00	70	-0.1830	-0.1372	0.8503
1408.00	70	-0.0037	-0.1438	0.9036
1409.00	70	-0.0395	-0.1483	0.5662
1410.00	70	-0.0393	-0.1488	0.5780
1411.00	70	-0.0403	-0.1466	0.5269
1412.00	70	-0.0434	-0.1406	0.4132
1413.00	70	-0.0442	-0.1391	0.3898
1414.00	70	-0.0483	-0.1315	0.2802
1415.00	70	-0.0502	-0.1287	0.2373
1416.00	70	-0.0520	-0.1262	0.2010
1417.00	70	-0.0546	-0.1211	0.1479
1418.00	70	-0.0565	-0.1188	0.1546
1419.00	70	-0.0516	-0.1147	0.1478
1420.00	71	0.7701	-0.4182	0.8811
1421.00	71	0.7427	-0.4248	0.8276
1422.00	71	0.5383	-0.3913	0.8403
1423.00	71	0.3503	-0.3053	0.8576
1424.00	71	0.2401	-0.2011	0.8397
1425.00	71	0.1077	-0.2509	0.8236
1426.00	71	-0.1097	-0.2841	0.8303
1427.00	71	-0.1846	-0.1381	0.8513
1428.00	71	-0.0034	-0.1437	0.9051
1429.00	71	-0.0403	-0.1465	0.5229
1430.00	71	-0.0399	-0.1474	0.5426
1431.00	71	-0.0412	-0.1447	0.4878
1432.00	71	-0.0426	-0.1419	0.4367
1433.00	71	-0.0455	-0.1365	0.3514
1434.00	71	-0.0482	-0.1318	0.2839
1435.00	71	-0.0496	-0.1296	0.2514
1436.00	71	-0.0510	-0.1278	0.2237
1437.00	71	-0.0543	-0.1224	0.1542
1438.00	71	-0.0563	-0.1175	0.1523
1439.00	71	-0.0516	-0.1147	0.1478
1440.00	72	0.7712	-0.4159	0.8755
1441.00	72	0.7434	-0.4245	0.8273
1442.00	72	0.5380	-0.3879	0.8403
1443.00	72	0.3444	-0.3081	0.8560
1444.00	72	0.2625	-0.1973	0.8405
1445.00	72	0.1067	-0.2510	0.8236
1446.00	72	-0.1100	-0.2838	0.8304
1447.00	72	-0.1849	-0.1383	0.8515
1448.00	72	-0.0035	-0.1439	0.9066
1449.00	72	-0.0411	-0.1449	0.4916
1450.00	72	-0.0393	-0.1488	0.5780
1451.00	72	-0.0402	-0.1468	0.5308
1452.00	72	-0.0420	-0.1430	0.4564
1453.00	72	-0.0461	-0.1354	0.3361
1454.00	72	-0.0480	-0.1320	0.2876
1455.00	72	-0.0501	-0.1289	0.2408
1456.00	72	-0.0529	-0.1252	0.1859
1457.00	72	-0.0538	-0.1238	0.1691
1458.00	72	-0.0554	-0.1203	0.1503
1459.00	72	-0.0516	-0.1147	0.1478
1460.00	73	0.7701	-0.4182	0.8811
1461.00	73	0.7444	-0.4241	0.8268
1462.00	73	0.5380	-0.3879	0.8403
1463.00	73	0.3407	-0.3101	0.8551
1464.00	73	0.2388	-0.2013	0.8397
1465.00	73	0.1139	-0.2503	0.8232
1466.00	73	-0.1083	-0.2861	0.8286
1467.00	73	-0.1839	-0.1378	0.8509
1468.00	73	-0.0034	-0.1437	0.9051
1469.00	73	-0.0406	-0.1459	0.5112
1470.00	73	-0.0395	-0.1482	0.5622
1471.00	73	-0.0414	-0.1443	0.4800
1472.00	73	-0.0423	-0.1424	0.4446
1473.00	73	-0.0445	-0.1383	0.3782
1474.00	73	-0.0479	-0.1323	0.2913
1475.00	73	-0.0508	-0.1280	0.2270
1476.00	73	-0.0525	-0.1259	0.1949
1477.00	73	-0.0535	-0.1238	0.1715
1478.00	73	-0.0564	-0.1178	0.1537
1479.00	73	-0.0516	-0.1147	0.1478
1480.00	74	0.7704	-0.4176	0.8797
1481.00	74	0.7436	-0.4245	0.8272
1482.00	74	0.5370	-0.3715	0.8402
1483.00	74	0.3411	-0.3099	0.8552
1484.00	74	0.2439	-0.2006	0.8398
1485.00	74	0.1139	-0.2503	0.8232
1486.00	74	-0.1082	-0.2862	0.8285
1487.00	74	-0.1868	-0.1396	0.8528
1488.00	74	-0.0031	-0.1437	0.9082
1489.00	74	-0.0403	-0.1466	0.5269
1490.00	74	-0.0395	-0.1483	0.5662
1491.00	74	-0.0404	-0.1463	0.5190
1492.00	74	-0.0432	-0.1410	0.4210
1493.00	74	-0.0457	-0.1362	0.3475
1494.00	74	-0.0469	-0.1341	0.3173
1495.00	74	-0.0516	-0.1268	0.2106
1496.00	74	-0.0513	-0.1273	0.2170
1497.00	74	-0.0543	-0.1224	0.1542
1498.00	74	-0.0564	-0.1181	0.1545
1499.00	74	-0.0516	-0.1147	0.1478
1500.00	75	0.7709	-0.4167	0.8775
1501.00	75	0.7426	-0.4249	0.8277
1502.00	75	0.5376	-0.3820	0.8402
1503.00	75	0.3399	-0.3102	0.8549
1504.00	75	0.2479	-0.2000	0.8399
1505.00	75	0.1105	-0.2505	0.8234
1506.00	75	-0.1096	-0.2843	0.8301
1507.00	75	-0.1839	-0.1378	0.8509
1508.00	75	-0.0034	-0.1437	0.9048
1509.00	75	-0.0403	-0.1465	0.5229
1510.00	75	-0.0397	-0.1479	0.5544
1511.00	75	-0.0410	-0.1451	0.4956
1512.00	75	-0.0438	-0.1398	0.4015
1513.00	75	-0.0458	-0.1359	0.3437
1514.00	75	-0.0479	-0.1323	0.2913
1515.00	75	-0.0516	-0.1268	0.2106
1516.00	75	-0.0523	-0.1261	0.1980
1517.00	75	-0.0545	-0.1212	0.1480
1518.00	75	-0.0563	-0.1191	0.1537
1519.00	75	-0.0516	-0.1147	0.1478
1520.00	76	0.7696	-0.4191	0.8825
1521.00	76	0.7416	-0.4252	0.8283
1522.00	76	0.5370	-0.3692	0.8403
1523.00	76	0.3449	-0.3078	0.8561
1524.00	76	0.2507	-0.1995	0.8397
1525.00	76	0.1011	-0.2517	0.8240
1526.00	76	-0.1080	-0.2865	0.8282
1527.00	76	-0.1849	-0.1383	0.8515
1528.00	76	-0.0034	-0.1438	0.9069
1529.00	76	-0.0405	-0.1461	0.5151
1530.00	76	-0.0401	-0.1470	0.5347
1531.00	76	-0.0413	-0.1445	0.4838
1532.00	76	-0.0426	-0.1419	0.4367
1533.00	76	-0.0469	-0.1341	0.3173
1534.00	76	-0.0491	-0.1304	0.2621
1535.00	76	-0.0492	-0.1301	0.2585
1536.00	76	-0.0541	-0.1228	0.1589
1537.00	76	-0.0543	-0.1224	0.1542
1538.00	76	-0.0563	-0.1175	0.1523
1539.00	76	-0.0516	-0.1147	0.1478
1540.00	77	0.7691	-0.4197	0.8833
1541.00	77	0.7423	-0.4250	0.8279
1542.00	77	0.5370	-0.3715	0.8402
1543.00	77	0.3403	-0.3102	0.8550
1544.00	77	0.2413	-0.2010	0.8397
1545.00	77	0.0907	-0.2532	0.8249
1546.00	77	-0.1087	-0.2855	0.8291
1547.00	77	-0.1852	-0.1385	0.8517
1548.00	77	-0.0028	-0.1436	0.9093
1549.00	77	-0.0401	-0.1470	0.5347
1550.00	77	-0.0395	-0.1482	0.5622
1551.00	77	-0.0414	-0.1443	0.4800
1552.00	77	-0.0442	-0.1391	0.3898
1553.00	77	-0.0463	-0.1351	0.3324
1554.00	77	-0.0466	-0.1346	0.3249
1555.00	77	-0.0520	-0.1262	0.2010
1556.00	77	-0.0542	-0.1226	0.1565
1557.00	77	-0.0562	-0.1193	0.1531
1558.00	77	-0.0563	-0.1175	0.1523
1559.00	77	-0.0516	-0.1147	0.1478
1560.00	78	0.7698	-0.4186	0.8819
1561.00	78	0.7418	-0.4252	0.8282
1562.00	78	0.5368	-0.3646	0.8405
1563.00	78	0.3391	-0.3103	0.8547
1564.00	78	0.2492	-0.1998	0.8399
1565.00	78	0.0948	-0.2525	0.8245
1566.00	78	-0.1087	-0.2855	0.8291
1567.00	78	-0.1873	-0.1400	0.8531
1568.00	78	-0.0034	-0.1437	0.9048
1569.00	78	-0.0412	-0.1447	0.4878
1570.00	78	-0.0410	-0.1451	0.4956
1571.00	78	-0.0426	-0.1419	0.4367
1572.00	78	-0.0440	-0.1393	0.3937
1573.00	78	-0.0470	-0.1338	0.3136
1574.00	78	-0.0467	-0.1343	0.3211
1575.00	78	-0.0506	-0.1282	0.2304
1576.00	78	-0.0542	-0.1226	0.1565
1577.00	78	-0.0565	-0.1188	0.1546
1578.00	78	-0.0564	-0.1177	0.1531
1579.00	78	-0.0516	-0.1147	0.1478
1580.00	79	0.7682	-0.4207	0.8842
1581.00	79	0.7441	-0.4243	0.8270
1582.00	79	0.5373	-0.3761	0.8401
1583.00	79	0.3407	-0.3101	0.8551
1584.00	79	0.2363	-0.2016	0.8396
1585.00	79	0.1087	-0.2508	0.8235
1586.00	79	-0.1088	-0.2853	0.8293
1587.00	79	-0.1891	-0.1414	0.8543
1588.00	79	-0.0034	-0.1438	0.9071
1589.00	79	-0.0400	-0.1472	0.5386
1590.00	79	-0.0406	-0.1459	0.5112
1591.00	79	-0.0409	-0.1453	0.4995
1592.00	79	-0.0448	-0.1378	0.3705
1593.00	79	-0.0458	-0.1359	0.3437
1594.00	79	-0.0485	-0.1313	0.2766
1595.00	79	-0.0510	-0.1278	0.2237
1596.00	79	-0.0543	-0.1224	0.1542
1597.00	79	-0.0554	-0.1203	0.1503
1598.00	79	-0.0565	-0.1186	0.1547
1599.00	79	-0.0516	-0.1147	0.1478
