0.00	0	-0.9189	-0.8093	0.8305
1.00	0	-0.7689	-0.7172	0.8526
2.00	0	-0.6394	-0.5922	0.8542
3.00	0	-0.5304	-0.4540	0.8484
4.00	0	-0.3940	-0.3128	0.8515
5.00	0	-0.2933	-0.1706	0.8310
6.00	0	-0.2357	-0.1664	0.8619
7.00	0	-0.1381	-0.1778	0.8954
8.00	0	-0.1373	-0.1828	0.8977
9.00	0	0.0075	-0.2015	0.9076
10.00	0	0.0029	-0.1896	0.9020
11.00	0	0.0008	-0.1905	0.9011
12.00	0	-0.0010	-0.1912	0.8991
13.00	0	-0.0019	-0.1926	0.8932
14.00	0	-0.0031	-0.1931	0.8598
15.00	0	-0.0054	-0.1910	0.7586
16.00	0	-0.0087	-0.1871	0.6634
17.00	0	-0.0134	-0.1762	0.5058
18.00	0	-0.0150	-0.1687	0.4218
19.00	0	-0.0049	-0.1291	0.1462
20.00	1	-0.9189	-0.8093	0.8305
21.00	1	-0.7697	-0.7210	0.8531
22.00	1	-0.6393	-0.5891	0.8541
23.00	1	-0.5307	-0.4551	0.8486
24.00	1	-0.3943	-0.3136	0.8519
25.00	1	-0.2933	-0.1706	0.8310
26.00	1	-0.2416	-0.1662	0.8610
27.00	1	-0.1387	-0.1776	0.8959
28.00	1	-0.1373	-0.1828	0.8977
29.00	1	0.0080	-0.2016	0.9074
30.00	1	0.0035	-0.1894	0.9018
31.00	1	0.0008	-0.1905	0.9011
32.00	1	-0.0010	-0.1912	0.8991
33.00	1	-0.0021	-0.1927	0.8899
34.00	1	-0.0036	-0.1930	0.8424
35.00	1	-0.0056	-0.1915	0.7699
36.00	1	-0.0087	-0.1871	0.6634
37.00	1	-0.0124	-0.1790	0.5421
38.00	1	-0.0150	-0.1683	0.4178
39.00	1	-0.0049	-0.1291	0.1462
40.00	2	-0.9190	-0.8086	0.8293
41.00	2	-0.7692	-0.7185	0.8528
42.00	2	-0.6394	-0.5922	0.8542
43.00	2	-0.5312	-0.4574	0.8491
44.00	2	-0.3929	-0.3109	0.8507
45.00	2	-0.2924	-0.1664	0.8306
46.00	2	-0.2357	-0.1664	0.8619
47.00	2	-0.1387	-0.1776	0.8959
48.00	2	-0.1369	-0.1826	0.8981
49.00	2	0.0050	-0.2004	0.9081
50.00	2	0.0039	-0.1893	0.9016
51.00	2	0.0001	-0.1909	0.9004
52.00	2	-0.0012	-0.1914	0.8988
53.00	2	-0.0018	-0.1925	0.8942
54.00	2	-0.0031	-0.1931	0.8598
55.00	2	-0.0054	-0.1917	0.7769
56.00	2	-0.0087	-0.1871	0.6634
57.00	2	-0.0124	-0.1790	0.5421
58.00	2	-0.0153	-0.1663	0.3977
59.00	2	-0.0049	-0.1291	0.1462
60.00	3	-0.9190	-0.8089	0.8299
61.00	3	-0.7686	-0.7161	0.8524
62.00	3	-0.6394	-0.5922	0.8542
63.00	3	-0.5312	-0.4574	0.8491
64.00	3	-0.3946	-0.3140	0.8521
65.00	3	-0.2930	-0.1690	0.8308
66.00	3	-0.2380	-0.1663	0.8615
67.00	3	-0.1378	-0.1779	0.8951
68.00	3	-0.1370	-0.1826	0.8980
69.00	3	0.0077	-0.2015	0.9075
70.00	3	0.0028	-0.1897	0.9020
71.00	3	0.0000	-0.1909	0.9003
72.00	3	-0.0013	-0.1915	0.8986
73.00	3	-0.0018	-0.1925	0.8942
74.00	3	-0.0031	-0.1931	0.8598
75.00	3	-0.0066	-0.1905	0.7372
76.00	3	-0.0101	-0.1841	0.6150
77.00	3	-0.0124	-0.1790	0.5421
78.00	3	-0.0155	-0.1637	0.3737
79.00	3	-0.0049	-0.1291	0.1462
80.00	4	-0.9191	-0.8083	0.8290
81.00	4	-0.7684	-0.7155	0.8523
82.00	4	-0.6393	-0.5875	0.8541
83.00	4	-0.5306	-0.4545	0.8485
84.00	4	-0.3946	-0.3140	0.8521
85.00	4	-0.2930	-0.1695	0.8309
86.00	4	-0.2345	-0.1664	0.8620
87.00	4	-0.1388	-0.1776	0.8960
88.00	4	-0.1373	-0.1828	0.8977
89.00	4	0.0057	-0.2007	0.9081
90.00	4	0.0025	-0.1898	0.9019
91.00	4	0.0008	-0.1905	0.9011
92.00	4	-0.0011	-0.1913	0.8990
93.00	4	-0.0021	-0.1928	0.8883
94.00	4	-0.0034	-0.1930	0.8494
95.00	4	-0.0059	-0.1909	0.7518
96.00	4	-0.0092	-0.1862	0.6475
97.00	4	-0.0137	-0.1755	0.4978
98.00	4	-0.0150	-0.1687	0.4218
99.00	4	-0.0049	-0.1291	0.1462
100.00	5	-0.9189	-0.8093	0.8305
101.00	5	-0.7692	-0.7191	0.8527
102.00	5	-0.6392	-0.5865	0.8540
103.00	5	-0.5303	-0.4534	0.8483
104.00	5	-0.3942	-0.3132	0.8517
105.00	5	-0.2931	-0.1701	0.8309
106.00	5	-0.2416	-0.1662	0.8610
107.00	5	-0.1387	-0.1776	0.8959
108.00	5	-0.1373	-0.1828	0.8977
109.00	5	0.0050	-0.2004	0.9081
110.00	5	0.0039	-0.1893	0.9016
111.00	5	0.0003	-0.1908	0.9006
112.00	5	-0.0010	-0.1912	0.8991
113.00	5	-0.0018	-0.1925	0.8942
114.00	5	-0.0033	-0.1930	0.8538
115.00	5	-0.0069	-0.1900	0.7259
116.00	5	-0.0091	-0.1864	0.6514
117.00	5	-0.0124	-0.1790	0.5421
118.00	5	-0.0150	-0.1687	0.4218
119.00	5	-0.0049	-0.1291	0.1462
120.00	6	-0.9189	-0.8092	0.8303
121.00	6	-0.7697	-0.7210	0.8531
122.00	6	-0.6393	-0.5917	0.8542
123.00	6	-0.5312	-0.4574	0.8491
124.00	6	-0.3924	-0.3098	0.8502
125.00	6	-0.2917	-0.1627	0.8306
126.00	6	-0.2310	-0.1664	0.8626
127.00	6	-0.1378	-0.1779	0.8951
128.00	6	-0.1364	-0.1819	0.8989
129.00	6	0.0092	-0.2019	0.9067
130.00	6	0.0035	-0.1894	0.9018
131.00	6	-0.0001	-0.1910	0.9002
132.00	6	-0.0012	-0.1914	0.8987
133.00	6	-0.0018	-0.1925	0.8942
134.00	6	-0.0035	-0.1930	0.8471
135.00	6	-0.0067	-0.1903	0.7335
136.00	6	-0.0094	-0.1856	0.6392
137.00	6	-0.0129	-0.1778	0.5259
138.00	6	-0.0156	-0.1629	0.3658
139.00	6	-0.0049	-0.1291	0.1462
140.00	7	-0.9190	-0.8081	0.8285
141.00	7	-0.7689	-0.7172	0.8526
142.00	7	-0.6393	-0.5896	0.8541
143.00	7	-0.5302	-0.4529	0.8482
144.00	7	-0.3940	-0.3128	0.8515
145.00	7	-0.2927	-0.1680	0.8307
146.00	7	-0.2416	-0.1662	0.8610
147.00	7	-0.1378	-0.1779	0.8951
148.00	7	-0.1363	-0.1816	0.8991
149.00	7	0.0075	-0.2015	0.9076
150.00	7	0.0032	-0.1895	0.9019
151.00	7	0.0005	-0.1907	0.9008
152.00	7	-0.0013	-0.1915	0.8986
153.00	7	-0.0020	-0.1927	0.8906
154.00	7	-0.0037	-0.1929	0.8374
155.00	7	-0.0063	-0.1905	0.7408
156.00	7	-0.0099	-0.1847	0.6231
157.00	7	-0.0137	-0.1755	0.4978
158.00	7	-0.0150	-0.1687	0.4218
159.00	7	-0.0049	-0.1291	0.1462
160.00	8	-0.9190	-0.8090	0.8301
161.00	8	-0.7692	-0.7185	0.8528
162.00	8	-0.6391	-0.5846	0.8540
163.00	8	-0.5295	-0.4491	0.8476
164.00	8	-0.3933	-0.3117	0.8511
165.00	8	-0.2915	-0.1617	0.8306
166.00	8	-0.2265	-0.1665	0.8632
167.00	8	-0.1383	-0.1777	0.8955
168.00	8	-0.1369	-0.1826	0.8981
169.00	8	0.0075	-0.2015	0.9076
170.00	8	0.0026	-0.1898	0.9019
171.00	8	-0.0001	-0.1910	0.9002
172.00	8	-0.0014	-0.1918	0.8978
173.00	8	-0.0018	-0.1925	0.8942
174.00	8	-0.0042	-0.1928	0.8270
175.00	8	-0.0067	-0.1903	0.7335
176.00	8	-0.0106	-0.1831	0.5988
177.00	8	-0.0132	-0.1769	0.5139
178.00	8	-0.0154	-0.1646	0.3817
179.00	8	-0.0049	-0.1291	0.1462
180.00	9	-0.9190	-0.8088	0.8298
181.00	9	-0.7688	-0.7167	0.8526
182.00	9	-0.6391	-0.5846	0.8540
183.00	9	-0.5310	-0.4568	0.8490
184.00	9	-0.3940	-0.3128	0.8515
185.00	9	-0.2915	-0.1612	0.8307
186.00	9	-0.2368	-0.1663	0.8617
187.00	9	-0.1380	-0.1779	0.8953
188.00	9	-0.1373	-0.1828	0.8977
189.00	9	0.0090	-0.2019	0.9069
190.00	9	0.0034	-0.1895	0.9018
191.00	9	0.0002	-0.1908	0.9005
192.00	9	-0.0014	-0.1919	0.8977
193.00	9	-0.0021	-0.1928	0.8883
194.00	9	-0.0032	-0.1931	0.8578
195.00	9	-0.0067	-0.1903	0.7335
196.00	9	-0.0094	-0.1859	0.6434
197.00	9	-0.0131	-0.1772	0.5179
198.00	9	-0.0151	-0.1675	0.4097
199.00	9	-0.0049	-0.1291	0.1462
200.00	10	-0.9190	-0.8087	0.8297
201.00	10	-0.7669	-0.7114	0.8517
202.00	10	-0.6390	-0.5832	0.8540
203.00	10	-0.5300	-0.4512	0.8480
204.00	10	-0.3943	-0.3136	0.8519
205.00	10	-0.2928	-0.1685	0.8308
206.00	10	-0.2287	-0.1664	0.8629
207.00	10	-0.1392	-0.1774	0.8963
208.00	10	-0.1363	-0.1814	0.8993
209.00	10	0.0077	-0.2015	0.9075
210.00	10	0.0035	-0.1894	0.9018
211.00	10	0.0004	-0.1908	0.9007
212.00	10	-0.0014	-0.1918	0.8981
213.00	10	-0.0019	-0.1926	0.8932
214.00	10	-0.0042	-0.1928	0.8242
215.00	10	-0.0070	-0.1899	0.7221
216.00	10	-0.0096	-0.1851	0.6312
217.00	10	-0.0125	-0.1787	0.5380
218.00	10	-0.0153	-0.1658	0.3937
219.00	10	-0.0049	-0.1291	0.1462
220.00	11	-0.9189	-0.8092	0.8303
221.00	11	-0.7666	-0.7105	0.8517
222.00	11	-0.6391	-0.5841	0.8540
223.00	11	-0.5298	-0.4506	0.8479
224.00	11	-0.3920	-0.3091	0.8499
225.00	11	-0.2928	-0.1685	0.8308
226.00	11	-0.2368	-0.1663	0.8617
227.00	11	-0.1389	-0.1775	0.8961
228.00	11	-0.1365	-0.1820	0.8988
229.00	11	0.0090	-0.2019	0.9069
230.00	11	0.0031	-0.1896	0.9019
231.00	11	0.0003	-0.1908	0.9006
232.00	11	-0.0014	-0.1919	0.8975
233.00	11	-0.0021	-0.1928	0.8891
234.00	11	-0.0035	-0.1930	0.8471
235.00	11	-0.0070	-0.1899	0.7221
236.00	11	-0.0102	-0.1839	0.6110
237.00	11	-0.0131	-0.1772	0.5179
238.00	11	-0.0157	-0.1624	0.3619
239.00	11	-0.0049	-0.1291	0.1462
240.00	12	-0.9190	-0.8081	0.8285
241.00	12	-0.7693	-0.7197	0.8528
242.00	12	-0.6392	-0.5870	0.8540
243.00	12	-0.5290	-0.4470	0.8472
244.00	12	-0.3914	-0.3080	0.8495
245.00	12	-0.2927	-0.1680	0.8307
246.00	12	-0.2177	-0.1665	0.8644
247.00	12	-0.1392	-0.1774	0.8963
248.00	12	-0.1362	-0.1813	0.8994
249.00	12	0.0064	-0.2010	0.9079
250.00	12	0.0023	-0.1899	0.9018
251.00	12	-0.0001	-0.1910	0.9002
252.00	12	-0.0012	-0.1914	0.8989
253.00	12	-0.0023	-0.1929	0.8856
254.00	12	-0.0034	-0.1930	0.8494
255.00	12	-0.0071	-0.1897	0.7183
256.00	12	-0.0095	-0.1854	0.6353
257.00	12	-0.0144	-0.1721	0.4578
258.00	12	-0.0158	-0.1611	0.3500
259.00	12	-0.0049	-0.1291	0.1462
260.00	13	-0.9190	-0.8087	0.8297
261.00	13	-0.7688	-0.7167	0.8526
262.00	13	-0.6389	-0.5819	0.8539
263.00	13	-0.5307	-0.4551	0.8486
264.00	13	-0.3910	-0.3071	0.8490
265.00	13	-0.2930	-0.1690	0.8308
266.00	13	-0.2368	-0.1663	0.8617
267.00	13	-0.1395	-0.1774	0.8966
268.00	13	-0.1362	-0.1809	0.8998
269.00	13	0.0090	-0.2019	0.9069
270.00	13	0.0034	-0.1895	0.9018
271.00	13	-0.0003	-0.1910	0.9000
272.00	13	-0.0013	-0.1915	0.8986
273.00	13	-0.0020	-0.1927	0.8906
274.00	13	-0.0034	-0.1930	0.8494
275.00	13	-0.0068	-0.1902	0.7297
276.00	13	-0.0091	-0.1864	0.6514
277.00	13	-0.0129	-0.1778	0.5259
278.00	13	-0.0154	-0.1655	0.3897
279.00	13	-0.0049	-0.1291	0.1462
280.00	14	-0.9191	-0.8076	0.8278
281.00	14	-0.7681	-0.7144	0.8521
282.00	14	-0.6391	-0.5846	0.8540
283.00	14	-0.5295	-0.4491	0.8476
284.00	14	-0.3926	-0.3102	0.8504
285.00	14	-0.2916	-0.1622	0.8306
286.00	14	-0.2333	-0.1664	0.8622
287.00	14	-0.1395	-0.1774	0.8966
288.00	14	-0.1363	-0.1814	0.8993
289.00	14	0.0077	-0.2015	0.9075
290.00	14	0.0025	-0.1898	0.9019
291.00	14	-0.0005	-0.1911	0.8997
292.00	14	-0.0014	-0.1918	0.8983
293.00	14	-0.0026	-0.1931	0.8762
294.00	14	-0.0043	-0.1926	0.8184
295.00	14	-0.0059	-0.1909	0.7518
296.00	14	-0.0092	-0.1862	0.6475
297.00	14	-0.0144	-0.1724	0.4618
298.00	14	-0.0152	-0.1667	0.4017
299.00	14	-0.0049	-0.1291	0.1462
300.00	15	-0.9191	-0.8082	0.8289
301.00	15	-0.7686	-0.7161	0.8524
302.00	15	-0.6392	-0.5865	0.8540
303.00	15	-0.5304	-0.4540	0.8484
304.00	15	-0.3905	-0.3062	0.8483
305.00	15	-0.2911	-0.1592	0.8309
306.00	15	-0.2276	-0.1665	0.8630
307.00	15	-0.1383	-0.1777	0.8955
308.00	15	-0.1365	-0.1821	0.8987
309.00	15	0.0085	-0.2018	0.9072
310.00	15	0.0015	-0.1901	0.9015
311.00	15	-0.0003	-0.1910	0.9000
312.00	15	-0.0013	-0.1916	0.8985
313.00	15	-0.0026	-0.1931	0.8776
314.00	15	-0.0041	-0.1928	0.8297
315.00	15	-0.0081	-0.1884	0.6873
316.00	15	-0.0098	-0.1849	0.6271
317.00	15	-0.0137	-0.1753	0.4939
318.00	15	-0.0160	-0.1589	0.3302
319.00	15	-0.0049	-0.1291	0.1462
320.00	16	-0.9190	-0.8079	0.8283
321.00	16	-0.7666	-0.7105	0.8517
322.00	16	-0.6391	-0.5846	0.8540
323.00	16	-0.5296	-0.4496	0.8477
324.00	16	-0.3918	-0.3087	0.8498
325.00	16	-0.2924	-0.1664	0.8306
326.00	16	-0.2231	-0.1665	0.8636
327.00	16	-0.1402	-0.1772	0.8971
328.00	16	-0.1362	-0.1809	0.8998
329.00	16	0.0092	-0.2019	0.9067
330.00	16	0.0022	-0.1899	0.9018
331.00	16	-0.0003	-0.1910	0.9000
332.00	16	-0.0013	-0.1915	0.8986
333.00	16	-0.0027	-0.1931	0.8719
334.00	16	-0.0035	-0.1930	0.8471
335.00	16	-0.0067	-0.1903	0.7335
336.00	16	-0.0100	-0.1844	0.6190
337.00	16	-0.0133	-0.1766	0.5098
338.00	16	-0.0160	-0.1579	0.3224
339.00	16	-0.0049	-0.1291	0.1462
340.00	17	-0.9191	-0.8083	0.8290
341.00	17	-0.7656	-0.7087	0.8514
342.00	17	-0.6389	-0.5823	0.8539
343.00	17	-0.5297	-0.4501	0.8478
344.00	17	-0.3931	-0.3113	0.8509
345.00	17	-0.2915	-0.1617	0.8306
346.00	17	-0.2198	-0.1665	0.8641
347.00	17	-0.1399	-0.1773	0.8969
348.00	17	-0.1367	-0.1823	0.8984
349.00	17	0.0080	-0.2016	0.9074
350.00	17	0.0012	-0.1903	0.9013
351.00	17	-0.0004	-0.1911	0.8998
352.00	17	-0.0017	-0.1923	0.8958
353.00	17	-0.0022	-0.1929	0.8865
354.00	17	-0.0044	-0.1926	0.8155
355.00	17	-0.0083	-0.1882	0.6834
356.00	17	-0.0098	-0.1849	0.6271
357.00	17	-0.0139	-0.1746	0.4858
358.00	17	-0.0159	-0.1594	0.3342
359.00	17	-0.0049	-0.1291	0.1462
360.00	18	-0.9191	-0.8075	0.8276
361.00	18	-0.7681	-0.7144	0.8521
362.00	18	-0.6392	-0.5870	0.8540
363.00	18	-0.5302	-0.4529	0.8482
364.00	18	-0.3918	-0.3087	0.8498
365.00	18	-0.2909	-0.1577	0.8310
366.00	18	-0.2253	-0.1665	0.8634
367.00	18	-0.1395	-0.1774	0.8966
368.00	18	-0.1362	-0.1805	0.9002
369.00	18	0.0075	-0.2015	0.9076
370.00	18	0.0018	-0.1901	0.9016
371.00	18	-0.0007	-0.1911	0.8995
372.00	18	-0.0014	-0.1919	0.8977
373.00	18	-0.0029	-0.1931	0.8653
374.00	18	-0.0050	-0.1921	0.7937
375.00	18	-0.0067	-0.1903	0.7335
376.00	18	-0.0104	-0.1836	0.6069
377.00	18	-0.0133	-0.1766	0.5098
378.00	18	-0.0158	-0.1607	0.3460
379.00	18	-0.0049	-0.1291	0.1462
380.00	19	-0.9191	-0.8078	0.8282
381.00	19	-0.7684	-0.7155	0.8523
382.00	19	-0.6387	-0.5800	0.8540
383.00	19	-0.5286	-0.4455	0.8469
384.00	19	-0.3902	-0.3057	0.8479
385.00	19	-0.2909	-0.1568	0.8312
386.00	19	-0.2310	-0.1664	0.8626
387.00	19	-0.1388	-0.1776	0.8960
388.00	19	-0.1365	-0.1820	0.8988
389.00	19	0.0118	-0.2021	0.9045
390.00	19	0.0012	-0.1903	0.9013
391.00	19	-0.0005	-0.1911	0.8997
392.00	19	-0.0013	-0.1917	0.8984
393.00	19	-0.0028	-0.1931	0.8671
394.00	19	-0.0046	-0.1924	0.8064
395.00	19	-0.0070	-0.1899	0.7221
396.00	19	-0.0109	-0.1825	0.5907
397.00	19	-0.0140	-0.1742	0.4818
398.00	19	-0.0157	-0.1620	0.3579
399.00	19	-0.0049	-0.1291	0.1462
400.00	20	-0.9191	-0.8075	0.8276
401.00	20	-0.7683	-0.7150	0.8522
402.00	20	-0.6386	-0.5791	0.8540
403.00	20	-0.5297	-0.4501	0.8478
404.00	20	-0.3901	-0.3054	0.8476
405.00	20	-0.2921	-0.1648	0.8306
406.00	20	-0.2253	-0.1665	0.8634
407.00	20	-0.1390	-0.1775	0.8962
408.00	20	-0.1363	-0.1815	0.8992
409.00	20	0.0112	-0.2022	0.9051
410.00	20	0.0028	-0.1897	0.9020
411.00	20	-0.0006	-0.1911	0.8996
412.00	20	-0.0014	-0.1919	0.8975
413.00	20	-0.0030	-0.1931	0.8617
414.00	20	-0.0052	-0.1919	0.7837
415.00	20	-0.0070	-0.1899	0.7221
416.00	20	-0.0102	-0.1839	0.6110
417.00	20	-0.0139	-0.1746	0.4858
418.00	20	-0.0161	-0.1561	0.3066
419.00	20	-0.0049	-0.1291	0.1462
420.00	21	-0.9191	-0.8084	0.8292
421.00	21	-0.7667	-0.7109	0.8516
422.00	21	-0.6391	-0.5846	0.8540
423.00	21	-0.5298	-0.4506	0.8479
424.00	21	-0.3914	-0.3080	0.8495
425.00	21	-0.2920	-0.1643	0.8306
426.00	21	-0.2287	-0.1664	0.8629
427.00	21	-0.1409	-0.1770	0.8975
428.00	21	-0.1364	-0.1819	0.8989
429.00	21	0.0114	-0.2022	0.9049
430.00	21	0.0013	-0.1902	0.9014
431.00	21	-0.0010	-0.1912	0.8992
432.00	21	-0.0014	-0.1918	0.8982
433.00	21	-0.0026	-0.1931	0.8749
434.00	21	-0.0042	-0.1928	0.8242
435.00	21	-0.0067	-0.1903	0.7335
436.00	21	-0.0121	-0.1800	0.5544
437.00	21	-0.0144	-0.1724	0.4618
438.00	21	-0.0161	-0.1570	0.3145
439.00	21	-0.0049	-0.1291	0.1462
440.00	22	-0.9191	-0.8078	0.8282
441.00	22	-0.7667	-0.7109	0.8516
442.00	22	-0.6384	-0.5773	0.8540
443.00	22	-0.5272	-0.4411	0.8463
444.00	22	-0.3909	-0.3069	0.8489
445.00	22	-0.2911	-0.1554	0.8315
446.00	22	-0.2198	-0.1665	0.8641
447.00	22	-0.1409	-0.1770	0.8975
448.00	22	-0.1363	-0.1817	0.8990
449.00	22	0.0099	-0.2020	0.9062
450.00	22	0.0018	-0.1901	0.9016
451.00	22	-0.0008	-0.1912	0.8994
452.00	22	-0.0016	-0.1922	0.8968
453.00	22	-0.0026	-0.1931	0.8776
454.00	22	-0.0043	-0.1926	0.8184
455.00	22	-0.0078	-0.1889	0.6991
456.00	22	-0.0123	-0.1793	0.5462
457.00	22	-0.0149	-0.1691	0.4258
458.00	22	-0.0159	-0.1594	0.3342
459.00	22	-0.0049	-0.1291	0.1462
460.00	23	-0.9192	-0.8072	0.8271
461.00	23	-0.7637	-0.7055	0.8513
462.00	23	-0.6389	-0.5823	0.8539
463.00	23	-0.5293	-0.4485	0.8475
464.00	23	-0.3898	-0.3050	0.8472
465.00	23	-0.2909	-0.1582	0.8310
466.00	23	-0.2188	-0.1665	0.8643
467.00	23	-0.1393	-0.1774	0.8964
468.00	23	-0.1364	-0.1798	0.9010
469.00	23	0.0088	-0.2018	0.9070
470.00	23	0.0012	-0.1903	0.9014
471.00	23	-0.0003	-0.1910	0.9000
472.00	23	-0.0018	-0.1924	0.8954
473.00	23	-0.0026	-0.1931	0.8749
474.00	23	-0.0044	-0.1926	0.8155
475.00	23	-0.0071	-0.1897	0.7183
476.00	23	-0.0112	-0.1819	0.5826
477.00	23	-0.0139	-0.1746	0.4858
478.00	23	-0.0157	-0.1624	0.3619
479.00	23	-0.0049	-0.1291	0.1462
480.00	24	-0.9192	-0.8073	0.8273
481.00	24	-0.7656	-0.7087	0.8514
482.00	24	-0.6383	-0.5769	0.8541
483.00	24	-0.5292	-0.4480	0.8474
484.00	24	-0.3901	-0.3054	0.8476
485.00	24	-0.2918	-0.1632	0.8306
486.00	24	-0.2198	-0.1665	0.8641
487.00	24	-0.1408	-0.1770	0.8974
488.00	24	-0.1362	-0.1813	0.8994
489.00	24	0.0107	-0.2022	0.9055
490.00	24	0.0019	-0.1900	0.9017
491.00	24	-0.0003	-0.1910	0.9000
492.00	24	-0.0019	-0.1926	0.8932
493.00	24	-0.0026	-0.1932	0.8734
494.00	24	-0.0056	-0.1915	0.7699
495.00	24	-0.0086	-0.1873	0.6674
496.00	24	-0.0126	-0.1784	0.5340
497.00	24	-0.0147	-0.1706	0.4418
498.00	24	-0.0161	-0.1561	0.3066
499.00	24	-0.0049	-0.1291	0.1462
500.00	25	-0.9190	-0.8081	0.8285
501.00	25	-0.7642	-0.7063	0.8513
502.00	25	-0.6389	-0.5823	0.8539
503.00	25	-0.5295	-0.4491	0.8476
504.00	25	-0.3916	-0.3083	0.8496
505.00	25	-0.2913	-0.1601	0.8308
506.00	25	-0.2135	-0.1665	0.8650
507.00	25	-0.1410	-0.1769	0.8975
508.00	25	-0.1363	-0.1814	0.8993
509.00	25	0.0130	-0.2021	0.9031
510.00	25	0.0020	-0.1900	0.9017
511.00	25	-0.0006	-0.1911	0.8996
512.00	25	-0.0017	-0.1923	0.8962
513.00	25	-0.0025	-0.1931	0.8789
514.00	25	-0.0057	-0.1914	0.7664
515.00	25	-0.0074	-0.1894	0.7107
516.00	25	-0.0118	-0.1809	0.5666
517.00	25	-0.0142	-0.1732	0.4698
518.00	25	-0.0160	-0.1589	0.3302
519.00	25	-0.0049	-0.1291	0.1462
520.00	26	-0.9192	-0.8073	0.8274
521.00	26	-0.7669	-0.7114	0.8517
522.00	26	-0.6381	-0.5756	0.8541
523.00	26	-0.5287	-0.4460	0.8470
524.00	26	-0.3901	-0.3054	0.8476
525.00	26	-0.2912	-0.1547	0.8317
526.00	26	-0.2198	-0.1665	0.8641
527.00	26	-0.1414	-0.1768	0.8977
528.00	26	-0.1363	-0.1801	0.9006
529.00	26	0.0095	-0.2019	0.9066
530.00	26	0.0004	-0.1907	0.9008
531.00	26	-0.0006	-0.1911	0.8996
532.00	26	-0.0019	-0.1926	0.8932
533.00	26	-0.0030	-0.1931	0.8617
534.00	26	-0.0056	-0.1915	0.7699
535.00	26	-0.0078	-0.1889	0.6991
536.00	26	-0.0108	-0.1828	0.5947
537.00	26	-0.0141	-0.1739	0.4778
538.00	26	-0.0159	-0.1603	0.3421
539.00	26	-0.0049	-0.1291	0.1462
540.00	27	-0.9191	-0.8076	0.8278
541.00	27	-0.7651	-0.7079	0.8513
542.00	27	-0.6385	-0.5787	0.8540
543.00	27	-0.5291	-0.4475	0.8473
544.00	27	-0.3897	-0.3049	0.8470
545.00	27	-0.2909	-0.1582	0.8310
546.00	27	-0.2063	-0.1666	0.8660
547.00	27	-0.1395	-0.1774	0.8966
548.00	27	-0.1363	-0.1814	0.8993
549.00	27	0.0101	-0.2021	0.9060
550.00	27	0.0018	-0.1901	0.9016
551.00	27	-0.0007	-0.1911	0.8995
552.00	27	-0.0019	-0.1926	0.8937
553.00	27	-0.0030	-0.1931	0.8636
554.00	27	-0.0050	-0.1921	0.7937
555.00	27	-0.0080	-0.1885	0.6913
556.00	27	-0.0108	-0.1828	0.5947
557.00	27	-0.0152	-0.1667	0.4017
558.00	27	-0.0159	-0.1603	0.3421
559.00	27	-0.0049	-0.1291	0.1462
560.00	28	-0.9192	-0.8072	0.8272
561.00	28	-0.7664	-0.7100	0.8517
562.00	28	-0.6388	-0.5814	0.8539
563.00	28	-0.5286	-0.4455	0.8469
564.00	28	-0.3897	-0.3049	0.8470
565.00	28	-0.2909	-0.1577	0.8310
566.00	28	-0.2074	-0.1666	0.8658
567.00	28	-0.1397	-0.1773	0.8967
568.00	28	-0.1363	-0.1814	0.8993
569.00	28	0.0099	-0.2020	0.9062
570.00	28	0.0009	-0.1905	0.9011
571.00	28	-0.0011	-0.1913	0.8991
572.00	28	-0.0021	-0.1927	0.8899
573.00	28	-0.0026	-0.1932	0.8734
574.00	28	-0.0049	-0.1922	0.7969
575.00	28	-0.0086	-0.1873	0.6674
576.00	28	-0.0125	-0.1787	0.5380
577.00	28	-0.0152	-0.1667	0.4017
578.00	28	-0.0159	-0.1603	0.3421
579.00	28	-0.0049	-0.1291	0.1462
580.00	29	-0.9191	-0.8077	0.8281
581.00	29	-0.7664	-0.7100	0.8517
582.00	29	-0.6384	-0.5782	0.8540
583.00	29	-0.5284	-0.4450	0.8468
584.00	29	-0.3906	-0.3063	0.8485
585.00	29	-0.2911	-0.1557	0.8314
586.00	29	-0.2043	-0.1666	0.8662
587.00	29	-0.1400	-0.1772	0.8969
588.00	29	-0.1362	-0.1808	0.8999
589.00	29	0.0132	-0.2021	0.9029
590.00	29	0.0012	-0.1903	0.9014
591.00	29	-0.0007	-0.1911	0.8995
592.00	29	-0.0020	-0.1927	0.8906
593.00	29	-0.0035	-0.1930	0.8471
594.00	29	-0.0058	-0.1910	0.7554
595.00	29	-0.0086	-0.1873	0.6674
596.00	29	-0.0122	-0.1796	0.5502
597.00	29	-0.0149	-0.1691	0.4258
598.00	29	-0.0162	-0.1534	0.2831
599.00	29	-0.0049	-0.1291	0.1462
600.00	30	-0.9191	-0.8075	0.8276
601.00	30	-0.7659	-0.7091	0.8515
602.00	30	-0.6381	-0.5756	0.8541
603.00	30	-0.5286	-0.4455	0.8469
604.00	30	-0.3896	-0.3047	0.8467
605.00	30	-0.2917	-0.1531	0.8321
606.00	30	-0.1993	-0.1667	0.8668
607.00	30	-0.1412	-0.1769	0.8976
608.00	30	-0.1362	-0.1806	0.9001
609.00	30	0.0127	-0.2021	0.9035
610.00	30	0.0009	-0.1905	0.9011
611.00	30	-0.0006	-0.1911	0.8996
612.00	30	-0.0018	-0.1924	0.8951
613.00	30	-0.0033	-0.1930	0.8538
614.00	30	-0.0059	-0.1909	0.7518
615.00	30	-0.0077	-0.1891	0.7030
616.00	30	-0.0134	-0.1762	0.5058
617.00	30	-0.0154	-0.1650	0.3857
618.00	30	-0.0162	-0.1539	0.2870
619.00	30	-0.0049	-0.1291	0.1462
620.00	31	-0.9192	-0.8070	0.8271
621.00	31	-0.7633	-0.7051	0.8511
622.00	31	-0.6379	-0.5737	0.8543
623.00	31	-0.5264	-0.4383	0.8461
624.00	31	-0.3903	-0.3058	0.8480
625.00	31	-0.2909	-0.1572	0.8311
626.00	31	-0.2003	-0.1667	0.8667
627.00	31	-0.1410	-0.1769	0.8975
628.00	31	-0.1362	-0.1803	0.9005
629.00	31	0.0127	-0.2021	0.9035
630.00	31	0.0006	-0.1907	0.9009
631.00	31	-0.0010	-0.1912	0.8991
632.00	31	-0.0018	-0.1925	0.8942
633.00	31	-0.0037	-0.1929	0.8399
634.00	31	-0.0056	-0.1915	0.7699
635.00	31	-0.0090	-0.1866	0.6555
636.00	31	-0.0120	-0.1803	0.5585
637.00	31	-0.0146	-0.1713	0.4498
638.00	31	-0.0161	-0.1570	0.3145
639.00	31	-0.0049	-0.1291	0.1462
640.00	32	-0.9192	-0.8070	0.8271
641.00	32	-0.7621	-0.7039	0.8507
642.00	32	-0.6379	-0.5741	0.8542
643.00	32	-0.5277	-0.4426	0.8465
644.00	32	-0.3892	-0.3043	0.8460
645.00	32	-0.2912	-0.1547	0.8317
646.00	32	-0.2146	-0.1665	0.8649
647.00	32	-0.1401	-0.1772	0.8970
648.00	32	-0.1362	-0.1809	0.8998
649.00	32	0.0107	-0.2022	0.9055
650.00	32	0.0011	-0.1904	0.9013
651.00	32	-0.0013	-0.1916	0.8985
652.00	32	-0.0019	-0.1926	0.8932
653.00	32	-0.0036	-0.1930	0.8424
654.00	32	-0.0059	-0.1909	0.7518
655.00	32	-0.0092	-0.1862	0.6475
656.00	32	-0.0119	-0.1806	0.5625
657.00	32	-0.0150	-0.1687	0.4218
658.00	32	-0.0162	-0.1529	0.2792
659.00	32	-0.0049	-0.1291	0.1462
660.00	33	-0.9192	-0.8072	0.8272
661.00	33	-0.7645	-0.7067	0.8513
662.00	33	-0.6388	-0.5809	0.8540
663.00	33	-0.5256	-0.4361	0.8458
664.00	33	-0.3894	-0.3045	0.8464
665.00	33	-0.2917	-0.1528	0.8322
666.00	33	-0.2063	-0.1666	0.8660
667.00	33	-0.1419	-0.1766	0.8978
668.00	33	-0.1362	-0.1807	0.9000
669.00	33	0.0125	-0.2021	0.9037
670.00	33	0.0013	-0.1902	0.9014
671.00	33	-0.0012	-0.1915	0.8987
672.00	33	-0.0018	-0.1924	0.8951
673.00	33	-0.0034	-0.1930	0.8494
674.00	33	-0.0050	-0.1921	0.7937
675.00	33	-0.0084	-0.1875	0.6714
676.00	33	-0.0129	-0.1778	0.5259
677.00	33	-0.0146	-0.1713	0.4498
678.00	33	-0.0160	-0.1589	0.3302
679.00	33	-0.0049	-0.1291	0.1462
680.00	34	-0.9194	-0.8067	0.8269
681.00	34	-0.7616	-0.7032	0.8506
682.00	34	-0.6383	-0.5769	0.8541
683.00	34	-0.5259	-0.4369	0.8459
684.00	34	-0.3893	-0.3043	0.8461
685.00	34	-0.2919	-0.1522	0.8323
686.00	34	-0.2003	-0.1667	0.8667
687.00	34	-0.1423	-0.1765	0.8979
688.00	34	-0.1363	-0.1800	0.9007
689.00	34	0.0125	-0.2021	0.9037
690.00	34	0.0010	-0.1904	0.9012
691.00	34	-0.0011	-0.1913	0.8990
692.00	34	-0.0021	-0.1928	0.8883
693.00	34	-0.0028	-0.1931	0.8671
694.00	34	-0.0061	-0.1906	0.7445
695.00	34	-0.0100	-0.1844	0.6190
696.00	34	-0.0119	-0.1806	0.5625
697.00	34	-0.0147	-0.1706	0.4418
698.00	34	-0.0162	-0.1543	0.2909
699.00	34	-0.0049	-0.1291	0.1462
700.00	35	-0.9193	-0.8070	0.8271
701.00	35	-0.7605	-0.7019	0.8506
702.00	35	-0.6384	-0.5777	0.8540
703.00	35	-0.5260	-0.4374	0.8459
704.00	35	-0.3891	-0.3043	0.8455
705.00	35	-0.2920	-0.1519	0.8324
706.00	35	-0.2003	-0.1667	0.8667
707.00	35	-0.1409	-0.1770	0.8975
708.00	35	-0.1362	-0.1806	0.9001
709.00	35	0.0125	-0.2021	0.9037
710.00	35	-0.0001	-0.1910	0.9002
711.00	35	-0.0013	-0.1915	0.8986
712.00	35	-0.0023	-0.1930	0.8835
713.00	35	-0.0027	-0.1931	0.8687
714.00	35	-0.0055	-0.1916	0.7734
715.00	35	-0.0094	-0.1859	0.6434
716.00	35	-0.0129	-0.1778	0.5259
717.00	35	-0.0153	-0.1663	0.3977
718.00	35	-0.0161	-0.1491	0.2483
719.00	35	-0.0049	-0.1291	0.1462
720.00	36	-0.9194	-0.8066	0.8269
721.00	36	-0.7649	-0.7075	0.8512
722.00	36	-0.6379	-0.5752	0.8541
723.00	36	-0.5276	-0.4421	0.8465
724.00	36	-0.3896	-0.3047	0.8467
725.00	36	-0.2909	-0.1572	0.8311
726.00	36	-0.1993	-0.1667	0.8668
727.00	36	-0.1406	-0.1771	0.8973
728.00	36	-0.1363	-0.1801	0.9006
729.00	36	0.0129	-0.2021	0.9033
730.00	36	-0.0001	-0.1910	0.9002
731.00	36	-0.0010	-0.1912	0.8991
732.00	36	-0.0023	-0.1930	0.8846
733.00	36	-0.0041	-0.1928	0.8297
734.00	36	-0.0063	-0.1905	0.7408
735.00	36	-0.0086	-0.1873	0.6674
736.00	36	-0.0140	-0.1742	0.4818
737.00	36	-0.0148	-0.1698	0.4338
738.00	36	-0.0161	-0.1557	0.3027
739.00	36	-0.0049	-0.1291	0.1462
740.00	37	-0.9194	-0.8065	0.8269
741.00	37	-0.7613	-0.7029	0.8506
742.00	37	-0.6383	-0.5769	0.8541
743.00	37	-0.5277	-0.4426	0.8465
744.00	37	-0.3902	-0.3057	0.8479
745.00	37	-0.2917	-0.1531	0.8321
746.00	37	-0.2104	-0.1666	0.8654
747.00	37	-0.1428	-0.1763	0.8980
748.00	37	-0.1369	-0.1787	0.9023
749.00	37	0.0127	-0.2021	0.9035
750.00	37	0.0003	-0.1908	0.9006
751.00	37	-0.0013	-0.1916	0.8984
752.00	37	-0.0023	-0.1930	0.8835
753.00	37	-0.0032	-0.1931	0.8558
754.00	37	-0.0069	-0.1900	0.7259
755.00	37	-0.0095	-0.1854	0.6353
756.00	37	-0.0137	-0.1753	0.4939
757.00	37	-0.0153	-0.1658	0.3937
758.00	37	-0.0161	-0.1561	0.3066
759.00	37	-0.0049	-0.1291	0.1462
760.00	38	-0.9194	-0.8065	0.8269
761.00	38	-0.7642	-0.7063	0.8513
762.00	38	-0.6380	-0.5731	0.8543
763.00	38	-0.5254	-0.4356	0.8457
764.00	38	-0.3892	-0.3042	0.8457
765.00	38	-0.2920	-0.1519	0.8324
766.00	38	-0.1915	-0.1670	0.8675
767.00	38	-0.1424	-0.1765	0.8979
768.00	38	-0.1369	-0.1786	0.9025
769.00	38	0.0123	-0.2021	0.9039
770.00	38	0.0000	-0.1909	0.9003
771.00	38	-0.0014	-0.1918	0.8981
772.00	38	-0.0022	-0.1929	0.8865
773.00	38	-0.0032	-0.1931	0.8578
774.00	38	-0.0068	-0.1902	0.7297
775.00	38	-0.0102	-0.1839	0.6110
776.00	38	-0.0129	-0.1778	0.5259
777.00	38	-0.0152	-0.1667	0.4017
778.00	38	-0.0162	-0.1534	0.2831
779.00	38	-0.0049	-0.1291	0.1462
780.00	39	-0.9194	-0.8065	0.8269
781.00	39	-0.7610	-0.7025	0.8506
782.00	39	-0.6384	-0.5773	0.8540
783.00	39	-0.5274	-0.4416	0.8464
784.00	39	-0.3899	-0.3052	0.8473
785.00	39	-0.2928	-0.1501	0.8328
786.00	39	-0.2033	-0.1666	0.8663
787.00	39	-0.1422	-0.1766	0.8979
788.00	39	-0.1373	-0.1782	0.9030
789.00	39	0.0135	-0.2020	0.9025
790.00	39	0.0001	-0.1909	0.9004
791.00	39	-0.0013	-0.1916	0.8984
792.00	39	-0.0018	-0.1924	0.8946
793.00	39	-0.0031	-0.1931	0.8598
794.00	39	-0.0069	-0.1900	0.7259
795.00	39	-0.0101	-0.1841	0.6150
796.00	39	-0.0126	-0.1784	0.5340
797.00	39	-0.0158	-0.1611	0.3500
798.00	39	-0.0162	-0.1534	0.2831
799.00	39	-0.0049	-0.1291	0.1462
800.00	40	-0.9195	-0.8064	0.8269
801.00	40	-0.7637	-0.7055	0.8513
802.00	40	-0.6383	-0.5764	0.8541
803.00	40	-0.5274	-0.4416	0.8464
804.00	40	-0.3891	-0.3042	0.8456
805.00	40	-0.2918	-0.1525	0.8322
806.00	40	-0.1925	-0.1669	0.8674
807.00	40	-0.1431	-0.1763	0.8980
808.00	40	-0.1372	-0.1783	0.9029
809.00	40	0.0146	-0.2018	0.9011
810.00	40	0.0008	-0.1905	0.9011
811.00	40	-0.0014	-0.1919	0.8975
812.00	40	-0.0022	-0.1929	0.8865
813.00	40	-0.0045	-0.1926	0.8125
814.00	40	-0.0057	-0.1914	0.7664
815.00	40	-0.0109	-0.1825	0.5907
816.00	40	-0.0135	-0.1759	0.5019
817.00	40	-0.0157	-0.1615	0.3539
818.00	40	-0.0161	-0.1486	0.2444
819.00	40	-0.0049	-0.1291	0.1462
820.00	41	-0.9192	-0.8071	0.8271
821.00	41	-0.7613	-0.7029	0.8506
822.00	41	-0.6383	-0.5769	0.8541
823.00	41	-0.5270	-0.4402	0.8462
824.00	41	-0.3899	-0.3052	0.8473
825.00	41	-0.2920	-0.1519	0.8324
826.00	41	-0.2043	-0.1666	0.8662
827.00	41	-0.1413	-0.1769	0.8976
828.00	41	-0.1368	-0.1790	0.9021
829.00	41	0.0139	-0.2020	0.9019
830.00	41	0.0004	-0.1907	0.9008
831.00	41	-0.0012	-0.1913	0.8989
832.00	41	-0.0024	-0.1931	0.8813
833.00	41	-0.0041	-0.1928	0.8297
834.00	41	-0.0076	-0.1892	0.7068
835.00	41	-0.0102	-0.1839	0.6110
836.00	41	-0.0134	-0.1762	0.5058
837.00	41	-0.0154	-0.1655	0.3897
838.00	41	-0.0160	-0.1468	0.2294
839.00	41	-0.0049	-0.1291	0.1462
840.00	42	-0.9196	-0.8063	0.8270
841.00	42	-0.7624	-0.7042	0.8507
842.00	42	-0.6382	-0.5709	0.8547
843.00	42	-0.5244	-0.4327	0.8453
844.00	42	-0.3894	-0.3045	0.8464
845.00	42	-0.2913	-0.1544	0.8318
846.00	42	-0.1993	-0.1667	0.8668
847.00	42	-0.1427	-0.1764	0.8979
848.00	42	-0.1368	-0.1790	0.9021
849.00	42	0.0150	-0.2017	0.9006
850.00	42	0.0001	-0.1909	0.9004
851.00	42	-0.0013	-0.1917	0.8984
852.00	42	-0.0021	-0.1928	0.8891
853.00	42	-0.0038	-0.1928	0.8322
854.00	42	-0.0074	-0.1894	0.7107
855.00	42	-0.0092	-0.1862	0.6475
856.00	42	-0.0140	-0.1742	0.4818
857.00	42	-0.0157	-0.1615	0.3539
858.00	42	-0.0162	-0.1500	0.2559
859.00	42	-0.0049	-0.1291	0.1462
860.00	43	-0.9193	-0.8069	0.8271
861.00	43	-0.7628	-0.7044	0.8511
862.00	43	-0.6380	-0.5734	0.8543
863.00	43	-0.5262	-0.4379	0.8460
864.00	43	-0.3893	-0.3044	0.8463
865.00	43	-0.2919	-0.1522	0.8323
866.00	43	-0.2003	-0.1667	0.8667
867.00	43	-0.1428	-0.1763	0.8980
868.00	43	-0.1378	-0.1777	0.9038
869.00	43	0.0150	-0.2017	0.9006
870.00	43	0.0004	-0.1907	0.9008
871.00	43	-0.0013	-0.1916	0.8984
872.00	43	-0.0023	-0.1930	0.8835
873.00	43	-0.0041	-0.1928	0.8297
874.00	43	-0.0059	-0.1913	0.7629
875.00	43	-0.0104	-0.1836	0.6069
876.00	43	-0.0139	-0.1746	0.4858
877.00	43	-0.0158	-0.1611	0.3500
878.00	43	-0.0162	-0.1539	0.2870
879.00	43	-0.0049	-0.1291	0.1462
880.00	44	-0.9193	-0.8067	0.8268
881.00	44	-0.7624	-0.7042	0.8507
882.00	44	-0.6382	-0.5709	0.8547
883.00	44	-0.5265	-0.4388	0.8461
884.00	44	-0.3892	-0.3047	0.8447
885.00	44	-0.2918	-0.1525	0.8322
886.00	44	-0.1964	-0.1668	0.8671
887.00	44	-0.1429	-0.1763	0.8980
888.00	44	-0.1377	-0.1778	0.9037
889.00	44	0.0138	-0.2020	0.9021
890.00	44	0.0002	-0.1908	0.9005
891.00	44	-0.0014	-0.1918	0.8983
892.00	44	-0.0022	-0.1929	0.8865
893.00	44	-0.0035	-0.1930	0.8471
894.00	44	-0.0078	-0.1889	0.6991
895.00	44	-0.0101	-0.1841	0.6150
896.00	44	-0.0131	-0.1772	0.5179
897.00	44	-0.0155	-0.1637	0.3737
898.00	44	-0.0162	-0.1500	0.2559
899.00	44	-0.0049	-0.1291	0.1462
900.00	45	-0.9193	-0.8068	0.8269
901.00	45	-0.7621	-0.7039	0.8507
902.00	45	-0.6383	-0.5702	0.8549
903.00	45	-0.5245	-0.4331	0.8454
904.00	45	-0.3891	-0.3043	0.8453
905.00	45	-0.2939	-0.1491	0.8331
906.00	45	-0.2003	-0.1667	0.8667
907.00	45	-0.1425	-0.1764	0.8979
908.00	45	-0.1368	-0.1790	0.9021
909.00	45	0.0154	-0.2015	0.9000
910.00	45	-0.0001	-0.1909	0.9003
911.00	45	-0.0013	-0.1916	0.8985
912.00	45	-0.0026	-0.1931	0.8776
913.00	45	-0.0045	-0.1926	0.8125
914.00	45	-0.0071	-0.1897	0.7183
915.00	45	-0.0099	-0.1847	0.6231
916.00	45	-0.0138	-0.1749	0.4898
917.00	45	-0.0154	-0.1650	0.3857
918.00	45	-0.0162	-0.1510	0.2636
919.00	45	-0.0049	-0.1291	0.1462
920.00	46	-0.9194	-0.8066	0.8269
921.00	46	-0.7585	-0.6995	0.8509
922.00	46	-0.6381	-0.5716	0.8546
923.00	46	-0.5241	-0.4315	0.8451
924.00	46	-0.3892	-0.3050	0.8444
925.00	46	-0.2919	-0.1522	0.8323
926.00	46	-0.1954	-0.1668	0.8673
927.00	46	-0.1419	-0.1766	0.8978
928.00	46	-0.1378	-0.1777	0.9038
929.00	46	0.0156	-0.2013	0.8997
930.00	46	-0.0003	-0.1910	0.9000
931.00	46	-0.0012	-0.1914	0.8988
932.00	46	-0.0027	-0.1931	0.8719
933.00	46	-0.0050	-0.1921	0.7937
934.00	46	-0.0074	-0.1894	0.7107
935.00	46	-0.0105	-0.1833	0.6029
936.00	46	-0.0141	-0.1739	0.4778
937.00	46	-0.0156	-0.1633	0.3698
938.00	46	-0.0159	-0.1449	0.2149
939.00	46	-0.0049	-0.1291	0.1462
940.00	47	-0.9196	-0.8062	0.8270
941.00	47	-0.7585	-0.6995	0.8509
942.00	47	-0.6383	-0.5705	0.8548
943.00	47	-0.5246	-0.4334	0.8453
944.00	47	-0.3892	-0.3043	0.8459
945.00	47	-0.2919	-0.1522	0.8323
946.00	47	-0.1954	-0.1668	0.8673
947.00	47	-0.1432	-0.1762	0.8980
948.00	47	-0.1373	-0.1782	0.9030
949.00	47	0.0142	-0.2019	0.9016
950.00	47	-0.0002	-0.1910	0.9001
951.00	47	-0.0013	-0.1916	0.8984
952.00	47	-0.0023	-0.1929	0.8856
953.00	47	-0.0036	-0.1930	0.8424
954.00	47	-0.0076	-0.1892	0.7068
955.00	47	-0.0118	-0.1809	0.5666
956.00	47	-0.0145	-0.1717	0.4538
957.00	47	-0.0160	-0.1584	0.3263
958.00	47	-0.0158	-0.1440	0.2078
959.00	47	-0.0049	-0.1291	0.1462
960.00	48	-0.9194	-0.8066	0.8269
961.00	48	-0.7607	-0.7022	0.8506
962.00	48	-0.6379	-0.5741	0.8542
963.00	48	-0.5246	-0.4334	0.8453
964.00	48	-0.3894	-0.3054	0.8441
965.00	48	-0.2917	-0.1531	0.8321
966.00	48	-0.1896	-0.1671	0.8676
967.00	48	-0.1428	-0.1763	0.8980
968.00	48	-0.1383	-0.1774	0.9043
969.00	48	0.0147	-0.2018	0.9009
970.00	48	0.0002	-0.1908	0.9005
971.00	48	-0.0014	-0.1918	0.8978
972.00	48	-0.0026	-0.1931	0.8749
973.00	48	-0.0036	-0.1930	0.8424
974.00	48	-0.0061	-0.1906	0.7445
975.00	48	-0.0102	-0.1839	0.6110
976.00	48	-0.0146	-0.1713	0.4498
977.00	48	-0.0154	-0.1646	0.3817
978.00	48	-0.0162	-0.1519	0.2714
979.00	48	-0.0049	-0.1291	0.1462
980.00	49	-0.9197	-0.8062	0.8271
981.00	49	-0.7583	-0.6994	0.8510
982.00	49	-0.6381	-0.5716	0.8546
983.00	49	-0.5239	-0.4306	0.8450
984.00	49	-0.3891	-0.3043	0.8453
985.00	49	-0.2923	-0.1512	0.8325
986.00	49	-0.1964	-0.1668	0.8671
987.00	49	-0.1424	-0.1765	0.8979
988.00	49	-0.1377	-0.1778	0.9037
989.00	49	0.0155	-0.2014	0.8999
990.00	49	-0.0008	-0.1912	0.8994
991.00	49	-0.0017	-0.1923	0.8962
992.00	49	-0.0021	-0.1928	0.8883
993.00	49	-0.0041	-0.1928	0.8297
994.00	49	-0.0081	-0.1884	0.6873
995.00	49	-0.0106	-0.1831	0.5988
996.00	49	-0.0135	-0.1759	0.5019
997.00	49	-0.0157	-0.1620	0.3579
998.00	49	-0.0159	-0.1445	0.2113
999.00	49	-0.0049	-0.1291	0.1462
1000.00	50	-0.9196	-0.8063	0.8270
1001.00	50	-0.7610	-0.7025	0.8506
1002.00	50	-0.6380	-0.5728	0.8543
1003.00	50	-0.5241	-0.4315	0.8451
1004.00	50	-0.3891	-0.3044	0.8452
1005.00	50	-0.2928	-0.1501	0.8328
1006.00	50	-0.1849	-0.1673	0.8676
1007.00	50	-0.1430	-0.1763	0.8980
1008.00	50	-0.1383	-0.1774	0.9043
1009.00	50	0.0147	-0.2018	0.9009
1010.00	50	-0.0003	-0.1910	0.9000
1011.00	50	-0.0013	-0.1916	0.8984
1012.00	50	-0.0026	-0.1931	0.8749
1013.00	50	-0.0046	-0.1924	0.8064
1014.00	50	-0.0070	-0.1899	0.7221
1015.00	50	-0.0108	-0.1828	0.5947
1016.00	50	-0.0141	-0.1735	0.4738
1017.00	50	-0.0160	-0.1584	0.3263
1018.00	50	-0.0161	-0.1472	0.2331
1019.00	50	-0.0049	-0.1291	0.1462
1020.00	51	-0.9197	-0.8061	0.8272
1021.00	51	-0.7590	-0.7000	0.8508
1022.00	51	-0.6386	-0.5694	0.8552
1023.00	51	-0.5257	-0.4365	0.8458
1024.00	51	-0.3891	-0.3043	0.8453
1025.00	51	-0.2947	-0.1486	0.8332
1026.00	51	-0.1896	-0.1671	0.8676
1027.00	51	-0.1424	-0.1765	0.8979
1028.00	51	-0.1373	-0.1782	0.9030
1029.00	51	0.0150	-0.2017	0.9006
1030.00	51	0.0000	-0.1909	0.9003
1031.00	51	-0.0014	-0.1919	0.8975
1032.00	51	-0.0025	-0.1931	0.8789
1033.00	51	-0.0051	-0.1921	0.7904
1034.00	51	-0.0073	-0.1896	0.7145
1035.00	51	-0.0109	-0.1825	0.5907
1036.00	51	-0.0137	-0.1753	0.4939
1037.00	51	-0.0160	-0.1575	0.3185
1038.00	51	-0.0160	-0.1463	0.2258
1039.00	51	-0.0049	-0.1291	0.1462
1040.00	52	-0.9194	-0.8067	0.8269
1041.00	52	-0.7582	-0.6992	0.8510
1042.00	52	-0.6386	-0.5692	0.8553
1043.00	52	-0.5244	-0.4324	0.8453
1044.00	52	-0.3894	-0.3054	0.8441
1045.00	52	-0.2955	-0.1482	0.8334
1046.00	52	-0.1935	-0.1669	0.8674
1047.00	52	-0.1436	-0.1760	0.8979
1048.00	52	-0.1379	-0.1776	0.9039
1049.00	52	0.0158	-0.2012	0.8995
1050.00	52	-0.0011	-0.1913	0.8991
1051.00	52	-0.0014	-0.1918	0.8983
1052.00	52	-0.0023	-0.1930	0.8846
1053.00	52	-0.0048	-0.1923	0.8001
1054.00	52	-0.0086	-0.1873	0.6674
1055.00	52	-0.0112	-0.1819	0.5826
1056.00	52	-0.0146	-0.1713	0.4498
1057.00	52	-0.0161	-0.1557	0.3027
1058.00	52	-0.0161	-0.1486	0.2444
1059.00	52	-0.0049	-0.1291	0.1462
1060.00	53	-0.9197	-0.8060	0.8272
1061.00	53	-0.7585	-0.6995	0.8509
1062.00	53	-0.6383	-0.5702	0.8549
1063.00	53	-0.5240	-0.4308	0.8450
1064.00	53	-0.3897	-0.3064	0.8435
1065.00	53	-0.2957	-0.1480	0.8334
1066.00	53	-0.1935	-0.1669	0.8674
1067.00	53	-0.1429	-0.1763	0.8980
1068.00	53	-0.1376	-0.1778	0.9035
1069.00	53	0.0152	-0.2016	0.9003
1070.00	53	-0.0010	-0.1912	0.8991
1071.00	53	-0.0018	-0.1924	0.8954
1072.00	53	-0.0028	-0.1931	0.8671
1073.00	53	-0.0048	-0.1923	0.8001
1074.00	53	-0.0086	-0.1873	0.6674
1075.00	53	-0.0105	-0.1833	0.6029
1076.00	53	-0.0144	-0.1721	0.4578
1077.00	53	-0.0157	-0.1624	0.3619
1078.00	53	-0.0161	-0.1486	0.2444
1079.00	53	-0.0049	-0.1291	0.1462
1080.00	54	-0.9196	-0.8063	0.8270
1081.00	54	-0.7590	-0.7000	0.8508
1082.00	54	-0.6382	-0.5709	0.8547
1083.00	54	-0.5239	-0.4306	0.8450
1084.00	54	-0.3892	-0.3047	0.8447
1085.00	54	-0.2932	-0.1497	0.8330
1086.00	54	-0.1944	-0.1669	0.8673
1087.00	54	-0.1429	-0.1763	0.8980
1088.00	54	-0.1389	-0.1771	0.9048
1089.00	54	0.0162	-0.2007	0.8990
1090.00	54	-0.0006	-0.1911	0.8996
1091.00	54	-0.0018	-0.1924	0.8951
1092.00	54	-0.0032	-0.1931	0.8578
1093.00	54	-0.0042	-0.1928	0.8270
1094.00	54	-0.0084	-0.1875	0.6714
1095.00	54	-0.0121	-0.1800	0.5544
1096.00	54	-0.0147	-0.1706	0.4418
1097.00	54	-0.0160	-0.1575	0.3185
1098.00	54	-0.0153	-0.1416	0.1879
1099.00	54	-0.0049	-0.1291	0.1462
1100.00	55	-0.9197	-0.8061	0.8272
1101.00	55	-0.7575	-0.6987	0.8513
1102.00	55	-0.6380	-0.5721	0.8545
1103.00	55	-0.5236	-0.4292	0.8449
1104.00	55	-0.3892	-0.3046	0.8448
1105.00	55	-0.2957	-0.1480	0.8334
1106.00	55	-0.1759	-0.1682	0.8670
1107.00	55	-0.1430	-0.1763	0.8980
1108.00	55	-0.1375	-0.1780	0.9033
1109.00	55	0.0154	-0.2015	0.9000
1110.00	55	-0.0004	-0.1910	0.8999
1111.00	55	-0.0019	-0.1926	0.8937
1112.00	55	-0.0027	-0.1931	0.8687
1113.00	55	-0.0047	-0.1924	0.8033
1114.00	55	-0.0077	-0.1891	0.7030
1115.00	55	-0.0120	-0.1803	0.5585
1116.00	55	-0.0147	-0.1702	0.4378
1117.00	55	-0.0158	-0.1611	0.3500
1118.00	55	-0.0153	-0.1416	0.1879
1119.00	55	-0.0049	-0.1291	0.1462
1120.00	56	-0.9196	-0.8063	0.8270
1121.00	56	-0.7588	-0.6998	0.8509
1122.00	56	-0.6381	-0.5716	0.8546
1123.00	56	-0.5244	-0.4324	0.8453
1124.00	56	-0.3891	-0.3045	0.8449
1125.00	56	-0.2957	-0.1480	0.8334
1126.00	56	-0.1830	-0.1674	0.8676
1127.00	56	-0.1429	-0.1763	0.8980
1128.00	56	-0.1384	-0.1773	0.9044
1129.00	56	0.0159	-0.2011	0.8994
1130.00	56	-0.0012	-0.1913	0.8989
1131.00	56	-0.0014	-0.1918	0.8978
1132.00	56	-0.0029	-0.1931	0.8653
1133.00	56	-0.0059	-0.1913	0.7629
1134.00	56	-0.0071	-0.1897	0.7183
1135.00	56	-0.0125	-0.1787	0.5380
1136.00	56	-0.0152	-0.1671	0.4057
1137.00	56	-0.0162	-0.1548	0.2948
1138.00	56	-0.0150	-0.1408	0.1817
1139.00	56	-0.0049	-0.1291	0.1462
1140.00	57	-0.9194	-0.8065	0.8268
1141.00	57	-0.7585	-0.6995	0.8509
1142.00	57	-0.6386	-0.5692	0.8553
1143.00	57	-0.5245	-0.4331	0.8454
1144.00	57	-0.3900	-0.3075	0.8430
1145.00	57	-0.2963	-0.1478	0.8335
1146.00	57	-0.1840	-0.1673	0.8676
1147.00	57	-0.1434	-0.1761	0.8980
1148.00	57	-0.1379	-0.1776	0.9039
1149.00	57	0.0155	-0.2014	0.8999
1150.00	57	-0.0010	-0.1912	0.8992
1151.00	57	-0.0014	-0.1919	0.8977
1152.00	57	-0.0032	-0.1931	0.8558
1153.00	57	-0.0054	-0.1918	0.7803
1154.00	57	-0.0092	-0.1862	0.6475
1155.00	57	-0.0129	-0.1778	0.5259
1156.00	57	-0.0150	-0.1687	0.4218
1157.00	57	-0.0160	-0.1579	0.3224
1158.00	57	-0.0158	-0.1440	0.2078
1159.00	57	-0.0049	-0.1291	0.1462
1160.00	58	-0.9197	-0.8062	0.8271
1161.00	58	-0.7582	-0.6992	0.8510
1162.00	58	-0.6383	-0.5705	0.8548
1163.00	58	-0.5236	-0.4292	0.8449
1164.00	58	-0.3891	-0.3045	0.8449
1165.00	58	-0.2971	-0.1475	0.8336
1166.00	58	-0.1830	-0.1674	0.8676
1167.00	58	-0.1433	-0.1762	0.8980
1168.00	58	-0.1386	-0.1773	0.9045
1169.00	58	0.0154	-0.2015	0.9000
1170.00	58	-0.0010	-0.1912	0.8991
1171.00	58	-0.0017	-0.1923	0.8965
1172.00	58	-0.0034	-0.1930	0.8494
1173.00	58	-0.0050	-0.1921	0.7937
1174.00	58	-0.0094	-0.1859	0.6434
1175.00	58	-0.0123	-0.1793	0.5462
1176.00	58	-0.0150	-0.1683	0.4178
1177.00	58	-0.0160	-0.1589	0.3302
1178.00	58	-0.0158	-0.1436	0.2044
1179.00	58	-0.0049	-0.1291	0.1462
1180.00	59	-0.9197	-0.8061	0.8272
1181.00	59	-0.7569	-0.6983	0.8516
1182.00	59	-0.6382	-0.5711	0.8547
1183.00	59	-0.5233	-0.4284	0.8449
1184.00	59	-0.3892	-0.3050	0.8444
1185.00	59	-0.2978	-0.1473	0.8338
1186.00	59	-0.1726	-0.1688	0.8666
1187.00	59	-0.1440	-0.1757	0.8978
1188.00	59	-0.1384	-0.1773	0.9044
1189.00	59	0.0163	-0.2004	0.8988
1190.00	59	-0.0011	-0.1913	0.8990
1191.00	59	-0.0016	-0.1922	0.8970
1192.00	59	-0.0034	-0.1930	0.8494
1193.00	59	-0.0047	-0.1924	0.8033
1194.00	59	-0.0077	-0.1891	0.7030
1195.00	59	-0.0126	-0.1784	0.5340
1196.00	59	-0.0151	-0.1679	0.4137
1197.00	59	-0.0161	-0.1557	0.3027
1198.00	59	-0.0150	-0.1408	0.1817
1199.00	59	-0.0049	-0.1291	0.1462
1200.00	60	-0.9198	-0.8059	0.8274
1201.00	60	-0.7590	-0.7000	0.8508
1202.00	60	-0.6388	-0.5690	0.8554
1203.00	60	-0.5243	-0.4321	0.8452
1204.00	60	-0.3899	-0.3070	0.8432
1205.00	60	-0.2944	-0.1487	0.8332
1206.00	60	-0.1742	-0.1685	0.8668
1207.00	60	-0.1440	-0.1757	0.8978
1208.00	60	-0.1391	-0.1770	0.9051
1209.00	60	0.0164	-0.2002	0.8987
1210.00	60	-0.0012	-0.1913	0.8989
1211.00	60	-0.0019	-0.1926	0.8926
1212.00	60	-0.0030	-0.1931	0.8636
1213.00	60	-0.0054	-0.1910	0.7586
1214.00	60	-0.0083	-0.1877	0.6753
1215.00	60	-0.0116	-0.1811	0.5705
1216.00	60	-0.0148	-0.1694	0.4298
1217.00	60	-0.0162	-0.1539	0.2870
1218.00	60	-0.0139	-0.1381	0.1642
1219.00	60	-0.0049	-0.1291	0.1462
1220.00	61	-0.9196	-0.8062	0.8270
1221.00	61	-0.7567	-0.6982	0.8519
1222.00	61	-0.6390	-0.5689	0.8555
1223.00	61	-0.5243	-0.4321	0.8452
1224.00	61	-0.3901	-0.3080	0.8428
1225.00	61	-0.2966	-0.1477	0.8335
1226.00	61	-0.1830	-0.1674	0.8676
1227.00	61	-0.1441	-0.1756	0.8977
1228.00	61	-0.1394	-0.1768	0.9053
1229.00	61	0.0160	-0.2009	0.8992
1230.00	61	-0.0013	-0.1915	0.8986
1231.00	61	-0.0020	-0.1927	0.8913
1232.00	61	-0.0027	-0.1931	0.8719
1233.00	61	-0.0060	-0.1907	0.7482
1234.00	61	-0.0087	-0.1871	0.6634
1235.00	61	-0.0135	-0.1759	0.5019
1236.00	61	-0.0150	-0.1687	0.4218
1237.00	61	-0.0161	-0.1566	0.3106
1238.00	61	-0.0154	-0.1420	0.1911
1239.00	61	-0.0049	-0.1291	0.1462
1240.00	62	-0.9196	-0.8063	0.8270
1241.00	62	-0.7569	-0.6983	0.8516
1242.00	62	-0.6394	-0.5687	0.8556
1243.00	62	-0.5239	-0.4304	0.8450
1244.00	62	-0.3900	-0.3075	0.8430
1245.00	62	-0.2981	-0.1472	0.8338
1246.00	62	-0.1718	-0.1690	0.8665
1247.00	62	-0.1436	-0.1760	0.8979
1248.00	62	-0.1393	-0.1769	0.9052
1249.00	62	0.0163	-0.2005	0.8989
1250.00	62	-0.0012	-0.1914	0.8989
1251.00	62	-0.0022	-0.1929	0.8865
1252.00	62	-0.0031	-0.1931	0.8598
1253.00	62	-0.0059	-0.1909	0.7518
1254.00	62	-0.0080	-0.1885	0.6913
1255.00	62	-0.0128	-0.1781	0.5300
1256.00	62	-0.0146	-0.1713	0.4498
1257.00	62	-0.0162	-0.1529	0.2792
1258.00	62	-0.0141	-0.1386	0.1670
1259.00	62	-0.0049	-0.1291	0.1462
1260.00	63	-0.9198	-0.8058	0.8275
1261.00	63	-0.7575	-0.6987	0.8513
1262.00	63	-0.6386	-0.5692	0.8553
1263.00	63	-0.5234	-0.4288	0.8449
1264.00	63	-0.3895	-0.3057	0.8439
1265.00	63	-0.2947	-0.1486	0.8332
1266.00	63	-0.1811	-0.1675	0.8675
1267.00	63	-0.1438	-0.1759	0.8979
1268.00	63	-0.1403	-0.1766	0.9062
1269.00	63	0.0157	-0.2013	0.8996
1270.00	63	-0.0007	-0.1911	0.8995
1271.00	63	-0.0017	-0.1923	0.8962
1272.00	63	-0.0029	-0.1931	0.8653
1273.00	63	-0.0066	-0.1905	0.7372
1274.00	63	-0.0087	-0.1871	0.6634
1275.00	63	-0.0135	-0.1759	0.5019
1276.00	63	-0.0146	-0.1713	0.4498
1277.00	63	-0.0161	-0.1566	0.3106
1278.00	63	-0.0154	-0.1420	0.1911
1279.00	63	-0.0049	-0.1291	0.1462
1280.00	64	-0.9197	-0.8060	0.8272
1281.00	64	-0.7582	-0.6992	0.8510
1282.00	64	-0.6395	-0.5687	0.8556
1283.00	64	-0.5234	-0.4288	0.8449
1284.00	64	-0.3899	-0.3072	0.8431
1285.00	64	-0.2976	-0.1474	0.8337
1286.00	64	-0.1803	-0.1676	0.8674
1287.00	64	-0.1436	-0.1760	0.8979
1288.00	64	-0.1389	-0.1771	0.9048
1289.00	64	0.0157	-0.2013	0.8996
1290.00	64	-0.0010	-0.1912	0.8991
1291.00	64	-0.0019	-0.1926	0.8926
1292.00	64	-0.0031	-0.1931	0.8598
1293.00	64	-0.0068	-0.1902	0.7297
1294.00	64	-0.0081	-0.1884	0.6873
1295.00	64	-0.0133	-0.1766	0.5098
1296.00	64	-0.0156	-0.1633	0.3698
1297.00	64	-0.0162	-0.1524	0.2753
1298.00	64	-0.0134	-0.1370	0.1565
1299.00	64	-0.0049	-0.1291	0.1462
1300.00	65	-0.9199	-0.8059	0.8275
1301.00	65	-0.7565	-0.6982	0.8522
1302.00	65	-0.6397	-0.5687	0.8556
1303.00	65	-0.5238	-0.4301	0.8449
1304.00	65	-0.3901	-0.3077	0.8429
1305.00	65	-0.2978	-0.1473	0.8338
1306.00	65	-0.1811	-0.1675	0.8675
1307.00	65	-0.1439	-0.1758	0.8978
1308.00	65	-0.1410	-0.1764	0.9069
1309.00	65	0.0158	-0.2012	0.8995
1310.00	65	-0.0013	-0.1916	0.8985
1311.00	65	-0.0022	-0.1929	0.8865
1312.00	65	-0.0038	-0.1928	0.8322
1313.00	65	-0.0059	-0.1909	0.7518
1314.00	65	-0.0102	-0.1839	0.6110
1315.00	65	-0.0123	-0.1793	0.5462
1316.00	65	-0.0151	-0.1675	0.4097
1317.00	65	-0.0162	-0.1505	0.2598
1318.00	65	-0.0155	-0.1424	0.1943
1319.00	65	-0.0049	-0.1291	0.1462
1320.00	66	-0.9199	-0.8057	0.8276
1321.00	66	-0.7574	-0.6986	0.8513
1322.00	66	-0.6390	-0.5689	0.8555
1323.00	66	-0.5236	-0.4292	0.8449
1324.00	66	-0.3895	-0.3059	0.8438
1325.00	66	-0.2963	-0.1478	0.8335
1326.00	66	-0.1701	-0.1693	0.8662
1327.00	66	-0.1436	-0.1760	0.8979
1328.00	66	-0.1393	-0.1769	0.9052
1329.00	66	0.0164	-0.1999	0.8987
1330.00	66	-0.0012	-0.1913	0.8989
1331.00	66	-0.0023	-0.1929	0.8856
1332.00	66	-0.0028	-0.1931	0.8671
1333.00	66	-0.0066	-0.1905	0.7372
1334.00	66	-0.0100	-0.1844	0.6190
1335.00	66	-0.0126	-0.1784	0.5340
1336.00	66	-0.0151	-0.1675	0.4097
1337.00	66	-0.0162	-0.1524	0.2753
1338.00	66	-0.0141	-0.1386	0.1670
1339.00	66	-0.0049	-0.1291	0.1462
1340.00	67	-0.9197	-0.8062	0.8271
1341.00	67	-0.7564	-0.6983	0.8526
1342.00	67	-0.6384	-0.5697	0.8551
1343.00	67	-0.5238	-0.4301	0.8449
1344.00	67	-0.3896	-0.3061	0.8437
1345.00	67	-0.2973	-0.1475	0.8337
1346.00	67	-0.1759	-0.1682	0.8670
1347.00	67	-0.1440	-0.1757	0.8978
1348.00	67	-0.1397	-0.1767	0.9056
1349.00	67	0.0163	-0.2005	0.8989
1350.00	67	-0.0011	-0.1913	0.8990
1351.00	67	-0.0020	-0.1927	0.8913
1352.00	67	-0.0037	-0.1929	0.8374
1353.00	67	-0.0054	-0.1918	0.7803
1354.00	67	-0.0105	-0.1833	0.6029
1355.00	67	-0.0138	-0.1749	0.4898
1356.00	67	-0.0151	-0.1679	0.4137
1357.00	67	-0.0161	-0.1486	0.2444
1358.00	67	-0.0141	-0.1386	0.1670
1359.00	67	-0.0049	-0.1291	0.1462
1360.00	68	-0.9197	-0.8060	0.8272
1361.00	68	-0.7564	-0.6982	0.8523
1362.00	68	-0.6409	-0.5690	0.8558
1363.00	68	-0.5237	-0.4297	0.8449
1364.00	68	-0.3902	-0.3086	0.8426
1365.00	68	-0.2957	-0.1480	0.8334
1366.00	68	-0.1701	-0.1693	0.8662
1367.00	68	-0.1440	-0.1757	0.8978
1368.00	68	-0.1411	-0.1763	0.9070
1369.00	68	0.0164	-0.2001	0.8987
1370.00	68	-0.0014	-0.1918	0.8982
1371.00	68	-0.0024	-0.1930	0.8825
1372.00	68	-0.0032	-0.1931	0.8578
1373.00	68	-0.0058	-0.1910	0.7554
1374.00	68	-0.0102	-0.1839	0.6110
1375.00	68	-0.0129	-0.1778	0.5259
1376.00	68	-0.0157	-0.1615	0.3539
1377.00	68	-0.0161	-0.1557	0.3027
1378.00	68	-0.0139	-0.1381	0.1642
1379.00	68	-0.0049	-0.1291	0.1462
1380.00	69	-0.9199	-0.8058	0.8275
1381.00	69	-0.7563	-0.6984	0.8529
1382.00	69	-0.6402	-0.5688	0.8558
1383.00	69	-0.5235	-0.4290	0.8449
1384.00	69	-0.3901	-0.3080	0.8428
1385.00	69	-0.2973	-0.1475	0.8337
1386.00	69	-0.1776	-0.1679	0.8672
1387.00	69	-0.1442	-0.1754	0.8975
1388.00	69	-0.1413	-0.1763	0.9071
1389.00	69	0.0165	-0.1988	0.8984
1390.00	69	-0.0012	-0.1914	0.8988
1391.00	69	-0.0022	-0.1928	0.8874
1392.00	69	-0.0031	-0.1931	0.8598
1393.00	69	-0.0059	-0.1909	0.7518
1394.00	69	-0.0109	-0.1825	0.5907
1395.00	69	-0.0128	-0.1781	0.5300
1396.00	69	-0.0153	-0.1658	0.3937
1397.00	69	-0.0162	-0.1510	0.2636
1398.00	69	-0.0150	-0.1408	0.1817
1399.00	69	-0.0049	-0.1291	0.1462
1400.00	70	-0.9197	-0.8060	0.8273
1401.00	70	-0.7564	-0.6983	0.8526
1402.00	70	-0.6407	-0.5689	0.8558
1403.00	70	-0.5232	-0.4283	0.8448
1404.00	70	-0.3900	-0.3075	0.8430
1405.00	70	-0.3008	-0.1465	0.8342
1406.00	70	-0.1669	-0.1699	0.8657
1407.00	70	-0.1443	-0.1753	0.8974
1408.00	70	-0.1406	-0.1765	0.9065
1409.00	70	0.0164	-0.2002	0.8987
1410.00	70	-0.0013	-0.1915	0.8986
1411.00	70	-0.0019	-0.1926	0.8937
1412.00	70	-0.0037	-0.1929	0.8399
1413.00	70	-0.0059	-0.1913	0.7629
1414.00	70	-0.0100	-0.1844	0.6190
1415.00	70	-0.0129	-0.1778	0.5259
1416.00	70	-0.0153	-0.1658	0.3937
1417.00	70	-0.0161	-0.1486	0.2444
1418.00	70	-0.0154	-0.1420	0.1911
1419.00	70	-0.0049	-0.1291	0.1462
1420.00	71	-0.9199	-0.8058	0.8275
1421.00	71	-0.7571	-0.6984	0.8515
1422.00	71	-0.6420	-0.5695	0.8558
1423.00	71	-0.5232	-0.4276	0.8450
1424.00	71	-0.3897	-0.3066	0.8434
1425.00	71	-0.2989	-0.1470	0.8339
1426.00	71	-0.1661	-0.1700	0.8656
1427.00	71	-0.1440	-0.1757	0.8978
1428.00	71	-0.1393	-0.1769	0.9052
1429.00	71	0.0163	-0.2004	0.8988
1430.00	71	-0.0014	-0.1918	0.8981
1431.00	71	-0.0024	-0.1931	0.8813
1432.00	71	-0.0042	-0.1928	0.8270
1433.00	71	-0.0066	-0.1905	0.7372
1434.00	71	-0.0101	-0.1841	0.6150
1435.00	71	-0.0130	-0.1775	0.5219
1436.00	71	-0.0155	-0.1637	0.3737
1437.00	71	-0.0162	-0.1552	0.2987
1438.00	71	-0.0135	-0.1373	0.1589
1439.00	71	-0.0049	-0.1291	0.1462
1440.00	72	-0.9198	-0.8059	0.8275
1441.00	72	-0.7568	-0.6982	0.8518
1442.00	72	-0.6420	-0.5695	0.8558
1443.00	72	-0.5235	-0.4275	0.8453
1444.00	72	-0.3902	-0.3082	0.8427
1445.00	72	-0.2966	-0.1477	0.8335
1446.00	72	-0.1661	-0.1700	0.8656
1447.00	72	-0.1439	-0.1758	0.8978
1448.00	72	-0.1402	-0.1766	0.9061
1449.00	72	0.0163	-0.2005	0.8989
1450.00	72	-0.0011	-0.1913	0.8990
1451.00	72	-0.0024	-0.1930	0.8825
1452.00	72	-0.0033	-0.1930	0.8538
1453.00	72	-0.0060	-0.1907	0.7482
1454.00	72	-0.0095	-0.1854	0.6353
1455.00	72	-0.0141	-0.1735	0.4738
1456.00	72	-0.0153	-0.1663	0.3977
1457.00	72	-0.0161	-0.1481	0.2406
1458.00	72	-0.0132	-0.1366	0.1540
1459.00	72	-0.0049	-0.1291	0.1462
1460.00	73	-0.9200	-0.8055	0.8278
1461.00	73	-0.7565	-0.6982	0.8522
1462.00	73	-0.6392	-0.5687	0.8555
1463.00	73	-0.5232	-0.4276	0.8450
1464.00	73	-0.3901	-0.3089	0.8425
1465.00	73	-0.2992	-0.1469	0.8339
1466.00	73	-0.1677	-0.1697	0.8658
1467.00	73	-0.1443	-0.1753	0.8974
1468.00	73	-0.1420	-0.1762	0.9078
1469.00	73	0.0162	-0.2006	0.8989
1470.00	73	-0.0014	-0.1918	0.8978
1471.00	73	-0.0026	-0.1931	0.8762
1472.00	73	-0.0033	-0.1930	0.8538
1473.00	73	-0.0074	-0.1894	0.7107
1474.00	73	-0.0096	-0.1851	0.6312
1475.00	73	-0.0145	-0.1717	0.4538
1476.00	73	-0.0158	-0.1611	0.3500
1477.00	73	-0.0161	-0.1481	0.2406
1478.00	73	-0.0126	-0.1341	0.1485
1479.00	73	-0.0049	-0.1291	0.1462
1480.00	74	-0.9198	-0.8058	0.8275
1481.00	74	-0.7562	-0.6988	0.8536
1482.00	74	-0.6392	-0.5687	0.8555
1483.00	74	-0.5232	-0.4281	0.8448
1484.00	74	-0.3900	-0.3094	0.8424
1485.00	74	-0.3016	-0.1464	0.8344
1486.00	74	-0.1685	-0.1696	0.8660
1487.00	74	-0.1441	-0.1756	0.8977
1488.00	74	-0.1413	-0.1763	0.9071
1489.00	74	0.0165	-0.1994	0.8985
1490.00	74	-0.0013	-0.1917	0.8984
1491.00	74	-0.0022	-0.1928	0.8874
1492.00	74	-0.0036	-0.1930	0.8448
1493.00	74	-0.0059	-0.1913	0.7629
1494.00	74	-0.0108	-0.1828	0.5947
1495.00	74	-0.0137	-0.1753	0.4939
1496.00	74	-0.0160	-0.1589	0.3302
1497.00	74	-0.0160	-0.1463	0.2258
1498.00	74	-0.0144	-0.1395	0.1727
1499.00	74	-0.0049	-0.1291	0.1462
1500.00	75	-0.9200	-0.8056	0.8278
1501.00	75	-0.7562	-0.6990	0.8540
1502.00	75	-0.6409	-0.5690	0.8558
1503.00	75	-0.5236	-0.4276	0.8454
1504.00	75	-0.3885	-0.3115	0.8419
1505.00	75	-0.3018	-0.1464	0.8345
1506.00	75	-0.1710	-0.1691	0.8664
1507.00	75	-0.1442	-0.1750	0.8969
1508.00	75	-0.1408	-0.1764	0.9067
1509.00	75	0.0163	-0.2003	0.8988
1510.00	75	-0.0013	-0.1917	0.8984
1511.00	75	-0.0027	-0.1931	0.8719
1512.00	75	-0.0041	-0.1928	0.8297
1513.00	75	-0.0071	-0.1897	0.7183
1514.00	75	-0.0095	-0.1854	0.6353
1515.00	75	-0.0144	-0.1724	0.4618
1516.00	75	-0.0160	-0.1589	0.3302
1517.00	75	-0.0160	-0.1463	0.2258
1518.00	75	-0.0130	-0.1362	0.1516
1519.00	75	-0.0049	-0.1291	0.1462
1520.00	76	-0.9200	-0.8056	0.8278
1521.00	76	-0.7561	-0.6993	0.8544
1522.00	76	-0.6418	-0.5694	0.8558
1523.00	76	-0.5235	-0.4275	0.8453
1524.00	76	-0.3901	-0.3080	0.8428
1525.00	76	-0.2981	-0.1472	0.8338
1526.00	76	-0.1701	-0.1693	0.8662
1527.00	76	-0.1442	-0.1750	0.8970
1528.00	76	-0.1410	-0.1764	0.9069
1529.00	76	0.0165	-0.1991	0.8984
1530.00	76	-0.0017	-0.1923	0.8962
1531.00	76	-0.0020	-0.1927	0.8906
1532.00	76	-0.0035	-0.1930	0.8471
1533.00	76	-0.0061	-0.1906	0.7445
1534.00	76	-0.0106	-0.1831	0.5988
1535.00	76	-0.0145	-0.1717	0.4538
1536.00	76	-0.0153	-0.1663	0.3977
1537.00	76	-0.0159	-0.1449	0.2149
1538.00	76	-0.0139	-0.1381	0.1642
1539.00	76	-0.0049	-0.1291	0.1462
1540.00	77	-0.9199	-0.8058	0.8275
1541.00	77	-0.7561	-0.6993	0.8544
1542.00	77	-0.6404	-0.5688	0.8558
1543.00	77	-0.5232	-0.4280	0.8449
1544.00	77	-0.3899	-0.3097	0.8423
1545.00	77	-0.3005	-0.1466	0.8342
1546.00	77	-0.1595	-0.1714	0.8644
1547.00	77	-0.1442	-0.1750	0.8969
1548.00	77	-0.1415	-0.1763	0.9073
1549.00	77	0.0164	-0.2002	0.8987
1550.00	77	-0.0016	-0.1922	0.8968
1551.00	77	-0.0027	-0.1931	0.8719
1552.00	77	-0.0043	-0.1926	0.8184
1553.00	77	-0.0066	-0.1905	0.7372
1554.00	77	-0.0110	-0.1822	0.5867
1555.00	77	-0.0137	-0.1753	0.4939
1556.00	77	-0.0155	-0.1642	0.3777
1557.00	77	-0.0162	-0.1500	0.2559
1558.00	77	-0.0126	-0.1341	0.1485
1559.00	77	-0.0049	-0.1291	0.1462
1560.00	78	-0.9199	-0.8057	0.8276
1561.00	78	-0.7563	-0.6984	0.8529
1562.00	78	-0.6415	-0.5693	0.8558
1563.00	78	-0.5232	-0.4276	0.8450
1564.00	78	-0.3901	-0.3080	0.8428
1565.00	78	-0.3028	-0.1462	0.8347
1566.00	78	-0.1589	-0.1715	0.8643
1567.00	78	-0.1443	-0.1753	0.8974
1568.00	78	-0.1413	-0.1763	0.9071
1569.00	78	0.0165	-0.1988	0.8984
1570.00	78	-0.0014	-0.1919	0.8977
1571.00	78	-0.0026	-0.1931	0.8749
1572.00	78	-0.0041	-0.1928	0.8297
1573.00	78	-0.0073	-0.1896	0.7145
1574.00	78	-0.0109	-0.1825	0.5907
1575.00	78	-0.0144	-0.1724	0.4618
1576.00	78	-0.0158	-0.1607	0.3460
1577.00	78	-0.0161	-0.1472	0.2331
1578.00	78	-0.0124	-0.1348	0.1467
1579.00	78	-0.0049	-0.1291	0.1462
1580.00	79	-0.9201	-0.8056	0.8278
1581.00	79	-0.7561	-0.6997	0.8550
1582.00	79	-0.6432	-0.5703	0.8557
1583.00	79	-0.5236	-0.4276	0.8454
1584.00	79	-0.3896	-0.3102	0.8422
1585.00	79	-0.3025	-0.1463	0.8346
1586.00	79	-0.1718	-0.1690	0.8665
1587.00	79	-0.1443	-0.1751	0.8972
1588.00	79	-0.1417	-0.1762	0.9075
1589.00	79	0.0165	-0.1975	0.8982
1590.00	79	-0.0017	-0.1923	0.8958
1591.00	79	-0.0029	-0.1931	0.8653
1592.00	79	-0.0044	-0.1926	0.8155
1593.00	79	-0.0080	-0.1885	0.6913
1594.00	79	-0.0101	-0.1841	0.6150
1595.00	79	-0.0137	-0.1755	0.4978
1596.00	79	-0.0160	-0.1589	0.3302
1597.00	79	-0.0158	-0.1440	0.2078
1598.00	79	-0.0129	-0.1326	0.1523
1599.00	79	-0.0049	-0.1291	0.1462
