0.00	0	-0.7449	0.1240	0.8206
1.00	0	-0.8211	-0.1024	0.8465
2.00	0	-0.5821	-0.3035	0.8268
3.00	0	-0.4667	-0.3613	0.8305
4.00	0	-0.2251	-0.6053	0.8408
5.00	0	-0.0435	-0.7161	0.8381
6.00	0	-0.0134	-0.4875	0.8469
7.00	0	0.0973	-0.3361	0.8350
8.00	0	0.2204	-0.2108	0.8437
9.00	0	0.0120	-0.0173	0.8730
10.00	0	-0.0219	0.0232	0.8831
11.00	0	-0.0240	0.0207	0.8885
12.00	0	-0.0258	0.0208	0.8918
13.00	0	-0.0265	0.0211	0.8942
14.00	0	-0.0251	0.0214	0.8613
15.00	0	-0.0193	0.0209	0.7386
16.00	0	-0.0130	0.0203	0.6385
17.00	0	-0.0032	0.0199	0.5011
18.00	0	0.0109	0.0206	0.3663
19.00	0	0.0453	0.0244	0.1461
20.00	1	-0.7449	0.1240	0.8206
21.00	1	-0.8205	-0.1025	0.8466
22.00	1	-0.5818	-0.3037	0.8268
23.00	1	-0.4652	-0.3629	0.8300
24.00	1	-0.2262	-0.6040	0.8409
25.00	1	-0.0435	-0.7161	0.8381
26.00	1	-0.0141	-0.4861	0.8468
27.00	1	0.1016	-0.3412	0.8364
28.00	1	0.2206	-0.2114	0.8439
29.00	1	0.0092	-0.0139	0.8730
30.00	1	-0.0220	0.0226	0.8841
31.00	1	-0.0234	0.0207	0.8875
32.00	1	-0.0261	0.0208	0.8926
33.00	1	-0.0265	0.0211	0.8942
34.00	1	-0.0251	0.0214	0.8613
35.00	1	-0.0197	0.0209	0.7459
36.00	1	-0.0113	0.0203	0.6144
37.00	1	-0.0032	0.0199	0.5011
38.00	1	0.0109	0.0206	0.3663
39.00	1	0.0453	0.0244	0.1461
40.00	2	-0.7454	0.1247	0.8206
41.00	2	-0.8201	-0.1024	0.8466
42.00	2	-0.5835	-0.3024	0.8269
43.00	2	-0.4667	-0.3613	0.8305
44.00	2	-0.2249	-0.6055	0.8408
45.00	2	-0.0386	-0.7133	0.8381
46.00	2	-0.0141	-0.4861	0.8468
47.00	2	0.1016	-0.3412	0.8364
48.00	2	0.2208	-0.2120	0.8443
49.00	2	0.0106	-0.0156	0.8730
50.00	2	-0.0219	0.0232	0.8831
51.00	2	-0.0236	0.0207	0.8878
52.00	2	-0.0260	0.0208	0.8924
53.00	2	-0.0265	0.0211	0.8937
54.00	2	-0.0251	0.0214	0.8613
55.00	2	-0.0208	0.0210	0.7669
56.00	2	-0.0130	0.0203	0.6385
57.00	2	-0.0032	0.0199	0.5011
58.00	2	0.0109	0.0206	0.3663
59.00	2	0.0453	0.0244	0.1461
60.00	3	-0.7449	0.1240	0.8206
61.00	3	-0.8204	-0.1024	0.8466
62.00	3	-0.5838	-0.3022	0.8269
63.00	3	-0.4667	-0.3613	0.8305
64.00	3	-0.2261	-0.6042	0.8409
65.00	3	-0.0435	-0.7161	0.8381
66.00	3	-0.0141	-0.4861	0.8468
67.00	3	0.1016	-0.3412	0.8364
68.00	3	0.2208	-0.2120	0.8443
69.00	3	0.0156	-0.0218	0.8730
70.00	3	-0.0219	0.0232	0.8831
71.00	3	-0.0234	0.0207	0.8875
72.00	3	-0.0258	0.0208	0.8918
73.00	3	-0.0265	0.0211	0.8942
74.00	3	-0.0240	0.0214	0.8344
75.00	3	-0.0184	0.0207	0.7239
76.00	3	-0.0100	0.0202	0.5941
77.00	3	-0.0021	0.0199	0.4891
78.00	3	0.0113	0.0207	0.3625
79.00	3	0.0453	0.0244	0.1461
80.00	4	-0.7450	0.1242	0.8206
81.00	4	-0.8204	-0.1024	0.8466
82.00	4	-0.5838	-0.3022	0.8269
83.00	4	-0.4657	-0.3624	0.8302
84.00	4	-0.2256	-0.6047	0.8409
85.00	4	-0.0435	-0.7161	0.8381
86.00	4	-0.0128	-0.4886	0.8468
87.00	4	0.0987	-0.3377	0.8355
88.00	4	0.2211	-0.2127	0.8446
89.00	4	0.0156	-0.0218	0.8730
90.00	4	-0.0219	0.0231	0.8832
91.00	4	-0.0234	0.0207	0.8875
92.00	4	-0.0260	0.0208	0.8924
93.00	4	-0.0262	0.0212	0.8896
94.00	4	-0.0241	0.0215	0.8370
95.00	4	-0.0208	0.0210	0.7669
96.00	4	-0.0130	0.0203	0.6385
97.00	4	-0.0007	0.0200	0.4730
98.00	4	0.0122	0.0207	0.3546
99.00	4	0.0453	0.0244	0.1461
100.00	5	-0.7449	0.1240	0.8206
101.00	5	-0.8201	-0.1024	0.8466
102.00	5	-0.5821	-0.3035	0.8268
103.00	5	-0.4649	-0.3631	0.8299
104.00	5	-0.2259	-0.6044	0.8409
105.00	5	-0.0435	-0.7161	0.8381
106.00	5	-0.0141	-0.4861	0.8468
107.00	5	0.1016	-0.3412	0.8364
108.00	5	0.2207	-0.2117	0.8441
109.00	5	0.0149	-0.0209	0.8730
110.00	5	-0.0219	0.0232	0.8831
111.00	5	-0.0240	0.0206	0.8885
112.00	5	-0.0263	0.0209	0.8932
113.00	5	-0.0263	0.0212	0.8908
114.00	5	-0.0242	0.0214	0.8395
115.00	5	-0.0205	0.0210	0.7600
116.00	5	-0.0105	0.0202	0.6022
117.00	5	-0.0032	0.0199	0.5011
118.00	5	0.0156	0.0211	0.3271
119.00	5	0.0453	0.0244	0.1461
120.00	6	-0.7456	0.1250	0.8207
121.00	6	-0.8204	-0.1024	0.8466
122.00	6	-0.5838	-0.3022	0.8269
123.00	6	-0.4667	-0.3613	0.8305
124.00	6	-0.2249	-0.6055	0.8408
125.00	6	-0.0360	-0.7118	0.8382
126.00	6	-0.0137	-0.4870	0.8469
127.00	6	0.1016	-0.3412	0.8364
128.00	6	0.2209	-0.2124	0.8444
129.00	6	0.0058	-0.0097	0.8733
130.00	6	-0.0220	0.0226	0.8841
131.00	6	-0.0238	0.0207	0.8883
132.00	6	-0.0261	0.0208	0.8927
133.00	6	-0.0262	0.0212	0.8896
134.00	6	-0.0250	0.0214	0.8594
135.00	6	-0.0207	0.0210	0.7635
136.00	6	-0.0111	0.0203	0.6103
137.00	6	0.0001	0.0200	0.4650
138.00	6	0.0109	0.0206	0.3663
139.00	6	0.0453	0.0244	0.1461
140.00	7	-0.7456	0.1249	0.8207
141.00	7	-0.8218	-0.1023	0.8463
142.00	7	-0.5798	-0.3049	0.8269
143.00	7	-0.4629	-0.3653	0.8293
144.00	7	-0.2267	-0.6034	0.8410
145.00	7	-0.0335	-0.7104	0.8382
146.00	7	-0.0125	-0.4892	0.8468
147.00	7	0.0908	-0.3285	0.8330
148.00	7	0.2204	-0.2108	0.8437
149.00	7	0.0156	-0.0218	0.8730
150.00	7	-0.0223	0.0219	0.8851
151.00	7	-0.0236	0.0207	0.8878
152.00	7	-0.0259	0.0208	0.8921
153.00	7	-0.0263	0.0212	0.8902
154.00	7	-0.0244	0.0215	0.8443
155.00	7	-0.0208	0.0210	0.7669
156.00	7	-0.0122	0.0203	0.6264
157.00	7	-0.0003	0.0200	0.4690
158.00	7	0.0132	0.0208	0.3467
159.00	7	0.0453	0.0244	0.1461
160.00	8	-0.7451	0.1243	0.8206
161.00	8	-0.8211	-0.1024	0.8465
162.00	8	-0.5812	-0.3041	0.8268
163.00	8	-0.4663	-0.3617	0.8304
164.00	8	-0.2266	-0.6036	0.8410
165.00	8	-0.0398	-0.7141	0.8381
166.00	8	-0.0135	-0.4873	0.8469
167.00	8	0.1016	-0.3412	0.8364
168.00	8	0.2207	-0.2119	0.8442
169.00	8	0.0092	-0.0139	0.8730
170.00	8	-0.0220	0.0225	0.8842
171.00	8	-0.0237	0.0207	0.8880
172.00	8	-0.0265	0.0209	0.8938
173.00	8	-0.0265	0.0211	0.8937
174.00	8	-0.0241	0.0215	0.8370
175.00	8	-0.0195	0.0209	0.7422
176.00	8	-0.0124	0.0203	0.6304
177.00	8	0.0004	0.0201	0.4611
178.00	8	0.0166	0.0212	0.3192
179.00	8	0.0453	0.0244	0.1461
180.00	9	-0.7456	0.1249	0.8207
181.00	9	-0.8211	-0.1024	0.8465
182.00	9	-0.5818	-0.3037	0.8268
183.00	9	-0.4663	-0.3617	0.8304
184.00	9	-0.2272	-0.6028	0.8410
185.00	9	-0.0232	-0.7043	0.8382
186.00	9	-0.0134	-0.4875	0.8469
187.00	9	0.0915	-0.3293	0.8332
188.00	9	0.2204	-0.2108	0.8437
189.00	9	0.0099	-0.0147	0.8730
190.00	9	-0.0219	0.0230	0.8834
191.00	9	-0.0234	0.0207	0.8875
192.00	9	-0.0260	0.0208	0.8924
193.00	9	-0.0262	0.0212	0.8881
194.00	9	-0.0251	0.0214	0.8613
195.00	9	-0.0191	0.0209	0.7350
196.00	9	-0.0122	0.0203	0.6264
197.00	9	0.0001	0.0200	0.4650
198.00	9	0.0180	0.0213	0.3074
199.00	9	0.0453	0.0244	0.1461
200.00	10	-0.7458	0.1251	0.8207
201.00	10	-0.8211	-0.1024	0.8465
202.00	10	-0.5800	-0.3048	0.8269
203.00	10	-0.4647	-0.3634	0.8298
204.00	10	-0.2274	-0.6026	0.8410
205.00	10	-0.0296	-0.7082	0.8382
206.00	10	-0.0126	-0.4890	0.8468
207.00	10	0.0980	-0.3369	0.8353
208.00	10	0.2204	-0.2110	0.8438
209.00	10	0.0092	-0.0139	0.8730
210.00	10	-0.0220	0.0227	0.8839
211.00	10	-0.0242	0.0207	0.8889
212.00	10	-0.0264	0.0209	0.8934
213.00	10	-0.0261	0.0212	0.8857
214.00	10	-0.0231	0.0214	0.8150
215.00	10	-0.0208	0.0210	0.7669
216.00	10	-0.0078	0.0201	0.5617
217.00	10	0.0012	0.0201	0.4531
218.00	10	0.0132	0.0208	0.3467
219.00	10	0.0453	0.0244	0.1461
220.00	11	-0.7456	0.1249	0.8207
221.00	11	-0.8222	-0.1021	0.8462
222.00	11	-0.5804	-0.3046	0.8268
223.00	11	-0.4626	-0.3657	0.8292
224.00	11	-0.2262	-0.6040	0.8409
225.00	11	-0.0296	-0.7082	0.8382
226.00	11	-0.0119	-0.4902	0.8467
227.00	11	0.0987	-0.3377	0.8355
228.00	11	0.2207	-0.2119	0.8442
229.00	11	0.0032	-0.0064	0.8735
230.00	11	-0.0224	0.0217	0.8854
231.00	11	-0.0248	0.0207	0.8898
232.00	11	-0.0259	0.0208	0.8920
233.00	11	-0.0261	0.0213	0.8849
234.00	11	-0.0238	0.0215	0.8291
235.00	11	-0.0180	0.0207	0.7164
236.00	11	-0.0097	0.0202	0.5900
237.00	11	0.0029	0.0201	0.4372
238.00	11	0.0142	0.0209	0.3388
239.00	11	0.0453	0.0244	0.1461
240.00	12	-0.7453	0.1246	0.8206
241.00	12	-0.8213	-0.1024	0.8465
242.00	12	-0.5815	-0.3039	0.8268
243.00	12	-0.4652	-0.3629	0.8300
244.00	12	-0.2272	-0.6028	0.8410
245.00	12	-0.0271	-0.7066	0.8382
246.00	12	-0.0121	-0.4900	0.8467
247.00	12	0.0973	-0.3361	0.8350
248.00	12	0.2217	-0.2144	0.8453
249.00	12	0.0120	-0.0173	0.8730
250.00	12	-0.0222	0.0221	0.8848
251.00	12	-0.0240	0.0206	0.8885
252.00	12	-0.0264	0.0209	0.8934
253.00	12	-0.0261	0.0212	0.8857
254.00	12	-0.0235	0.0215	0.8236
255.00	12	-0.0170	0.0206	0.7012
256.00	12	-0.0113	0.0203	0.6144
257.00	12	-0.0025	0.0199	0.4930
258.00	12	0.0189	0.0215	0.2995
259.00	12	0.0453	0.0244	0.1461
260.00	13	-0.7459	0.1252	0.8207
261.00	13	-0.8219	-0.1022	0.8463
262.00	13	-0.5809	-0.3043	0.8268
263.00	13	-0.4610	-0.3676	0.8288
264.00	13	-0.2257	-0.6045	0.8409
265.00	13	-0.0168	-0.7006	0.8382
266.00	13	-0.0123	-0.4896	0.8467
267.00	13	0.0859	-0.3228	0.8316
268.00	13	0.2210	-0.2126	0.8445
269.00	13	0.0106	-0.0156	0.8730
270.00	13	-0.0224	0.0217	0.8854
271.00	13	-0.0238	0.0207	0.8883
272.00	13	-0.0262	0.0209	0.8928
273.00	13	-0.0263	0.0212	0.8908
274.00	13	-0.0246	0.0214	0.8490
275.00	13	-0.0195	0.0209	0.7422
276.00	13	-0.0070	0.0202	0.5495
277.00	13	-0.0011	0.0200	0.4771
278.00	13	0.0180	0.0213	0.3074
279.00	13	0.0453	0.0244	0.1461
280.00	14	-0.7456	0.1249	0.8207
281.00	14	-0.8212	-0.1024	0.8465
282.00	14	-0.5826	-0.3031	0.8268
283.00	14	-0.4620	-0.3664	0.8291
284.00	14	-0.2266	-0.6036	0.8410
285.00	14	-0.0258	-0.7059	0.8382
286.00	14	-0.0123	-0.4896	0.8467
287.00	14	0.0959	-0.3344	0.8346
288.00	14	0.2210	-0.2126	0.8445
289.00	14	0.0052	-0.0089	0.8733
290.00	14	-0.0227	0.0213	0.8861
291.00	14	-0.0240	0.0207	0.8885
292.00	14	-0.0260	0.0208	0.8924
293.00	14	-0.0261	0.0212	0.8857
294.00	14	-0.0242	0.0214	0.8395
295.00	14	-0.0170	0.0206	0.7012
296.00	14	-0.0092	0.0201	0.5820
297.00	14	0.0029	0.0201	0.4372
298.00	14	0.0132	0.0208	0.3467
299.00	14	0.0453	0.0244	0.1461
300.00	15	-0.7459	0.1253	0.8207
301.00	15	-0.8214	-0.1023	0.8464
302.00	15	-0.5790	-0.3051	0.8269
303.00	15	-0.4610	-0.3676	0.8288
304.00	15	-0.2262	-0.6040	0.8409
305.00	15	-0.0373	-0.7126	0.8382
306.00	15	-0.0118	-0.4906	0.8466
307.00	15	0.0886	-0.3261	0.8324
308.00	15	0.2213	-0.2134	0.8449
309.00	15	0.0071	-0.0113	0.8732
310.00	15	-0.0220	0.0227	0.8839
311.00	15	-0.0248	0.0207	0.8898
312.00	15	-0.0261	0.0208	0.8926
313.00	15	-0.0262	0.0212	0.8874
314.00	15	-0.0228	0.0213	0.8060
315.00	15	-0.0161	0.0205	0.6858
316.00	15	-0.0089	0.0201	0.5779
317.00	15	0.0059	0.0203	0.4095
318.00	15	0.0146	0.0210	0.3349
319.00	15	0.0453	0.0244	0.1461
320.00	16	-0.7469	0.1261	0.8211
321.00	16	-0.8223	-0.1020	0.8461
322.00	16	-0.5821	-0.3035	0.8268
323.00	16	-0.4638	-0.3643	0.8296
324.00	16	-0.2282	-0.6017	0.8410
325.00	16	-0.0309	-0.7089	0.8382
326.00	16	-0.0126	-0.4890	0.8468
327.00	16	0.0886	-0.3261	0.8324
328.00	16	0.2212	-0.2131	0.8447
329.00	16	-0.0012	-0.0006	0.8739
330.00	16	-0.0222	0.0222	0.8847
331.00	16	-0.0251	0.0207	0.8903
332.00	16	-0.0266	0.0210	0.8947
333.00	16	-0.0261	0.0213	0.8839
334.00	16	-0.0229	0.0214	0.8091
335.00	16	-0.0153	0.0205	0.6741
336.00	16	-0.0078	0.0201	0.5617
337.00	16	0.0063	0.0203	0.4056
338.00	16	0.0146	0.0210	0.3349
339.00	16	0.0453	0.0244	0.1461
340.00	17	-0.7464	0.1257	0.8209
341.00	17	-0.8214	-0.1023	0.8464
342.00	17	-0.5794	-0.3050	0.8269
343.00	17	-0.4644	-0.3637	0.8298
344.00	17	-0.2278	-0.6021	0.8410
345.00	17	-0.0104	-0.6967	0.8382
346.00	17	-0.0121	-0.4900	0.8467
347.00	17	0.0838	-0.3204	0.8310
348.00	17	0.2216	-0.2139	0.8451
349.00	17	0.0013	-0.0039	0.8737
350.00	17	-0.0228	0.0212	0.8863
351.00	17	-0.0241	0.0207	0.8886
352.00	17	-0.0262	0.0209	0.8928
353.00	17	-0.0259	0.0212	0.8807
354.00	17	-0.0240	0.0214	0.8344
355.00	17	-0.0170	0.0206	0.7012
356.00	17	-0.0108	0.0203	0.6063
357.00	17	0.0004	0.0201	0.4611
358.00	17	0.0224	0.0219	0.2719
359.00	17	0.0453	0.0244	0.1461
360.00	18	-0.7466	0.1259	0.8210
361.00	18	-0.8215	-0.1023	0.8464
362.00	18	-0.5787	-0.3051	0.8270
363.00	18	-0.4623	-0.3660	0.8292
364.00	18	-0.2286	-0.6011	0.8410
365.00	18	-0.0117	-0.6975	0.8382
366.00	18	-0.0112	-0.4916	0.8465
367.00	18	0.0943	-0.3327	0.8342
368.00	18	0.2221	-0.2154	0.8456
369.00	18	0.0013	-0.0039	0.8737
370.00	18	-0.0223	0.0219	0.8851
371.00	18	-0.0240	0.0206	0.8885
372.00	18	-0.0266	0.0211	0.8950
373.00	18	-0.0262	0.0212	0.8874
374.00	18	-0.0222	0.0213	0.7935
375.00	18	-0.0193	0.0209	0.7386
376.00	18	-0.0064	0.0201	0.5414
377.00	18	0.0059	0.0203	0.4095
378.00	18	0.0175	0.0213	0.3113
379.00	18	0.0453	0.0244	0.1461
380.00	19	-0.7457	0.1251	0.8207
381.00	19	-0.8216	-0.1023	0.8464
382.00	19	-0.5784	-0.3051	0.8270
383.00	19	-0.4602	-0.3684	0.8286
384.00	19	-0.2267	-0.6034	0.8410
385.00	19	-0.0130	-0.6982	0.8382
386.00	19	-0.0117	-0.4908	0.8466
387.00	19	0.0936	-0.3318	0.8340
388.00	19	0.2217	-0.2143	0.8452
389.00	19	0.0092	-0.0139	0.8730
390.00	19	-0.0230	0.0210	0.8867
391.00	19	-0.0247	0.0207	0.8896
392.00	19	-0.0264	0.0209	0.8935
393.00	19	-0.0262	0.0212	0.8889
394.00	19	-0.0235	0.0215	0.8236
395.00	19	-0.0151	0.0205	0.6702
396.00	19	-0.0095	0.0201	0.5860
397.00	19	0.0037	0.0202	0.4293
398.00	19	0.0161	0.0212	0.3231
399.00	19	0.0453	0.0244	0.1461
400.00	20	-0.7458	0.1251	0.8207
401.00	20	-0.8217	-0.1023	0.8463
402.00	20	-0.5796	-0.3050	0.8269
403.00	20	-0.4636	-0.3646	0.8295
404.00	20	-0.2293	-0.6001	0.8409
405.00	20	-0.0219	-0.7036	0.8383
406.00	20	-0.0126	-0.4890	0.8468
407.00	20	0.0893	-0.3269	0.8326
408.00	20	0.2217	-0.2144	0.8453
409.00	20	0.0032	-0.0064	0.8735
410.00	20	-0.0227	0.0213	0.8861
411.00	20	-0.0244	0.0206	0.8892
412.00	20	-0.0265	0.0209	0.8939
413.00	20	-0.0261	0.0213	0.8839
414.00	20	-0.0239	0.0215	0.8318
415.00	20	-0.0151	0.0205	0.6702
416.00	20	-0.0076	0.0201	0.5576
417.00	20	0.0012	0.0201	0.4531
418.00	20	0.0175	0.0213	0.3113
419.00	20	0.0453	0.0244	0.1461
420.00	21	-0.7474	0.1264	0.8213
421.00	21	-0.8226	-0.1016	0.8459
422.00	21	-0.5787	-0.3051	0.8270
423.00	21	-0.4576	-0.3712	0.8281
424.00	21	-0.2293	-0.6001	0.8409
425.00	21	-0.0143	-0.6990	0.8382
426.00	21	-0.0123	-0.4896	0.8467
427.00	21	0.0838	-0.3204	0.8310
428.00	21	0.2217	-0.2143	0.8452
429.00	21	0.0058	-0.0097	0.8733
430.00	21	-0.0230	0.0209	0.8868
431.00	21	-0.0254	0.0207	0.8909
432.00	21	-0.0266	0.0210	0.8947
433.00	21	-0.0261	0.0213	0.8839
434.00	21	-0.0231	0.0214	0.8150
435.00	21	-0.0180	0.0207	0.7164
436.00	21	-0.0073	0.0201	0.5536
437.00	21	0.0090	0.0205	0.3821
438.00	21	0.0199	0.0216	0.2916
439.00	21	0.0453	0.0244	0.1461
440.00	22	-0.7476	0.1266	0.8214
441.00	22	-0.8225	-0.1017	0.8460
442.00	22	-0.5777	-0.3048	0.8272
443.00	22	-0.4576	-0.3712	0.8281
444.00	22	-0.2272	-0.6028	0.8410
445.00	22	-0.0245	-0.7051	0.8383
446.00	22	-0.0119	-0.4902	0.8467
447.00	22	0.0817	-0.3180	0.8305
448.00	22	0.2222	-0.2160	0.8459
449.00	22	0.0039	-0.0072	0.8734
450.00	22	-0.0225	0.0216	0.8856
451.00	22	-0.0254	0.0207	0.8911
452.00	22	-0.0266	0.0210	0.8948
453.00	22	-0.0259	0.0212	0.8807
454.00	22	-0.0214	0.0212	0.7771
455.00	22	-0.0178	0.0207	0.7126
456.00	22	-0.0045	0.0200	0.5172
457.00	22	0.0050	0.0202	0.4175
458.00	22	0.0229	0.0219	0.2680
459.00	22	0.0453	0.0244	0.1461
460.00	23	-0.7464	0.1257	0.8209
461.00	23	-0.8219	-0.1022	0.8463
462.00	23	-0.5802	-0.3047	0.8268
463.00	23	-0.4617	-0.3668	0.8290
464.00	23	-0.2292	-0.6003	0.8409
465.00	23	-0.0271	-0.7066	0.8382
466.00	23	-0.0121	-0.4900	0.8467
467.00	23	0.0879	-0.3252	0.8322
468.00	23	0.2218	-0.2146	0.8454
469.00	23	-0.0006	-0.0015	0.8738
470.00	23	-0.0224	0.0218	0.8852
471.00	23	-0.0253	0.0207	0.8907
472.00	23	-0.0265	0.0210	0.8942
473.00	23	-0.0261	0.0212	0.8857
474.00	23	-0.0220	0.0212	0.7903
475.00	23	-0.0166	0.0206	0.6935
476.00	23	-0.0089	0.0201	0.5779
477.00	23	0.0063	0.0203	0.4056
478.00	23	0.0185	0.0214	0.3034
479.00	23	0.0453	0.0244	0.1461
480.00	24	-0.7477	0.1266	0.8214
481.00	24	-0.8225	-0.1018	0.8460
482.00	24	-0.5783	-0.3050	0.8270
483.00	24	-0.4586	-0.3702	0.8283
484.00	24	-0.2275	-0.6025	0.8410
485.00	24	-0.0130	-0.6982	0.8382
486.00	24	-0.0117	-0.4908	0.8466
487.00	24	0.0789	-0.3148	0.8297
488.00	24	0.2215	-0.2138	0.8450
489.00	24	-0.0060	0.0057	0.8748
490.00	24	-0.0232	0.0208	0.8872
491.00	24	-0.0252	0.0207	0.8906
492.00	24	-0.0266	0.0211	0.8950
493.00	24	-0.0261	0.0212	0.8866
494.00	24	-0.0210	0.0211	0.7704
495.00	24	-0.0145	0.0204	0.6623
496.00	24	-0.0058	0.0201	0.5333
497.00	24	0.0090	0.0205	0.3821
498.00	24	0.0195	0.0215	0.2956
499.00	24	0.0453	0.0244	0.1461
500.00	25	-0.7466	0.1259	0.8210
501.00	25	-0.8222	-0.1021	0.8461
502.00	25	-0.5787	-0.3051	0.8270
503.00	25	-0.4623	-0.3660	0.8292
504.00	25	-0.2295	-0.6000	0.8408
505.00	25	-0.0245	-0.7051	0.8383
506.00	25	-0.0123	-0.4896	0.8467
507.00	25	0.0783	-0.3140	0.8296
508.00	25	0.2220	-0.2152	0.8456
509.00	25	-0.0006	-0.0015	0.8738
510.00	25	-0.0229	0.0210	0.8866
511.00	25	-0.0246	0.0206	0.8894
512.00	25	-0.0266	0.0211	0.8949
513.00	25	-0.0256	0.0214	0.8744
514.00	25	-0.0217	0.0212	0.7838
515.00	25	-0.0130	0.0203	0.6385
516.00	25	-0.0039	0.0200	0.5091
517.00	25	0.0029	0.0201	0.4372
518.00	25	0.0262	0.0224	0.2408
519.00	25	0.0453	0.0244	0.1461
520.00	26	-0.7475	0.1265	0.8213
521.00	26	-0.8224	-0.1018	0.8461
522.00	26	-0.5771	-0.3042	0.8274
523.00	26	-0.4562	-0.3728	0.8278
524.00	26	-0.2293	-0.6001	0.8409
525.00	26	-0.0181	-0.7013	0.8382
526.00	26	-0.0122	-0.4898	0.8467
527.00	26	0.0769	-0.3125	0.8292
528.00	26	0.2222	-0.2160	0.8459
529.00	26	-0.0066	0.0065	0.8749
530.00	26	-0.0230	0.0209	0.8868
531.00	26	-0.0258	0.0208	0.8918
532.00	26	-0.0265	0.0211	0.8946
533.00	26	-0.0258	0.0213	0.8784
534.00	26	-0.0212	0.0211	0.7738
535.00	26	-0.0161	0.0205	0.6858
536.00	26	-0.0035	0.0200	0.5051
537.00	26	0.0054	0.0203	0.4135
538.00	26	0.0229	0.0219	0.2680
539.00	26	0.0453	0.0244	0.1461
540.00	27	-0.7472	0.1264	0.8212
541.00	27	-0.8226	-0.1016	0.8459
542.00	27	-0.5778	-0.3048	0.8272
543.00	27	-0.4610	-0.3676	0.8288
544.00	27	-0.2295	-0.6000	0.8408
545.00	27	-0.0017	-0.6915	0.8382
546.00	27	-0.0118	-0.4904	0.8466
547.00	27	0.0831	-0.3196	0.8308
548.00	27	0.2218	-0.2146	0.8454
549.00	27	-0.0024	0.0010	0.8742
550.00	27	-0.0225	0.0216	0.8856
551.00	27	-0.0256	0.0208	0.8912
552.00	27	-0.0266	0.0210	0.8948
553.00	27	-0.0253	0.0214	0.8684
554.00	27	-0.0226	0.0213	0.8030
555.00	27	-0.0145	0.0204	0.6623
556.00	27	-0.0073	0.0201	0.5536
557.00	27	0.0033	0.0202	0.4333
558.00	27	0.0204	0.0216	0.2876
559.00	27	0.0453	0.0244	0.1461
560.00	28	-0.7485	0.1270	0.8217
561.00	28	-0.8225	-0.1018	0.8460
562.00	28	-0.5777	-0.3048	0.8272
563.00	28	-0.4546	-0.3746	0.8276
564.00	28	-0.2280	-0.6019	0.8410
565.00	28	-0.0067	-0.6945	0.8382
566.00	28	-0.0106	-0.4926	0.8464
567.00	28	0.0796	-0.3156	0.8299
568.00	28	0.2222	-0.2159	0.8458
569.00	28	-0.0078	0.0080	0.8752
570.00	28	-0.0232	0.0208	0.8872
571.00	28	-0.0256	0.0208	0.8914
572.00	28	-0.0266	0.0210	0.8948
573.00	28	-0.0254	0.0214	0.8699
574.00	28	-0.0233	0.0215	0.8179
575.00	28	-0.0163	0.0205	0.6897
576.00	28	-0.0064	0.0201	0.5414
577.00	28	0.0059	0.0203	0.4095
578.00	28	0.0224	0.0219	0.2719
579.00	28	0.0453	0.0244	0.1461
580.00	29	-0.7474	0.1264	0.8213
581.00	29	-0.8226	-0.1012	0.8458
582.00	29	-0.5778	-0.3048	0.8272
583.00	29	-0.4613	-0.3672	0.8289
584.00	29	-0.2303	-0.5990	0.8406
585.00	29	0.0021	-0.6893	0.8382
586.00	29	-0.0118	-0.4906	0.8466
587.00	29	0.0762	-0.3117	0.8291
588.00	29	0.2224	-0.2165	0.8461
589.00	29	-0.0024	0.0010	0.8742
590.00	29	-0.0229	0.0211	0.8865
591.00	29	-0.0258	0.0208	0.8918
592.00	29	-0.0265	0.0211	0.8947
593.00	29	-0.0258	0.0213	0.8784
594.00	29	-0.0220	0.0212	0.7903
595.00	29	-0.0145	0.0204	0.6623
596.00	29	-0.0039	0.0200	0.5091
597.00	29	0.0095	0.0205	0.3781
598.00	29	0.0199	0.0216	0.2916
599.00	29	0.0453	0.0244	0.1461
600.00	30	-0.7482	0.1269	0.8216
601.00	30	-0.8226	-0.1016	0.8459
602.00	30	-0.5773	-0.3044	0.8273
603.00	30	-0.4581	-0.3707	0.8282
604.00	30	-0.2305	-0.5987	0.8405
605.00	30	-0.0029	-0.6922	0.8382
606.00	30	-0.0101	-0.4935	0.8463
607.00	30	0.0852	-0.3220	0.8314
608.00	30	0.2223	-0.2162	0.8460
609.00	30	-0.0060	0.0057	0.8748
610.00	30	-0.0229	0.0211	0.8865
611.00	30	-0.0254	0.0207	0.8909
612.00	30	-0.0266	0.0210	0.8949
613.00	30	-0.0250	0.0214	0.8594
614.00	30	-0.0229	0.0214	0.8091
615.00	30	-0.0140	0.0204	0.6543
616.00	30	-0.0025	0.0199	0.4930
617.00	30	0.0113	0.0207	0.3625
618.00	30	0.0272	0.0225	0.2332
619.00	30	0.0453	0.0244	0.1461
620.00	31	-0.7488	0.1272	0.8218
621.00	31	-0.8224	-0.1019	0.8461
622.00	31	-0.5786	-0.3051	0.8270
623.00	31	-0.4567	-0.3723	0.8279
624.00	31	-0.2308	-0.5984	0.8403
625.00	31	-0.0155	-0.6997	0.8382
626.00	31	-0.0118	-0.4904	0.8466
627.00	31	0.0762	-0.3117	0.8291
628.00	31	0.2224	-0.2165	0.8461
629.00	31	-0.0090	0.0095	0.8754
630.00	31	-0.0238	0.0207	0.8882
631.00	31	-0.0248	0.0207	0.8899
632.00	31	-0.0266	0.0210	0.8948
633.00	31	-0.0248	0.0214	0.8533
634.00	31	-0.0222	0.0213	0.7935
635.00	31	-0.0158	0.0205	0.6819
636.00	31	-0.0073	0.0201	0.5536
637.00	31	0.0086	0.0204	0.3860
638.00	31	0.0277	0.0225	0.2294
639.00	31	0.0453	0.0244	0.1461
640.00	32	-0.7480	0.1268	0.8216
641.00	32	-0.8224	-0.1019	0.8461
642.00	32	-0.5783	-0.3050	0.8270
643.00	32	-0.4551	-0.3740	0.8277
644.00	32	-0.2291	-0.6005	0.8410
645.00	32	-0.0079	-0.6952	0.8382
646.00	32	-0.0106	-0.4926	0.8464
647.00	32	0.0750	-0.3102	0.8287
648.00	32	0.2223	-0.2163	0.8460
649.00	32	-0.0084	0.0088	0.8753
650.00	32	-0.0235	0.0207	0.8877
651.00	32	-0.0250	0.0207	0.8902
652.00	32	-0.0265	0.0211	0.8948
653.00	32	-0.0258	0.0213	0.8796
654.00	32	-0.0197	0.0209	0.7459
655.00	32	-0.0143	0.0204	0.6584
656.00	32	-0.0039	0.0200	0.5091
657.00	32	0.0113	0.0207	0.3625
658.00	32	0.0253	0.0222	0.2484
659.00	32	0.0453	0.0244	0.1461
660.00	33	-0.7483	0.1269	0.8217
661.00	33	-0.8226	-0.1014	0.8459
662.00	33	-0.5769	-0.3038	0.8275
663.00	33	-0.4581	-0.3707	0.8282
664.00	33	-0.2304	-0.5989	0.8405
665.00	33	0.0094	-0.6849	0.8382
666.00	33	-0.0105	-0.4928	0.8463
667.00	33	0.0769	-0.3125	0.8292
668.00	33	0.2221	-0.2154	0.8456
669.00	33	-0.0060	0.0057	0.8748
670.00	33	-0.0237	0.0207	0.8880
671.00	33	-0.0254	0.0207	0.8911
672.00	33	-0.0264	0.0211	0.8922
673.00	33	-0.0253	0.0214	0.8667
674.00	33	-0.0212	0.0211	0.7738
675.00	33	-0.0116	0.0203	0.6184
676.00	33	-0.0066	0.0201	0.5455
677.00	33	0.0122	0.0207	0.3546
678.00	33	0.0258	0.0223	0.2446
679.00	33	0.0453	0.0244	0.1461
680.00	34	-0.7475	0.1265	0.8213
681.00	34	-0.8224	-0.1018	0.8461
682.00	34	-0.5783	-0.3050	0.8270
683.00	34	-0.4557	-0.3734	0.8278
684.00	34	-0.2314	-0.5977	0.8401
685.00	34	0.0045	-0.6878	0.8382
686.00	34	-0.0097	-0.4943	0.8462
687.00	34	0.0762	-0.3117	0.8291
688.00	34	0.2223	-0.2163	0.8460
689.00	34	-0.0012	-0.0006	0.8739
690.00	34	-0.0232	0.0208	0.8872
691.00	34	-0.0262	0.0209	0.8928
692.00	34	-0.0265	0.0211	0.8947
693.00	34	-0.0258	0.0214	0.8771
694.00	34	-0.0197	0.0209	0.7459
695.00	34	-0.0124	0.0203	0.6304
696.00	34	-0.0039	0.0200	0.5091
697.00	34	0.0063	0.0203	0.4056
698.00	34	0.0253	0.0222	0.2484
699.00	34	0.0453	0.0244	0.1461
700.00	35	-0.7494	0.1275	0.8221
701.00	35	-0.8226	-0.1011	0.8457
702.00	35	-0.5770	-0.3040	0.8275
703.00	35	-0.4534	-0.3758	0.8274
704.00	35	-0.2291	-0.6005	0.8410
705.00	35	0.0033	-0.6885	0.8382
706.00	35	-0.0114	-0.4912	0.8465
707.00	35	0.0804	-0.3164	0.8301
708.00	35	0.2220	-0.2152	0.8456
709.00	35	-0.0084	0.0088	0.8753
710.00	35	-0.0232	0.0208	0.8872
711.00	35	-0.0261	0.0208	0.8926
712.00	35	-0.0265	0.0211	0.8948
713.00	35	-0.0253	0.0214	0.8684
714.00	35	-0.0205	0.0210	0.7600
715.00	35	-0.0148	0.0205	0.6662
716.00	35	-0.0003	0.0200	0.4690
717.00	35	0.0142	0.0209	0.3388
718.00	35	0.0291	0.0226	0.2183
719.00	35	0.0453	0.0244	0.1461
720.00	36	-0.7497	0.1277	0.8222
721.00	36	-0.8224	-0.1007	0.8455
722.00	36	-0.5770	-0.3040	0.8275
723.00	36	-0.4557	-0.3734	0.8278
724.00	36	-0.2309	-0.5982	0.8403
725.00	36	-0.0067	-0.6945	0.8382
726.00	36	-0.0098	-0.4941	0.8462
727.00	36	0.0756	-0.3110	0.8289
728.00	36	0.2223	-0.2163	0.8460
729.00	36	-0.0054	0.0049	0.8747
730.00	36	-0.0232	0.0208	0.8872
731.00	36	-0.0258	0.0208	0.8918
732.00	36	-0.0266	0.0211	0.8950
733.00	36	-0.0245	0.0214	0.8467
734.00	36	-0.0210	0.0211	0.7704
735.00	36	-0.0119	0.0203	0.6224
736.00	36	-0.0025	0.0199	0.4930
737.00	36	0.0156	0.0211	0.3271
738.00	36	0.0277	0.0225	0.2294
739.00	36	0.0453	0.0244	0.1461
740.00	37	-0.7489	0.1273	0.8219
741.00	37	-0.8226	-0.1012	0.8457
742.00	37	-0.5764	-0.3029	0.8279
743.00	37	-0.4529	-0.3765	0.8273
744.00	37	-0.2295	-0.6000	0.8408
745.00	37	0.0106	-0.6842	0.8382
746.00	37	-0.0112	-0.4916	0.8465
747.00	37	0.0783	-0.3140	0.8296
748.00	37	0.2227	-0.2181	0.8468
749.00	37	-0.0048	0.0041	0.8745
750.00	37	-0.0238	0.0207	0.8882
751.00	37	-0.0260	0.0208	0.8924
752.00	37	-0.0265	0.0211	0.8947
753.00	37	-0.0255	0.0214	0.8715
754.00	37	-0.0212	0.0211	0.7738
755.00	37	-0.0134	0.0203	0.6464
756.00	37	-0.0014	0.0200	0.4811
757.00	37	0.0086	0.0204	0.3860
758.00	37	0.0282	0.0226	0.2256
759.00	37	0.0453	0.0244	0.1461
760.00	38	-0.7491	0.1274	0.8220
761.00	38	-0.8226	-0.1010	0.8457
762.00	38	-0.5775	-0.3046	0.8273
763.00	38	-0.4523	-0.3772	0.8272
764.00	38	-0.2303	-0.5990	0.8406
765.00	38	-0.0054	-0.6937	0.8382
766.00	38	-0.0103	-0.4932	0.8463
767.00	38	0.0711	-0.3057	0.8279
768.00	38	0.2228	-0.2185	0.8469
769.00	38	-0.0084	0.0088	0.8753
770.00	38	-0.0231	0.0208	0.8870
771.00	38	-0.0259	0.0208	0.8921
772.00	38	-0.0265	0.0211	0.8948
773.00	38	-0.0251	0.0214	0.8613
774.00	38	-0.0184	0.0207	0.7239
775.00	38	-0.0145	0.0204	0.6623
776.00	38	-0.0018	0.0200	0.4851
777.00	38	0.0146	0.0210	0.3349
778.00	38	0.0335	0.0229	0.1866
779.00	38	0.0453	0.0244	0.1461
780.00	39	-0.7499	0.1277	0.8222
781.00	39	-0.8224	-0.1008	0.8455
782.00	39	-0.5771	-0.3042	0.8274
783.00	39	-0.4571	-0.3717	0.8280
784.00	39	-0.2322	-0.5968	0.8397
785.00	39	0.0057	-0.6871	0.8382
786.00	39	-0.0100	-0.4939	0.8463
787.00	39	0.0724	-0.3072	0.8282
788.00	39	0.2227	-0.2176	0.8466
789.00	39	-0.0060	0.0057	0.8748
790.00	39	-0.0233	0.0208	0.8873
791.00	39	-0.0260	0.0208	0.8924
792.00	39	-0.0263	0.0211	0.8913
793.00	39	-0.0253	0.0214	0.8684
794.00	39	-0.0208	0.0210	0.7669
795.00	39	-0.0134	0.0203	0.6464
796.00	39	-0.0025	0.0199	0.4930
797.00	39	0.0151	0.0210	0.3310
798.00	39	0.0306	0.0228	0.2075
799.00	39	0.0453	0.0244	0.1461
800.00	40	-0.7494	0.1275	0.8221
801.00	40	-0.8226	-0.1014	0.8459
802.00	40	-0.5776	-0.3047	0.8272
803.00	40	-0.4511	-0.3785	0.8271
804.00	40	-0.2296	-0.5998	0.8408
805.00	40	0.0177	-0.6801	0.8381
806.00	40	-0.0098	-0.4941	0.8462
807.00	40	0.0762	-0.3117	0.8291
808.00	40	0.2227	-0.2181	0.8468
809.00	40	-0.0095	0.0103	0.8755
810.00	40	-0.0235	0.0207	0.8877
811.00	40	-0.0262	0.0209	0.8928
812.00	40	-0.0262	0.0212	0.8874
813.00	40	-0.0244	0.0215	0.8443
814.00	40	-0.0189	0.0208	0.7313
815.00	40	-0.0140	0.0204	0.6543
816.00	40	-0.0035	0.0200	0.5051
817.00	40	0.0109	0.0206	0.3663
818.00	40	0.0262	0.0224	0.2408
819.00	40	0.0453	0.0244	0.1461
820.00	41	-0.7488	0.1272	0.8218
821.00	41	-0.8226	-0.1013	0.8458
822.00	41	-0.5763	-0.3026	0.8280
823.00	41	-0.4463	-0.3837	0.8263
824.00	41	-0.2305	-0.5987	0.8405
825.00	41	0.0082	-0.6856	0.8382
826.00	41	-0.0108	-0.4923	0.8464
827.00	41	0.0724	-0.3072	0.8282
828.00	41	0.2229	-0.2190	0.8471
829.00	41	-0.0113	0.0125	0.8758
830.00	41	-0.0242	0.0207	0.8889
831.00	41	-0.0265	0.0209	0.8938
832.00	41	-0.0262	0.0212	0.8874
833.00	41	-0.0251	0.0214	0.8613
834.00	41	-0.0187	0.0208	0.7276
835.00	41	-0.0095	0.0201	0.5860
836.00	41	-0.0042	0.0200	0.5132
837.00	41	0.0137	0.0209	0.3427
838.00	41	0.0258	0.0223	0.2446
839.00	41	0.0453	0.0244	0.1461
840.00	42	-0.7493	0.1274	0.8220
841.00	42	-0.8224	-0.1008	0.8455
842.00	42	-0.5764	-0.3028	0.8279
843.00	42	-0.4562	-0.3728	0.8278
844.00	42	-0.2319	-0.5971	0.8398
845.00	42	0.0033	-0.6885	0.8382
846.00	42	-0.0088	-0.4960	0.8461
847.00	42	0.0680	-0.3020	0.8274
848.00	42	0.2223	-0.2162	0.8460
849.00	42	-0.0157	0.0182	0.8766
850.00	42	-0.0246	0.0206	0.8894
851.00	42	-0.0259	0.0208	0.8920
852.00	42	-0.0261	0.0212	0.8866
853.00	42	-0.0240	0.0214	0.8344
854.00	42	-0.0182	0.0208	0.7202
855.00	42	-0.0124	0.0203	0.6304
856.00	42	-0.0025	0.0199	0.4930
857.00	42	0.0185	0.0214	0.3034
858.00	42	0.0335	0.0229	0.1866
859.00	42	0.0453	0.0244	0.1461
860.00	43	-0.7486	0.1271	0.8218
861.00	43	-0.8224	-0.1008	0.8455
862.00	43	-0.5764	-0.3029	0.8279
863.00	43	-0.4491	-0.3807	0.8268
864.00	43	-0.2311	-0.5980	0.8402
865.00	43	0.0177	-0.6801	0.8381
866.00	43	-0.0101	-0.4935	0.8463
867.00	43	0.0750	-0.3102	0.8287
868.00	43	0.2229	-0.2191	0.8471
869.00	43	-0.0130	0.0148	0.8761
870.00	43	-0.0236	0.0207	0.8878
871.00	43	-0.0261	0.0208	0.8926
872.00	43	-0.0262	0.0212	0.8896
873.00	43	-0.0245	0.0214	0.8467
874.00	43	-0.0203	0.0210	0.7566
875.00	43	-0.0086	0.0201	0.5739
876.00	43	-0.0021	0.0199	0.4891
877.00	43	0.0137	0.0209	0.3427
878.00	43	0.0291	0.0226	0.2183
879.00	43	0.0453	0.0244	0.1461
880.00	44	-0.7491	0.1274	0.8220
881.00	44	-0.8219	-0.1005	0.8453
882.00	44	-0.5764	-0.3029	0.8279
883.00	44	-0.4491	-0.3807	0.8268
884.00	44	-0.2309	-0.5982	0.8403
885.00	44	0.0033	-0.6885	0.8382
886.00	44	-0.0088	-0.4961	0.8461
887.00	44	0.0769	-0.3125	0.8292
888.00	44	0.2229	-0.2191	0.8471
889.00	44	-0.0166	0.0193	0.8768
890.00	44	-0.0247	0.0207	0.8896
891.00	44	-0.0259	0.0208	0.8920
892.00	44	-0.0263	0.0212	0.8902
893.00	44	-0.0241	0.0215	0.8370
894.00	44	-0.0178	0.0207	0.7126
895.00	44	-0.0108	0.0203	0.6063
896.00	44	-0.0007	0.0200	0.4730
897.00	44	0.0171	0.0212	0.3152
898.00	44	0.0287	0.0226	0.2219
899.00	44	0.0453	0.0244	0.1461
900.00	45	-0.7483	0.1269	0.8217
901.00	45	-0.8225	-0.1009	0.8456
902.00	45	-0.5771	-0.3041	0.8274
903.00	45	-0.4546	-0.3746	0.8276
904.00	45	-0.2319	-0.5971	0.8398
905.00	45	0.0154	-0.6814	0.8381
906.00	45	-0.0095	-0.4947	0.8462
907.00	45	0.0693	-0.3035	0.8276
908.00	45	0.2229	-0.2190	0.8471
909.00	45	-0.0084	0.0088	0.8753
910.00	45	-0.0238	0.0207	0.8882
911.00	45	-0.0266	0.0210	0.8945
912.00	45	-0.0261	0.0213	0.8849
913.00	45	-0.0241	0.0215	0.8370
914.00	45	-0.0203	0.0210	0.7566
915.00	45	-0.0081	0.0201	0.5657
916.00	45	-0.0011	0.0200	0.4771
917.00	45	0.0137	0.0209	0.3427
918.00	45	0.0345	0.0228	0.1799
919.00	45	0.0453	0.0244	0.1461
920.00	46	-0.7499	0.1277	0.8222
921.00	46	-0.8221	-0.1005	0.8454
922.00	46	-0.5761	-0.3021	0.8281
923.00	46	-0.4491	-0.3807	0.8268
924.00	46	-0.2306	-0.5985	0.8404
925.00	46	0.0236	-0.6767	0.8379
926.00	46	-0.0086	-0.4964	0.8461
927.00	46	0.0705	-0.3049	0.8278
928.00	46	0.2227	-0.2181	0.8468
929.00	46	-0.0107	0.0118	0.8757
930.00	46	-0.0240	0.0207	0.8885
931.00	46	-0.0263	0.0209	0.8932
932.00	46	-0.0261	0.0213	0.8849
933.00	46	-0.0241	0.0215	0.8370
934.00	46	-0.0201	0.0210	0.7530
935.00	46	-0.0092	0.0201	0.5820
936.00	46	0.0029	0.0201	0.4372
937.00	46	0.0185	0.0214	0.3034
938.00	46	0.0362	0.0227	0.1700
939.00	46	0.0453	0.0244	0.1461
940.00	47	-0.7515	0.1284	0.8228
941.00	47	-0.8220	-0.1005	0.8453
942.00	47	-0.5760	-0.3016	0.8284
943.00	47	-0.4434	-0.3868	0.8259
944.00	47	-0.2322	-0.5968	0.8397
945.00	47	0.0236	-0.6767	0.8379
946.00	47	-0.0083	-0.4970	0.8459
947.00	47	0.0640	-0.2972	0.8270
948.00	47	0.2228	-0.2187	0.8470
949.00	47	-0.0166	0.0193	0.8768
950.00	47	-0.0248	0.0207	0.8898
951.00	47	-0.0264	0.0209	0.8935
952.00	47	-0.0259	0.0212	0.8807
953.00	47	-0.0233	0.0215	0.8179
954.00	47	-0.0168	0.0206	0.6974
955.00	47	-0.0076	0.0201	0.5576
956.00	47	0.0012	0.0201	0.4531
957.00	47	0.0171	0.0212	0.3152
958.00	47	0.0382	0.0226	0.1577
959.00	47	0.0453	0.0244	0.1461
960.00	48	-0.7491	0.1274	0.8220
961.00	48	-0.8218	-0.1006	0.8453
962.00	48	-0.5760	-0.3018	0.8283
963.00	48	-0.4504	-0.3792	0.8270
964.00	48	-0.2322	-0.5968	0.8397
965.00	48	0.0224	-0.6774	0.8379
966.00	48	-0.0085	-0.4966	0.8460
967.00	48	0.0680	-0.3020	0.8274
968.00	48	0.2226	-0.2172	0.8464
969.00	48	-0.0113	0.0125	0.8758
970.00	48	-0.0243	0.0207	0.8890
971.00	48	-0.0264	0.0209	0.8935
972.00	48	-0.0258	0.0213	0.8784
973.00	48	-0.0228	0.0213	0.8060
974.00	48	-0.0191	0.0209	0.7350
975.00	48	-0.0089	0.0201	0.5779
976.00	48	0.0029	0.0201	0.4372
977.00	48	0.0132	0.0208	0.3467
978.00	48	0.0321	0.0228	0.1968
979.00	48	0.0453	0.0244	0.1461
980.00	49	-0.7499	0.1277	0.8222
981.00	49	-0.8211	-0.1010	0.8453
982.00	49	-0.5760	-0.3018	0.8283
983.00	49	-0.4491	-0.3807	0.8268
984.00	49	-0.2330	-0.5961	0.8392
985.00	49	0.0154	-0.6814	0.8381
986.00	49	-0.0083	-0.4970	0.8459
987.00	49	0.0634	-0.2965	0.8269
988.00	49	0.2229	-0.2199	0.8475
989.00	49	-0.0107	0.0118	0.8757
990.00	49	-0.0238	0.0207	0.8883
991.00	49	-0.0265	0.0209	0.8939
992.00	49	-0.0263	0.0212	0.8902
993.00	49	-0.0236	0.0215	0.8264
994.00	49	-0.0197	0.0209	0.7459
995.00	49	-0.0092	0.0201	0.5820
996.00	49	0.0059	0.0203	0.4095
997.00	49	0.0151	0.0210	0.3310
998.00	49	0.0315	0.0228	0.2003
999.00	49	0.0453	0.0244	0.1461
1000.00	50	-0.7522	0.1287	0.8230
1001.00	50	-0.8218	-0.1006	0.8453
1002.00	50	-0.5763	-0.3026	0.8280
1003.00	50	-0.4395	-0.3909	0.8255
1004.00	50	-0.2327	-0.5963	0.8394
1005.00	50	0.0189	-0.6794	0.8380
1006.00	50	-0.0093	-0.4952	0.8462
1007.00	50	0.0663	-0.2999	0.8272
1008.00	50	0.2229	-0.2192	0.8472
1009.00	50	-0.0124	0.0140	0.8760
1010.00	50	-0.0251	0.0207	0.8903
1011.00	50	-0.0265	0.0210	0.8942
1012.00	50	-0.0260	0.0213	0.8829
1013.00	50	-0.0240	0.0214	0.8344
1014.00	50	-0.0175	0.0206	0.7088
1015.00	50	-0.0073	0.0201	0.5536
1016.00	50	0.0004	0.0201	0.4611
1017.00	50	0.0229	0.0219	0.2680
1018.00	50	0.0325	0.0229	0.1933
1019.00	50	0.0453	0.0244	0.1461
1020.00	51	-0.7493	0.1274	0.8220
1021.00	51	-0.8222	-0.1005	0.8454
1022.00	51	-0.5758	-0.3010	0.8286
1023.00	51	-0.4491	-0.3807	0.8268
1024.00	51	-0.2337	-0.5954	0.8388
1025.00	51	0.0106	-0.6842	0.8382
1026.00	51	-0.0096	-0.4945	0.8462
1027.00	51	0.0730	-0.3079	0.8283
1028.00	51	0.2229	-0.2202	0.8476
1029.00	51	-0.0141	0.0162	0.8763
1030.00	51	-0.0245	0.0206	0.8893
1031.00	51	-0.0265	0.0210	0.8944
1032.00	51	-0.0256	0.0214	0.8744
1033.00	51	-0.0244	0.0215	0.8443
1034.00	51	-0.0184	0.0207	0.7239
1035.00	51	-0.0081	0.0201	0.5657
1036.00	51	0.0045	0.0202	0.4214
1037.00	51	0.0166	0.0212	0.3192
1038.00	51	0.0399	0.0224	0.1491
1039.00	51	0.0453	0.0244	0.1461
1040.00	52	-0.7526	0.1289	0.8232
1041.00	52	-0.8211	-0.1010	0.8453
1042.00	52	-0.5757	-0.3004	0.8289
1043.00	52	-0.4470	-0.3829	0.8264
1044.00	52	-0.2336	-0.5955	0.8389
1045.00	52	0.0177	-0.6801	0.8381
1046.00	52	-0.0083	-0.4970	0.8459
1047.00	52	0.0699	-0.3042	0.8277
1048.00	52	0.2229	-0.2191	0.8471
1049.00	52	-0.0146	0.0169	0.8764
1050.00	52	-0.0242	0.0207	0.8889
1051.00	52	-0.0263	0.0209	0.8930
1052.00	52	-0.0261	0.0213	0.8839
1053.00	52	-0.0243	0.0215	0.8419
1054.00	52	-0.0187	0.0208	0.7276
1055.00	52	-0.0060	0.0200	0.5374
1056.00	52	0.0041	0.0202	0.4254
1057.00	52	0.0146	0.0210	0.3349
1058.00	52	0.0367	0.0226	0.1669
1059.00	52	0.0453	0.0244	0.1461
1060.00	53	-0.7513	0.1284	0.8227
1061.00	53	-0.8222	-0.1005	0.8454
1062.00	53	-0.5756	-0.3001	0.8290
1063.00	53	-0.4456	-0.3844	0.8262
1064.00	53	-0.2332	-0.5958	0.8391
1065.00	53	0.0189	-0.6794	0.8380
1066.00	53	-0.0090	-0.4956	0.8461
1067.00	53	0.0618	-0.2945	0.8268
1068.00	53	0.2228	-0.2185	0.8469
1069.00	53	-0.0180	0.0211	0.8771
1070.00	53	-0.0246	0.0207	0.8895
1071.00	53	-0.0266	0.0210	0.8945
1072.00	53	-0.0262	0.0212	0.8881
1073.00	53	-0.0241	0.0215	0.8370
1074.00	53	-0.0156	0.0205	0.6780
1075.00	53	-0.0054	0.0200	0.5293
1076.00	53	0.0037	0.0202	0.4293
1077.00	53	0.0189	0.0215	0.2995
1078.00	53	0.0315	0.0228	0.2003
1079.00	53	0.0453	0.0244	0.1461
1080.00	54	-0.7521	0.1287	0.8230
1081.00	54	-0.8221	-0.1005	0.8454
1082.00	54	-0.5759	-0.3013	0.8285
1083.00	54	-0.4387	-0.3917	0.8254
1084.00	54	-0.2316	-0.5974	0.8400
1085.00	54	0.0259	-0.6754	0.8378
1086.00	54	-0.0081	-0.4974	0.8458
1087.00	54	0.0629	-0.2958	0.8269
1088.00	54	0.2229	-0.2204	0.8476
1089.00	54	-0.0157	0.0182	0.8766
1090.00	54	-0.0245	0.0206	0.8893
1091.00	54	-0.0266	0.0211	0.8949
1092.00	54	-0.0259	0.0213	0.8818
1093.00	54	-0.0242	0.0214	0.8395
1094.00	54	-0.0168	0.0206	0.6974
1095.00	54	-0.0086	0.0201	0.5739
1096.00	54	0.0081	0.0204	0.3899
1097.00	54	0.0219	0.0218	0.2758
1098.00	54	0.0404	0.0223	0.1464
1099.00	54	0.0453	0.0244	0.1461
1100.00	55	-0.7531	0.1291	0.8234
1101.00	55	-0.8219	-0.1005	0.8453
1102.00	55	-0.5755	-0.2997	0.8291
1103.00	55	-0.4434	-0.3868	0.8259
1104.00	55	-0.2325	-0.5965	0.8396
1105.00	55	0.0224	-0.6774	0.8379
1106.00	55	-0.0094	-0.4950	0.8462
1107.00	55	0.0669	-0.3006	0.8273
1108.00	55	0.2229	-0.2191	0.8471
1109.00	55	-0.0157	0.0182	0.8766
1110.00	55	-0.0241	0.0207	0.8886
1111.00	55	-0.0266	0.0210	0.8945
1112.00	55	-0.0255	0.0214	0.8730
1113.00	55	-0.0220	0.0212	0.7903
1114.00	55	-0.0153	0.0205	0.6741
1115.00	55	-0.0083	0.0201	0.5698
1116.00	55	0.0025	0.0201	0.4411
1117.00	55	0.0233	0.0219	0.2640
1118.00	55	0.0371	0.0226	0.1638
1119.00	55	0.0453	0.0244	0.1461
1120.00	56	-0.7504	0.1280	0.8224
1121.00	56	-0.8205	-0.1014	0.8452
1122.00	56	-0.5755	-0.2996	0.8292
1123.00	56	-0.4418	-0.3884	0.8257
1124.00	56	-0.2325	-0.5965	0.8396
1125.00	56	0.0294	-0.6734	0.8377
1126.00	56	-0.0087	-0.4963	0.8461
1127.00	56	0.0663	-0.2999	0.8272
1128.00	56	0.2228	-0.2194	0.8473
1129.00	56	-0.0205	0.0243	0.8776
1130.00	56	-0.0244	0.0206	0.8892
1131.00	56	-0.0266	0.0210	0.8946
1132.00	56	-0.0261	0.0213	0.8839
1133.00	56	-0.0238	0.0215	0.8291
1134.00	56	-0.0170	0.0206	0.7012
1135.00	56	-0.0052	0.0200	0.5253
1136.00	56	0.0059	0.0203	0.4095
1137.00	56	0.0195	0.0215	0.2956
1138.00	56	0.0362	0.0227	0.1700
1139.00	56	0.0453	0.0244	0.1461
1140.00	57	-0.7526	0.1289	0.8232
1141.00	57	-0.8207	-0.1013	0.8452
1142.00	57	-0.5762	-0.3023	0.8281
1143.00	57	-0.4456	-0.3844	0.8262
1144.00	57	-0.2332	-0.5958	0.8391
1145.00	57	0.0373	-0.6690	0.8373
1146.00	57	-0.0076	-0.4985	0.8456
1147.00	57	0.0640	-0.2972	0.8270
1148.00	57	0.2229	-0.2199	0.8475
1149.00	57	-0.0146	0.0169	0.8764
1150.00	57	-0.0254	0.0207	0.8909
1151.00	57	-0.0265	0.0210	0.8941
1152.00	57	-0.0254	0.0214	0.8699
1153.00	57	-0.0223	0.0213	0.7967
1154.00	57	-0.0137	0.0203	0.6504
1155.00	57	-0.0048	0.0200	0.5212
1156.00	57	0.0059	0.0203	0.4095
1157.00	57	0.0199	0.0216	0.2916
1158.00	57	0.0421	0.0225	0.1486
1159.00	57	0.0453	0.0244	0.1461
1160.00	58	-0.7517	0.1285	0.8229
1161.00	58	-0.8192	-0.1025	0.8450
1162.00	58	-0.5760	-0.3016	0.8284
1163.00	58	-0.4403	-0.3900	0.8256
1164.00	58	-0.2332	-0.5958	0.8391
1165.00	58	0.0351	-0.6702	0.8374
1166.00	58	-0.0076	-0.4985	0.8456
1167.00	58	0.0680	-0.3020	0.8274
1168.00	58	0.2228	-0.2196	0.8474
1169.00	58	-0.0225	0.0268	0.8781
1170.00	58	-0.0243	0.0207	0.8890
1171.00	58	-0.0266	0.0210	0.8947
1172.00	58	-0.0261	0.0213	0.8839
1173.00	58	-0.0234	0.0215	0.8208
1174.00	58	-0.0158	0.0205	0.6819
1175.00	58	-0.0078	0.0201	0.5617
1176.00	58	0.0033	0.0202	0.4333
1177.00	58	0.0209	0.0217	0.2837
1178.00	58	0.0393	0.0225	0.1519
1179.00	58	0.0453	0.0244	0.1461
1180.00	59	-0.7515	0.1284	0.8228
1181.00	59	-0.8207	-0.1013	0.8452
1182.00	59	-0.5760	-0.3016	0.8284
1183.00	59	-0.4370	-0.3934	0.8252
1184.00	59	-0.2346	-0.5946	0.8383
1185.00	59	0.0213	-0.6781	0.8379
1186.00	59	-0.0079	-0.4978	0.8458
1187.00	59	0.0586	-0.2906	0.8267
1188.00	59	0.2229	-0.2191	0.8471
1189.00	59	-0.0189	0.0222	0.8773
1190.00	59	-0.0248	0.0207	0.8898
1191.00	59	-0.0266	0.0210	0.8947
1192.00	59	-0.0259	0.0212	0.8807
1193.00	59	-0.0212	0.0211	0.7738
1194.00	59	-0.0132	0.0204	0.6424
1195.00	59	-0.0076	0.0201	0.5576
1196.00	59	0.0050	0.0202	0.4175
1197.00	59	0.0214	0.0217	0.2798
1198.00	59	0.0423	0.0226	0.1496
1199.00	59	0.0453	0.0244	0.1461
1200.00	60	-0.7539	0.1294	0.8236
1201.00	60	-0.8200	-0.1018	0.8452
1202.00	60	-0.5755	-0.2994	0.8293
1203.00	60	-0.4449	-0.3852	0.8262
1204.00	60	-0.2328	-0.5962	0.8393
1205.00	60	0.0384	-0.6684	0.8373
1206.00	60	-0.0083	-0.4970	0.8459
1207.00	60	0.0571	-0.2887	0.8267
1208.00	60	0.2228	-0.2206	0.8477
1209.00	60	-0.0166	0.0193	0.8768
1210.00	60	-0.0245	0.0206	0.8893
1211.00	60	-0.0265	0.0211	0.8948
1212.00	60	-0.0260	0.0213	0.8829
1213.00	60	-0.0214	0.0212	0.7771
1214.00	60	-0.0161	0.0205	0.6858
1215.00	60	-0.0064	0.0201	0.5414
1216.00	60	0.0072	0.0203	0.3978
1217.00	60	0.0267	0.0224	0.2370
1218.00	60	0.0388	0.0225	0.1548
1219.00	60	0.0453	0.0244	0.1461
1220.00	61	-0.7519	0.1286	0.8229
1221.00	61	-0.8202	-0.1016	0.8452
1222.00	61	-0.5756	-0.2999	0.8291
1223.00	61	-0.4370	-0.3934	0.8252
1224.00	61	-0.2336	-0.5955	0.8389
1225.00	61	0.0339	-0.6709	0.8375
1226.00	61	-0.0077	-0.4982	0.8457
1227.00	61	0.0596	-0.2919	0.8267
1228.00	61	0.2229	-0.2199	0.8475
1229.00	61	-0.0225	0.0268	0.8781
1230.00	61	-0.0258	0.0208	0.8917
1231.00	61	-0.0265	0.0211	0.8946
1232.00	61	-0.0250	0.0214	0.8594
1233.00	61	-0.0217	0.0212	0.7838
1234.00	61	-0.0163	0.0205	0.6897
1235.00	61	-0.0076	0.0201	0.5576
1236.00	61	0.0033	0.0202	0.4333
1237.00	61	0.0209	0.0217	0.2837
1238.00	61	0.0424	0.0227	0.1505
1239.00	61	0.0453	0.0244	0.1461
1240.00	62	-0.7531	0.1291	0.8234
1241.00	62	-0.8219	-0.1005	0.8453
1242.00	62	-0.5759	-0.3013	0.8285
1243.00	62	-0.4370	-0.3934	0.8252
1244.00	62	-0.2346	-0.5946	0.8383
1245.00	62	0.0395	-0.6678	0.8372
1246.00	62	-0.0075	-0.4987	0.8456
1247.00	62	0.0634	-0.2965	0.8269
1248.00	62	0.2229	-0.2192	0.8472
1249.00	62	-0.0205	0.0243	0.8776
1250.00	62	-0.0251	0.0207	0.8904
1251.00	62	-0.0266	0.0210	0.8949
1252.00	62	-0.0255	0.0214	0.8715
1253.00	62	-0.0226	0.0213	0.8030
1254.00	62	-0.0163	0.0205	0.6897
1255.00	62	-0.0064	0.0201	0.5414
1256.00	62	0.0118	0.0207	0.3585
1257.00	62	0.0267	0.0224	0.2370
1258.00	62	0.0371	0.0226	0.1638
1259.00	62	0.0453	0.0244	0.1461
1260.00	63	-0.7521	0.1287	0.8230
1261.00	63	-0.8194	-0.1022	0.8451
1262.00	63	-0.5756	-0.3001	0.8290
1263.00	63	-0.4370	-0.3934	0.8252
1264.00	63	-0.2334	-0.5957	0.8391
1265.00	63	0.0406	-0.6672	0.8372
1266.00	63	-0.0075	-0.4987	0.8456
1267.00	63	0.0657	-0.2992	0.8271
1268.00	63	0.2228	-0.2207	0.8478
1269.00	63	-0.0233	0.0277	0.8782
1270.00	63	-0.0256	0.0208	0.8914
1271.00	63	-0.0265	0.0211	0.8948
1272.00	63	-0.0258	0.0214	0.8771
1273.00	63	-0.0207	0.0210	0.7635
1274.00	63	-0.0130	0.0203	0.6385
1275.00	63	-0.0078	0.0201	0.5617
1276.00	63	0.0072	0.0203	0.3978
1277.00	63	0.0267	0.0224	0.2370
1278.00	63	0.0388	0.0225	0.1548
1279.00	63	0.0453	0.0244	0.1461
1280.00	64	-0.7545	0.1296	0.8239
1281.00	64	-0.8180	-0.1035	0.8448
1282.00	64	-0.5753	-0.2981	0.8300
1283.00	64	-0.4363	-0.3943	0.8252
1284.00	64	-0.2335	-0.5956	0.8390
1285.00	64	0.0438	-0.6655	0.8370
1286.00	64	-0.0075	-0.4986	0.8456
1287.00	64	0.0646	-0.2979	0.8270
1288.00	64	0.2228	-0.2214	0.8480
1289.00	64	-0.0217	0.0258	0.8779
1290.00	64	-0.0259	0.0208	0.8921
1291.00	64	-0.0265	0.0211	0.8942
1292.00	64	-0.0255	0.0214	0.8730
1293.00	64	-0.0230	0.0214	0.8121
1294.00	64	-0.0145	0.0204	0.6623
1295.00	64	-0.0052	0.0200	0.5253
1296.00	64	0.0063	0.0203	0.4056
1297.00	64	0.0219	0.0218	0.2758
1298.00	64	0.0425	0.0230	0.1525
1299.00	64	0.0453	0.0244	0.1461
1300.00	65	-0.7524	0.1288	0.8231
1301.00	65	-0.8205	-0.1014	0.8452
1302.00	65	-0.5755	-0.2994	0.8293
1303.00	65	-0.4287	-0.4019	0.8243
1304.00	65	-0.2345	-0.5947	0.8384
1305.00	65	0.0316	-0.6721	0.8376
1306.00	65	-0.0077	-0.4982	0.8457
1307.00	65	0.0629	-0.2958	0.8269
1308.00	65	0.2228	-0.2205	0.8477
1309.00	65	-0.0193	0.0227	0.8774
1310.00	65	-0.0253	0.0207	0.8907
1311.00	65	-0.0265	0.0211	0.8946
1312.00	65	-0.0255	0.0214	0.8715
1313.00	65	-0.0201	0.0210	0.7530
1314.00	65	-0.0151	0.0205	0.6702
1315.00	65	-0.0064	0.0201	0.5414
1316.00	65	0.0081	0.0204	0.3899
1317.00	65	0.0238	0.0220	0.2601
1318.00	65	0.0388	0.0225	0.1548
1319.00	65	0.0453	0.0244	0.1461
1320.00	66	-0.7531	0.1291	0.8234
1321.00	66	-0.8165	-0.1049	0.8446
1322.00	66	-0.5755	-0.2997	0.8291
1323.00	66	-0.4346	-0.3959	0.8250
1324.00	66	-0.2346	-0.5946	0.8383
1325.00	66	0.0427	-0.6661	0.8370
1326.00	66	-0.0082	-0.4971	0.8459
1327.00	66	0.0547	-0.2857	0.8268
1328.00	66	0.2226	-0.2221	0.8481
1329.00	66	-0.0205	0.0243	0.8776
1330.00	66	-0.0259	0.0208	0.8920
1331.00	66	-0.0265	0.0211	0.8944
1332.00	66	-0.0255	0.0214	0.8715
1333.00	66	-0.0207	0.0210	0.7635
1334.00	66	-0.0151	0.0205	0.6702
1335.00	66	-0.0014	0.0200	0.4811
1336.00	66	0.0063	0.0203	0.4056
1337.00	66	0.0258	0.0223	0.2446
1338.00	66	0.0419	0.0236	0.1507
1339.00	66	0.0453	0.0244	0.1461
1340.00	67	-0.7547	0.1297	0.8239
1341.00	67	-0.8192	-0.1025	0.8450
1342.00	67	-0.5756	-0.3003	0.8290
1343.00	67	-0.4403	-0.3900	0.8256
1344.00	67	-0.2345	-0.5947	0.8384
1345.00	67	0.0427	-0.6661	0.8370
1346.00	67	-0.0077	-0.4982	0.8457
1347.00	67	0.0542	-0.2850	0.8268
1348.00	67	0.2226	-0.2221	0.8481
1349.00	67	-0.0257	0.0309	0.8788
1350.00	67	-0.0260	0.0208	0.8923
1351.00	67	-0.0266	0.0211	0.8950
1352.00	67	-0.0255	0.0214	0.8715
1353.00	67	-0.0223	0.0213	0.7967
1354.00	67	-0.0113	0.0203	0.6144
1355.00	67	-0.0028	0.0199	0.4970
1356.00	67	0.0127	0.0208	0.3506
1357.00	67	0.0272	0.0225	0.2332
1358.00	67	0.0419	0.0236	0.1507
1359.00	67	0.0453	0.0244	0.1461
1360.00	68	-0.7547	0.1297	0.8239
1361.00	68	-0.8202	-0.1016	0.8452
1362.00	68	-0.5755	-0.2997	0.8291
1363.00	68	-0.4295	-0.4011	0.8244
1364.00	68	-0.2349	-0.5943	0.8381
1365.00	68	0.0328	-0.6715	0.8375
1366.00	68	-0.0070	-0.4994	0.8453
1367.00	68	0.0596	-0.2919	0.8267
1368.00	68	0.2228	-0.2209	0.8478
1369.00	68	-0.0255	0.0305	0.8788
1370.00	68	-0.0256	0.0208	0.8912
1371.00	68	-0.0266	0.0211	0.8950
1372.00	68	-0.0254	0.0214	0.8699
1373.00	68	-0.0214	0.0212	0.7771
1374.00	68	-0.0130	0.0203	0.6385
1375.00	68	-0.0028	0.0199	0.4970
1376.00	68	0.0132	0.0208	0.3467
1377.00	68	0.0262	0.0224	0.2408
1378.00	68	0.0424	0.0227	0.1505
1379.00	68	0.0453	0.0244	0.1461
1380.00	69	-0.7533	0.1292	0.8235
1381.00	69	-0.8147	-0.1066	0.8444
1382.00	69	-0.5754	-0.2988	0.8296
1383.00	69	-0.4261	-0.4045	0.8241
1384.00	69	-0.2356	-0.5937	0.8377
1385.00	69	0.0373	-0.6690	0.8373
1386.00	69	-0.0076	-0.4985	0.8456
1387.00	69	0.0613	-0.2938	0.8268
1388.00	69	0.2226	-0.2221	0.8481
1389.00	69	-0.0217	0.0258	0.8779
1390.00	69	-0.0256	0.0208	0.8914
1391.00	69	-0.0265	0.0211	0.8937
1392.00	69	-0.0248	0.0214	0.8533
1393.00	69	-0.0203	0.0210	0.7566
1394.00	69	-0.0116	0.0203	0.6184
1395.00	69	-0.0052	0.0200	0.5253
1396.00	69	0.0104	0.0205	0.3703
1397.00	69	0.0291	0.0226	0.2183
1398.00	69	0.0422	0.0233	0.1523
1399.00	69	0.0453	0.0244	0.1461
1400.00	70	-0.7531	0.1291	0.8234
1401.00	70	-0.8142	-0.1071	0.8444
1402.00	70	-0.5756	-0.3001	0.8290
1403.00	70	-0.4312	-0.3993	0.8247
1404.00	70	-0.2356	-0.5937	0.8377
1405.00	70	0.0351	-0.6702	0.8374
1406.00	70	-0.0079	-0.4978	0.8458
1407.00	70	0.0586	-0.2906	0.8267
1408.00	70	0.2228	-0.2212	0.8479
1409.00	70	-0.0229	0.0273	0.8782
1410.00	70	-0.0256	0.0208	0.8912
1411.00	70	-0.0266	0.0211	0.8950
1412.00	70	-0.0245	0.0214	0.8467
1413.00	70	-0.0208	0.0210	0.7669
1414.00	70	-0.0119	0.0203	0.6224
1415.00	70	-0.0003	0.0200	0.4690
1416.00	70	0.0081	0.0204	0.3899
1417.00	70	0.0325	0.0229	0.1933
1418.00	70	0.0436	0.0237	0.1468
1419.00	70	0.0453	0.0244	0.1461
1420.00	71	-0.7553	0.1299	0.8241
1421.00	71	-0.8165	-0.1049	0.8446
1422.00	71	-0.5754	-0.2986	0.8297
1423.00	71	-0.4338	-0.3968	0.8250
1424.00	71	-0.2356	-0.5937	0.8377
1425.00	71	0.0471	-0.6638	0.8368
1426.00	71	-0.0071	-0.4992	0.8454
1427.00	71	0.0547	-0.2857	0.8268
1428.00	71	0.2226	-0.2224	0.8481
1429.00	71	-0.0255	0.0305	0.8788
1430.00	71	-0.0254	0.0207	0.8909
1431.00	71	-0.0263	0.0211	0.8913
1432.00	71	-0.0251	0.0214	0.8613
1433.00	71	-0.0193	0.0209	0.7386
1434.00	71	-0.0122	0.0203	0.6264
1435.00	71	-0.0014	0.0200	0.4811
1436.00	71	0.0109	0.0206	0.3663
1437.00	71	0.0238	0.0220	0.2601
1438.00	71	0.0418	0.0241	0.1480
1439.00	71	0.0453	0.0244	0.1461
1440.00	72	-0.7555	0.1299	0.8242
1441.00	72	-0.8131	-0.1081	0.8443
1442.00	72	-0.5756	-0.2999	0.8291
1443.00	72	-0.4201	-0.4104	0.8237
1444.00	72	-0.2358	-0.5935	0.8375
1445.00	72	0.0406	-0.6672	0.8372
1446.00	72	-0.0073	-0.4990	0.8455
1447.00	72	0.0531	-0.2835	0.8269
1448.00	72	0.2228	-0.2210	0.8479
1449.00	72	-0.0249	0.0298	0.8786
1450.00	72	-0.0265	0.0209	0.8937
1451.00	72	-0.0264	0.0211	0.8922
1452.00	72	-0.0253	0.0214	0.8684
1453.00	72	-0.0208	0.0210	0.7669
1454.00	72	-0.0143	0.0204	0.6584
1455.00	72	-0.0048	0.0200	0.5212
1456.00	72	0.0099	0.0205	0.3742
1457.00	72	0.0296	0.0227	0.2147
1458.00	72	0.0459	0.0239	0.1463
1459.00	72	0.0453	0.0244	0.1461
1460.00	73	-0.7529	0.1290	0.8233
1461.00	73	-0.8126	-0.1087	0.8443
1462.00	73	-0.5755	-0.2996	0.8292
1463.00	73	-0.4321	-0.3984	0.8248
1464.00	73	-0.2357	-0.5937	0.8376
1465.00	73	0.0362	-0.6696	0.8373
1466.00	73	-0.0076	-0.4985	0.8456
1467.00	73	0.0520	-0.2821	0.8270
1468.00	73	0.2226	-0.2221	0.8481
1469.00	73	-0.0260	0.0312	0.8789
1470.00	73	-0.0258	0.0208	0.8918
1471.00	73	-0.0263	0.0212	0.8902
1472.00	73	-0.0241	0.0215	0.8370
1473.00	73	-0.0197	0.0209	0.7459
1474.00	73	-0.0097	0.0202	0.5900
1475.00	73	0.0008	0.0201	0.4571
1476.00	73	0.0113	0.0207	0.3625
1477.00	73	0.0340	0.0228	0.1832
1478.00	73	0.0421	0.0225	0.1486
1479.00	73	0.0453	0.0244	0.1461
1480.00	74	-0.7555	0.1299	0.8242
1481.00	74	-0.8169	-0.1045	0.8447
1482.00	74	-0.5751	-0.2962	0.8313
1483.00	74	-0.4184	-0.4121	0.8236
1484.00	74	-0.2352	-0.5941	0.8380
1485.00	74	0.0492	-0.6626	0.8367
1486.00	74	-0.0070	-0.4994	0.8453
1487.00	74	0.0531	-0.2835	0.8269
1488.00	74	0.2226	-0.2221	0.8481
1489.00	74	-0.0270	0.0327	0.8791
1490.00	74	-0.0260	0.0208	0.8923
1491.00	74	-0.0262	0.0212	0.8889
1492.00	74	-0.0246	0.0214	0.8490
1493.00	74	-0.0210	0.0211	0.7704
1494.00	74	-0.0105	0.0202	0.6022
1495.00	74	-0.0003	0.0200	0.4690
1496.00	74	0.0156	0.0211	0.3271
1497.00	74	0.0306	0.0228	0.2075
1498.00	74	0.0420	0.0235	0.1517
1499.00	74	0.0453	0.0244	0.1461
1500.00	75	-0.7569	0.1303	0.8247
1501.00	75	-0.8131	-0.1081	0.8443
1502.00	75	-0.5755	-0.2996	0.8292
1503.00	75	-0.4192	-0.4113	0.8237
1504.00	75	-0.2347	-0.5945	0.8382
1505.00	75	0.0438	-0.6655	0.8370
1506.00	75	-0.0064	-0.5002	0.8449
1507.00	75	0.0523	-0.2826	0.8270
1508.00	75	0.2227	-0.2217	0.8480
1509.00	75	-0.0246	0.0294	0.8785
1510.00	75	-0.0257	0.0208	0.8916
1511.00	75	-0.0261	0.0212	0.8857
1512.00	75	-0.0252	0.0214	0.8650
1513.00	75	-0.0195	0.0209	0.7422
1514.00	75	-0.0124	0.0203	0.6304
1515.00	75	-0.0028	0.0199	0.4970
1516.00	75	0.0132	0.0208	0.3467
1517.00	75	0.0282	0.0226	0.2256
1518.00	75	0.0454	0.0239	0.1460
1519.00	75	0.0453	0.0244	0.1461
1520.00	76	-0.7539	0.1294	0.8236
1521.00	76	-0.8189	-0.1027	0.8450
1522.00	76	-0.5753	-0.2985	0.8298
1523.00	76	-0.4304	-0.4002	0.8245
1524.00	76	-0.2351	-0.5942	0.8380
1525.00	76	0.0544	-0.6599	0.8363
1526.00	76	-0.0073	-0.4990	0.8455
1527.00	76	0.0566	-0.2881	0.8267
1528.00	76	0.2227	-0.2219	0.8480
1529.00	76	-0.0264	0.0318	0.8790
1530.00	76	-0.0264	0.0209	0.8935
1531.00	76	-0.0262	0.0212	0.8896
1532.00	76	-0.0248	0.0214	0.8554
1533.00	76	-0.0180	0.0207	0.7164
1534.00	76	-0.0122	0.0203	0.6264
1535.00	76	0.0008	0.0201	0.4571
1536.00	76	0.0189	0.0215	0.2995
1537.00	76	0.0306	0.0228	0.2075
1538.00	76	0.0419	0.0236	0.1507
1539.00	76	0.0453	0.0244	0.1461
1540.00	77	-0.7563	0.1302	0.8245
1541.00	77	-0.8186	-0.1030	0.8449
1542.00	77	-0.5753	-0.2983	0.8299
1543.00	77	-0.4287	-0.4019	0.8243
1544.00	77	-0.2359	-0.5934	0.8375
1545.00	77	0.0427	-0.6661	0.8370
1546.00	77	-0.0072	-0.4991	0.8454
1547.00	77	0.0503	-0.2800	0.8271
1548.00	77	0.2228	-0.2212	0.8479
1549.00	77	-0.0236	0.0282	0.8783
1550.00	77	-0.0265	0.0210	0.8944
1551.00	77	-0.0265	0.0211	0.8942
1552.00	77	-0.0243	0.0215	0.8419
1553.00	77	-0.0178	0.0207	0.7126
1554.00	77	-0.0100	0.0202	0.5941
1555.00	77	0.0012	0.0201	0.4531
1556.00	77	0.0142	0.0209	0.3388
1557.00	77	0.0315	0.0228	0.2003
1558.00	77	0.0453	0.0244	0.1461
1559.00	77	0.0453	0.0244	0.1461
1560.00	78	-0.7543	0.1296	0.8238
1561.00	78	-0.8161	-0.1053	0.8445
1562.00	78	-0.5754	-0.2988	0.8296
1563.00	78	-0.4312	-0.3993	0.8247
1564.00	78	-0.2352	-0.5941	0.8380
1565.00	78	0.0574	-0.6584	0.8361
1566.00	78	-0.0069	-0.4995	0.8453
1567.00	78	0.0517	-0.2817	0.8270
1568.00	78	0.2226	-0.2224	0.8481
1569.00	78	-0.0268	0.0324	0.8791
1570.00	78	-0.0258	0.0208	0.8918
1571.00	78	-0.0261	0.0213	0.8849
1572.00	78	-0.0251	0.0214	0.8613
1573.00	78	-0.0173	0.0206	0.7051
1574.00	78	-0.0105	0.0202	0.6022
1575.00	78	0.0016	0.0201	0.4492
1576.00	78	0.0189	0.0215	0.2995
1577.00	78	0.0301	0.0227	0.2111
1578.00	78	0.0425	0.0230	0.1525
1579.00	78	0.0453	0.0244	0.1461
1580.00	79	-0.7561	0.1301	0.8244
1581.00	79	-0.8131	-0.1081	0.8443
1582.00	79	-0.5751	-0.2957	0.8316
1583.00	79	-0.4226	-0.4079	0.8238
1584.00	79	-0.2359	-0.5933	0.8374
1585.00	79	0.0564	-0.6589	0.8362
1586.00	79	-0.0066	-0.4999	0.8451
1587.00	79	0.0538	-0.2845	0.8268
1588.00	79	0.2226	-0.2221	0.8481
1589.00	79	-0.0280	0.0342	0.8793
1590.00	79	-0.0265	0.0209	0.8938
1591.00	79	-0.0263	0.0211	0.8913
1592.00	79	-0.0234	0.0215	0.8208
1593.00	79	-0.0168	0.0206	0.6974
1594.00	79	-0.0105	0.0202	0.6022
1595.00	79	-0.0025	0.0199	0.4930
1596.00	79	0.0204	0.0216	0.2876
1597.00	79	0.0325	0.0229	0.1933
1598.00	79	0.0424	0.0231	0.1527
1599.00	79	0.0453	0.0244	0.1461
