0.00	0	0.4324	0.6481	0.8542
1.00	0	0.4090	0.6151	0.8180
2.00	0	0.1846	0.5617	0.8205
3.00	0	0.0236	0.4299	0.8330
4.00	0	-0.0979	0.4540	0.8494
5.00	0	-0.1204	0.2870	0.8334
6.00	0	-0.1668	0.1307	0.8413
7.00	0	-0.1715	0.1369	0.8210
8.00	0	0.0005	0.1372	0.8766
9.00	0	-0.0492	-0.0495	0.8797
10.00	0	-0.0358	-0.0326	0.6933
11.00	0	-0.0352	-0.0318	0.5821
12.00	0	-0.0367	-0.0315	0.4650
13.00	0	-0.0384	-0.0321	0.3680
14.00	0	-0.0379	-0.0303	0.2613
15.00	0	-0.0349	-0.0261	0.1737
16.00	0	-0.0258	-0.0183	0.1511
17.00	0	-0.0194	-0.0149	0.1465
18.00	0	-0.0193	-0.0149	0.1464
19.00	0	-0.0192	-0.0148	0.1464
20.00	1	0.4326	0.6483	0.8525
21.00	1	0.4090	0.6151	0.8180
22.00	1	0.1852	0.5644	0.8205
23.00	1	0.0209	0.4302	0.8329
24.00	1	-0.0979	0.4541	0.8493
25.00	1	-0.1216	0.2878	0.8337
26.00	1	-0.1675	0.1296	0.8412
27.00	1	-0.1715	0.1369	0.8210
28.00	1	-0.0008	0.1378	0.8755
29.00	1	-0.0496	-0.0495	0.8800
30.00	1	-0.0358	-0.0326	0.6933
31.00	1	-0.0353	-0.0318	0.5657
32.00	1	-0.0372	-0.0317	0.4455
33.00	1	-0.0384	-0.0321	0.3680
34.00	1	-0.0379	-0.0304	0.2650
35.00	1	-0.0325	-0.0232	0.1475
36.00	1	-0.0232	-0.0157	0.1465
37.00	1	-0.0194	-0.0149	0.1465
38.00	1	-0.0193	-0.0149	0.1464
39.00	1	-0.0192	-0.0148	0.1464
40.00	2	0.4328	0.6485	0.8508
41.00	2	0.4090	0.6151	0.8180
42.00	2	0.1849	0.5631	0.8205
43.00	2	0.0236	0.4299	0.8330
44.00	2	-0.0979	0.4543	0.8493
45.00	2	-0.1216	0.2878	0.8337
46.00	2	-0.1675	0.1296	0.8412
47.00	2	-0.1715	0.1369	0.8210
48.00	2	-0.0006	0.1377	0.8758
49.00	2	-0.0494	-0.0495	0.8798
50.00	2	-0.0358	-0.0326	0.6933
51.00	2	-0.0352	-0.0318	0.5821
52.00	2	-0.0373	-0.0316	0.4336
53.00	2	-0.0385	-0.0320	0.3489
54.00	2	-0.0379	-0.0304	0.2650
55.00	2	-0.0341	-0.0251	0.1625
56.00	2	-0.0258	-0.0183	0.1511
57.00	2	-0.0194	-0.0148	0.1464
58.00	2	-0.0193	-0.0149	0.1464
59.00	2	-0.0192	-0.0148	0.1464
60.00	3	0.4296	0.6459	0.8683
61.00	3	0.4083	0.6149	0.8180
62.00	3	0.1872	0.5722	0.8201
63.00	3	0.0236	0.4299	0.8330
64.00	3	-0.0978	0.4546	0.8492
65.00	3	-0.1216	0.2878	0.8337
66.00	3	-0.1694	0.1262	0.8407
67.00	3	-0.1746	0.1371	0.8214
68.00	3	-0.0003	0.1375	0.8760
69.00	3	-0.0492	-0.0495	0.8797
70.00	3	-0.0356	-0.0324	0.6770
71.00	3	-0.0354	-0.0317	0.5494
72.00	3	-0.0366	-0.0316	0.4731
73.00	3	-0.0384	-0.0320	0.3603
74.00	3	-0.0379	-0.0304	0.2650
75.00	3	-0.0349	-0.0261	0.1737
76.00	3	-0.0235	-0.0159	0.1464
77.00	3	-0.0194	-0.0148	0.1464
78.00	3	-0.0194	-0.0149	0.1465
79.00	3	-0.0192	-0.0148	0.1464
80.00	4	0.4326	0.6483	0.8525
81.00	4	0.4090	0.6151	0.8180
82.00	4	0.1846	0.5617	0.8205
83.00	4	0.0236	0.4299	0.8330
84.00	4	-0.0978	0.4546	0.8492
85.00	4	-0.1204	0.2870	0.8334
86.00	4	-0.1699	0.1252	0.8405
87.00	4	-0.1664	0.1367	0.8202
88.00	4	0.0005	0.1372	0.8766
89.00	4	-0.0492	-0.0495	0.8797
90.00	4	-0.0357	-0.0324	0.6649
91.00	4	-0.0353	-0.0318	0.5698
92.00	4	-0.0366	-0.0316	0.4731
93.00	4	-0.0384	-0.0321	0.3680
94.00	4	-0.0373	-0.0294	0.2323
95.00	4	-0.0345	-0.0255	0.1679
96.00	4	-0.0230	-0.0155	0.1467
97.00	4	-0.0194	-0.0148	0.1464
98.00	4	-0.0193	-0.0149	0.1464
99.00	4	-0.0192	-0.0148	0.1464
100.00	5	0.4293	0.6456	0.8694
101.00	5	0.4078	0.6149	0.8179
102.00	5	0.1858	0.5671	0.8204
103.00	5	0.0196	0.4304	0.8329
104.00	5	-0.0978	0.4546	0.8492
105.00	5	-0.1225	0.2883	0.8338
106.00	5	-0.1672	0.1301	0.8412
107.00	5	-0.1653	0.1366	0.8200
108.00	5	0.0002	0.1373	0.8765
109.00	5	-0.0512	-0.0492	0.8811
110.00	5	-0.0357	-0.0324	0.6649
111.00	5	-0.0354	-0.0318	0.5616
112.00	5	-0.0372	-0.0317	0.4455
113.00	5	-0.0384	-0.0321	0.3680
114.00	5	-0.0374	-0.0295	0.2358
115.00	5	-0.0341	-0.0251	0.1625
116.00	5	-0.0228	-0.0153	0.1467
117.00	5	-0.0194	-0.0148	0.1464
118.00	5	-0.0193	-0.0149	0.1464
119.00	5	-0.0192	-0.0148	0.1464
120.00	6	0.4302	0.6463	0.8659
121.00	6	0.4073	0.6147	0.8179
122.00	6	0.1833	0.5562	0.8207
123.00	6	0.0043	0.4316	0.8316
124.00	6	-0.0980	0.4536	0.8494
125.00	6	-0.1217	0.2879	0.8337
126.00	6	-0.1663	0.1319	0.8415
127.00	6	-0.1589	0.1362	0.8190
128.00	6	-0.0015	0.1380	0.8748
129.00	6	-0.0510	-0.0492	0.8810
130.00	6	-0.0356	-0.0324	0.6770
131.00	6	-0.0352	-0.0318	0.5821
132.00	6	-0.0366	-0.0316	0.4731
133.00	6	-0.0382	-0.0313	0.3104
134.00	6	-0.0369	-0.0286	0.2151
135.00	6	-0.0304	-0.0216	0.1467
136.00	6	-0.0258	-0.0183	0.1511
137.00	6	-0.0194	-0.0149	0.1465
138.00	6	-0.0193	-0.0149	0.1464
139.00	6	-0.0192	-0.0148	0.1464
140.00	7	0.4299	0.6461	0.8672
141.00	7	0.4086	0.6150	0.8180
142.00	7	0.1842	0.5603	0.8206
143.00	7	0.0170	0.4306	0.8326
144.00	7	-0.0979	0.4540	0.8494
145.00	7	-0.1206	0.2871	0.8335
146.00	7	-0.1699	0.1252	0.8405
147.00	7	-0.1684	0.1367	0.8205
148.00	7	0.0001	0.1374	0.8764
149.00	7	-0.0492	-0.0495	0.8797
150.00	7	-0.0356	-0.0323	0.6567
151.00	7	-0.0353	-0.0318	0.5576
152.00	7	-0.0366	-0.0316	0.4731
153.00	7	-0.0385	-0.0320	0.3412
154.00	7	-0.0379	-0.0304	0.2650
155.00	7	-0.0349	-0.0261	0.1737
156.00	7	-0.0230	-0.0155	0.1467
157.00	7	-0.0194	-0.0149	0.1464
158.00	7	-0.0194	-0.0149	0.1464
159.00	7	-0.0192	-0.0148	0.1464
160.00	8	0.4293	0.6456	0.8694
161.00	8	0.4088	0.6150	0.8180
162.00	8	0.1836	0.5576	0.8207
163.00	8	0.0236	0.4299	0.8330
164.00	8	-0.0979	0.4541	0.8493
165.00	8	-0.1208	0.2873	0.8335
166.00	8	-0.1687	0.1273	0.8409
167.00	8	-0.1664	0.1367	0.8202
168.00	8	-0.0006	0.1377	0.8758
169.00	8	-0.0520	-0.0490	0.8817
170.00	8	-0.0354	-0.0322	0.6402
171.00	8	-0.0354	-0.0317	0.5413
172.00	8	-0.0376	-0.0316	0.4102
173.00	8	-0.0385	-0.0319	0.3260
174.00	8	-0.0379	-0.0304	0.2650
175.00	8	-0.0349	-0.0261	0.1737
176.00	8	-0.0216	-0.0156	0.1468
177.00	8	-0.0194	-0.0149	0.1465
178.00	8	-0.0194	-0.0149	0.1465
179.00	8	-0.0192	-0.0148	0.1464
180.00	9	0.4291	0.6455	0.8704
181.00	9	0.4078	0.6149	0.8179
182.00	9	0.1833	0.5562	0.8207
183.00	9	0.0222	0.4300	0.8329
184.00	9	-0.0979	0.4539	0.8494
185.00	9	-0.1219	0.2880	0.8337
186.00	9	-0.1715	0.1229	0.8402
187.00	9	-0.1746	0.1371	0.8214
188.00	9	0.0005	0.1372	0.8766
189.00	9	-0.0516	-0.0491	0.8814
190.00	9	-0.0357	-0.0324	0.6608
191.00	9	-0.0353	-0.0318	0.5576
192.00	9	-0.0372	-0.0316	0.4414
193.00	9	-0.0385	-0.0321	0.3565
194.00	9	-0.0376	-0.0299	0.2465
195.00	9	-0.0349	-0.0261	0.1737
196.00	9	-0.0204	-0.0151	0.1467
197.00	9	-0.0193	-0.0149	0.1464
198.00	9	-0.0194	-0.0149	0.1464
199.00	9	-0.0192	-0.0148	0.1464
