0.00	0	0.6853	-0.0888	0.8658
1.00	0	0.4747	0.1905	0.8336
2.00	0	0.3254	0.4893	0.8084
3.00	0	0.1485	0.7845	0.8260
4.00	0	0.0188	1.0198	0.8227
5.00	0	-0.1547	0.7453	0.8378
6.00	0	-0.1379	0.5175	0.8256
7.00	0	-0.0771	0.2042	0.8455
8.00	0	-0.1066	0.0685	0.8765
9.00	0	-0.2139	-0.1546	0.8648
10.00	0	-0.0144	-0.1651	0.8701
11.00	0	-0.0125	-0.1683	0.7855
12.00	0	-0.0116	-0.1691	0.7043
13.00	0	-0.0105	-0.1706	0.5864
14.00	0	-0.0069	-0.1724	0.4646
15.00	0	0.0017	-0.1728	0.3283
16.00	0	0.0104	-0.1748	0.2009
17.00	0	0.0230	-0.1900	0.1423
18.00	0	0.0715	-0.2481	0.1171
19.00	0	0.2188	-0.3542	0.0109
20.00	1	0.6837	-0.0866	0.8657
21.00	1	0.4747	0.1905	0.8336
22.00	1	0.3254	0.4903	0.8087
23.00	1	0.1495	0.7841	0.8267
24.00	1	0.0188	1.0198	0.8227
25.00	1	-0.1570	0.7479	0.8376
26.00	1	-0.1374	0.5169	0.8257
27.00	1	-0.0776	0.2039	0.8452
28.00	1	-0.1069	0.0673	0.8748
29.00	1	-0.2149	-0.1526	0.8632
30.00	1	-0.0144	-0.1651	0.8701
31.00	1	-0.0129	-0.1679	0.8069
32.00	1	-0.0116	-0.1691	0.7043
33.00	1	-0.0105	-0.1706	0.5864
34.00	1	-0.0060	-0.1726	0.4444
35.00	1	0.0005	-0.1728	0.3442
36.00	1	0.0088	-0.1740	0.2265
37.00	1	0.0227	-0.1890	0.1417
38.00	1	0.0776	-0.2541	0.1127
39.00	1	0.2188	-0.3542	0.0109
40.00	2	0.6842	-0.0874	0.8657
41.00	2	0.4747	0.1905	0.8336
42.00	2	0.3254	0.4902	0.8087
43.00	2	0.1490	0.7843	0.8262
44.00	2	0.0188	1.0198	0.8227
45.00	2	-0.1547	0.7453	0.8378
46.00	2	-0.1390	0.5187	0.8253
47.00	2	-0.0772	0.2041	0.8454
48.00	2	-0.1069	0.0673	0.8748
49.00	2	-0.2146	-0.1533	0.8638
50.00	2	-0.0141	-0.1659	0.8599
51.00	2	-0.0123	-0.1684	0.7724
52.00	2	-0.0116	-0.1691	0.7043
53.00	2	-0.0098	-0.1712	0.5539
54.00	2	-0.0069	-0.1724	0.4646
55.00	2	0.0005	-0.1728	0.3442
56.00	2	0.0102	-0.1747	0.2045
57.00	2	0.0300	-0.2016	0.1427
58.00	2	0.0715	-0.2481	0.1171
59.00	2	0.2188	-0.3542	0.0109
60.00	3	0.6848	-0.0881	0.8657
61.00	3	0.4758	0.1921	0.8318
62.00	3	0.3254	0.4893	0.8084
63.00	3	0.1485	0.7845	0.8260
64.00	3	0.0188	1.0198	0.8227
65.00	3	-0.1570	0.7479	0.8376
66.00	3	-0.1358	0.5150	0.8261
67.00	3	-0.0767	0.2046	0.8459
68.00	3	-0.1064	0.0690	0.8770
69.00	3	-0.2144	-0.1537	0.8641
70.00	3	-0.0142	-0.1655	0.8646
71.00	3	-0.0129	-0.1679	0.8069
72.00	3	-0.0114	-0.1695	0.6620
73.00	3	-0.0105	-0.1706	0.5864
74.00	3	-0.0069	-0.1724	0.4646
75.00	3	0.0022	-0.1729	0.3205
76.00	3	0.0095	-0.1744	0.2153
77.00	3	0.0227	-0.1890	0.1417
78.00	3	0.0776	-0.2541	0.1127
79.00	3	0.2188	-0.3542	0.0109
80.00	4	0.6853	-0.0888	0.8658
81.00	4	0.4755	0.1919	0.8321
82.00	4	0.3254	0.4913	0.8091
83.00	4	0.1494	0.7842	0.8266
84.00	4	0.0188	1.0198	0.8227
85.00	4	-0.1562	0.7470	0.8376
86.00	4	-0.1347	0.5137	0.8263
87.00	4	-0.0770	0.2042	0.8456
88.00	4	-0.1069	0.0673	0.8748
89.00	4	-0.2139	-0.1546	0.8648
90.00	4	-0.0141	-0.1659	0.8599
91.00	4	-0.0129	-0.1679	0.8069
92.00	4	-0.0116	-0.1691	0.7043
93.00	4	-0.0101	-0.1709	0.5662
94.00	4	-0.0069	-0.1724	0.4646
95.00	4	0.0037	-0.1730	0.3006
96.00	4	0.0088	-0.1740	0.2265
97.00	4	0.0314	-0.2033	0.1421
98.00	4	0.0931	-0.2713	0.1006
99.00	4	0.2188	-0.3542	0.0109
100.00	5	0.6853	-0.0888	0.8658
101.00	5	0.4748	0.1908	0.8333
102.00	5	0.3254	0.4893	0.8084
103.00	5	0.1498	0.7841	0.8268
104.00	5	0.0188	1.0198	0.8227
105.00	5	-0.1466	0.7365	0.8390
106.00	5	-0.1390	0.5187	0.8253
107.00	5	-0.0778	0.2037	0.8450
108.00	5	-0.1069	0.0673	0.8748
109.00	5	-0.2140	-0.1543	0.8646
110.00	5	-0.0141	-0.1661	0.8566
111.00	5	-0.0129	-0.1679	0.8069
112.00	5	-0.0115	-0.1692	0.6891
113.00	5	-0.0095	-0.1714	0.5377
114.00	5	-0.0048	-0.1728	0.4241
115.00	5	0.0042	-0.1730	0.2927
116.00	5	0.0100	-0.1746	0.2080
117.00	5	0.0230	-0.1900	0.1423
118.00	5	0.0776	-0.2541	0.1127
119.00	5	0.2188	-0.3542	0.0109
120.00	6	0.6831	-0.0859	0.8657
121.00	6	0.4754	0.1917	0.8322
122.00	6	0.3254	0.4900	0.8086
123.00	6	0.1501	0.7840	0.8272
124.00	6	0.0189	1.0190	0.8232
125.00	6	-0.1570	0.7479	0.8376
126.00	6	-0.1374	0.5169	0.8257
127.00	6	-0.0770	0.2042	0.8456
128.00	6	-0.1069	0.0674	0.8751
129.00	6	-0.2149	-0.1524	0.8630
130.00	6	-0.0144	-0.1651	0.8701
131.00	6	-0.0129	-0.1679	0.8069
132.00	6	-0.0113	-0.1697	0.6463
133.00	6	-0.0097	-0.1713	0.5498
134.00	6	-0.0069	-0.1724	0.4646
135.00	6	0.0028	-0.1729	0.3125
136.00	6	0.0088	-0.1740	0.2265
137.00	6	0.0350	-0.2070	0.1405
138.00	6	0.1228	-0.3028	0.0806
139.00	6	0.2188	-0.3542	0.0109
140.00	7	0.6809	-0.0830	0.8654
141.00	7	0.4751	0.1912	0.8328
142.00	7	0.3254	0.4899	0.8086
143.00	7	0.1492	0.7843	0.8264
144.00	7	0.0190	1.0182	0.8235
145.00	7	-0.1488	0.7388	0.8386
146.00	7	-0.1313	0.5095	0.8274
147.00	7	-0.0778	0.2037	0.8450
148.00	7	-0.1065	0.0688	0.8768
149.00	7	-0.2151	-0.1519	0.8627
150.00	7	-0.0141	-0.1661	0.8566
151.00	7	-0.0129	-0.1679	0.8069
152.00	7	-0.0116	-0.1691	0.6968
153.00	7	-0.0105	-0.1706	0.5864
154.00	7	-0.0060	-0.1726	0.4444
155.00	7	0.0045	-0.1730	0.2888
156.00	7	0.0100	-0.1746	0.2080
157.00	7	0.0235	-0.1913	0.1427
158.00	7	0.1116	-0.2934	0.0855
159.00	7	0.2188	-0.3542	0.0109
160.00	8	0.6831	-0.0859	0.8657
161.00	8	0.4748	0.1908	0.8333
162.00	8	0.3254	0.4913	0.8091
163.00	8	0.1502	0.7839	0.8272
164.00	8	0.0188	1.0196	0.8227
165.00	8	-0.1510	0.7412	0.8382
166.00	8	-0.1329	0.5116	0.8270
167.00	8	-0.0774	0.2041	0.8453
168.00	8	-0.1063	0.0691	0.8772
169.00	8	-0.2142	-0.1539	0.8643
170.00	8	-0.0142	-0.1655	0.8646
171.00	8	-0.0128	-0.1680	0.7980
172.00	8	-0.0113	-0.1697	0.6424
173.00	8	-0.0101	-0.1710	0.5621
174.00	8	-0.0058	-0.1727	0.4403
175.00	8	0.0025	-0.1729	0.3165
176.00	8	0.0093	-0.1743	0.2190
177.00	8	0.0446	-0.2181	0.1352
178.00	8	0.0744	-0.2510	0.1151
179.00	8	0.2188	-0.3542	0.0109
180.00	9	0.6853	-0.0888	0.8658
181.00	9	0.4754	0.1917	0.8322
182.00	9	0.3253	0.4918	0.8094
183.00	9	0.1485	0.7845	0.8260
184.00	9	0.0190	1.0181	0.8236
185.00	9	-0.1525	0.7429	0.8381
186.00	9	-0.1342	0.5131	0.8265
187.00	9	-0.0764	0.2051	0.8463
188.00	9	-0.1067	0.0679	0.8757
189.00	9	-0.2156	-0.1508	0.8617
190.00	9	-0.0137	-0.1668	0.8406
191.00	9	-0.0125	-0.1683	0.7823
192.00	9	-0.0114	-0.1695	0.6581
193.00	9	-0.0097	-0.1713	0.5458
194.00	9	-0.0029	-0.1728	0.3919
195.00	9	0.0037	-0.1730	0.3006
196.00	9	0.0120	-0.1755	0.1766
197.00	9	0.0388	-0.2107	0.1385
198.00	9	0.0837	-0.2606	0.1081
199.00	9	0.2188	-0.3542	0.0109
200.00	10	0.6766	-0.0773	0.8652
201.00	10	0.4761	0.1925	0.8314
202.00	10	0.3253	0.4921	0.8096
203.00	10	0.1499	0.7840	0.8270
204.00	10	0.0188	1.0197	0.8227
205.00	10	-0.1540	0.7445	0.8379
206.00	10	-0.1347	0.5137	0.8263
207.00	10	-0.0771	0.2042	0.8455
208.00	10	-0.1064	0.0690	0.8770
209.00	10	-0.2149	-0.1526	0.8632
210.00	10	-0.0143	-0.1653	0.8674
211.00	10	-0.0125	-0.1683	0.7823
212.00	10	-0.0112	-0.1698	0.6384
213.00	10	-0.0101	-0.1709	0.5662
214.00	10	-0.0042	-0.1728	0.4120
215.00	10	0.0028	-0.1729	0.3125
216.00	10	0.0124	-0.1757	0.1700
217.00	10	0.0479	-0.2223	0.1334
218.00	10	0.1075	-0.2885	0.0887
219.00	10	0.2188	-0.3542	0.0109
220.00	11	0.6804	-0.0823	0.8654
221.00	11	0.4759	0.1923	0.8316
222.00	11	0.3253	0.4920	0.8095
223.00	11	0.1493	0.7842	0.8265
224.00	11	0.0188	1.0197	0.8227
225.00	11	-0.1517	0.7420	0.8382
226.00	11	-0.1313	0.5095	0.8274
227.00	11	-0.0767	0.2046	0.8459
228.00	11	-0.1061	0.0697	0.8778
229.00	11	-0.2155	-0.1510	0.8619
230.00	11	-0.0138	-0.1667	0.8449
231.00	11	-0.0128	-0.1680	0.7980
232.00	11	-0.0115	-0.1692	0.6891
233.00	11	-0.0098	-0.1712	0.5539
234.00	11	-0.0048	-0.1728	0.4241
235.00	11	0.0028	-0.1729	0.3125
236.00	11	0.0111	-0.1752	0.1902
237.00	11	0.0493	-0.2243	0.1324
238.00	11	0.1263	-0.3048	0.0829
239.00	11	0.2188	-0.3542	0.0109
240.00	12	0.6781	-0.0794	0.8653
241.00	12	0.4753	0.1916	0.8323
242.00	12	0.3254	0.4913	0.8091
243.00	12	0.1487	0.7844	0.8261
244.00	12	0.0186	1.0167	0.8241
245.00	12	-0.1466	0.7365	0.8390
246.00	12	-0.1309	0.5091	0.8276
247.00	12	-0.0764	0.2052	0.8464
248.00	12	-0.1063	0.0691	0.8772
249.00	12	-0.2147	-0.1530	0.8636
250.00	12	-0.0138	-0.1666	0.8470
251.00	12	-0.0127	-0.1681	0.7949
252.00	12	-0.0113	-0.1696	0.6541
253.00	12	-0.0102	-0.1709	0.5702
254.00	12	-0.0037	-0.1728	0.4040
255.00	12	0.0048	-0.1730	0.2849
256.00	12	0.0113	-0.1753	0.1868
257.00	12	0.0350	-0.2070	0.1405
258.00	12	0.1263	-0.3048	0.0829
259.00	12	0.2188	-0.3542	0.0109
260.00	13	0.6734	-0.0733	0.8650
261.00	13	0.4755	0.1919	0.8321
262.00	13	0.3253	0.4923	0.8097
263.00	13	0.1498	0.7841	0.8268
264.00	13	0.0189	1.0193	0.8230
265.00	13	-0.1510	0.7412	0.8382
266.00	13	-0.1302	0.5082	0.8279
267.00	13	-0.0767	0.2046	0.8460
268.00	13	-0.1065	0.0687	0.8767
269.00	13	-0.2157	-0.1503	0.8613
270.00	13	-0.0136	-0.1670	0.8360
271.00	13	-0.0119	-0.1687	0.7412
272.00	13	-0.0111	-0.1700	0.6226
273.00	13	-0.0086	-0.1719	0.5092
274.00	13	-0.0039	-0.1728	0.4080
275.00	13	0.0057	-0.1732	0.2729
276.00	13	0.0115	-0.1753	0.1833
277.00	13	0.0463	-0.2203	0.1343
278.00	13	0.0964	-0.2753	0.0979
279.00	13	0.2188	-0.3542	0.0109
280.00	14	0.6750	-0.0752	0.8651
281.00	14	0.4758	0.1921	0.8318
282.00	14	0.3253	0.4923	0.8097
283.00	14	0.1498	0.7841	0.8268
284.00	14	0.0189	1.0193	0.8230
285.00	14	-0.1532	0.7437	0.8380
286.00	14	-0.1368	0.5162	0.8258
287.00	14	-0.0763	0.2053	0.8464
288.00	14	-0.1063	0.0693	0.8774
289.00	14	-0.2156	-0.1508	0.8617
290.00	14	-0.0137	-0.1668	0.8406
291.00	14	-0.0120	-0.1687	0.7448
292.00	14	-0.0113	-0.1696	0.6503
293.00	14	-0.0093	-0.1715	0.5336
294.00	14	-0.0027	-0.1728	0.3879
295.00	14	0.0022	-0.1729	0.3205
296.00	14	0.0120	-0.1755	0.1766
297.00	14	0.0350	-0.2070	0.1405
298.00	14	0.0931	-0.2713	0.1006
299.00	14	0.2188	-0.3542	0.0109
300.00	15	0.6776	-0.0787	0.8653
301.00	15	0.4767	0.1930	0.8308
302.00	15	0.3252	0.4928	0.8100
303.00	15	0.1503	0.7839	0.8273
304.00	15	0.0178	1.0151	0.8248
305.00	15	-0.1395	0.7288	0.8400
306.00	15	-0.1338	0.5125	0.8267
307.00	15	-0.0765	0.2049	0.8462
308.00	15	-0.1065	0.0688	0.8768
309.00	15	-0.2147	-0.1530	0.8636
310.00	15	-0.0138	-0.1666	0.8470
311.00	15	-0.0121	-0.1686	0.7553
312.00	15	-0.0110	-0.1701	0.6186
313.00	15	-0.0083	-0.1720	0.5011
314.00	15	-0.0015	-0.1729	0.3719
315.00	15	0.0042	-0.1730	0.2927
316.00	15	0.0106	-0.1749	0.1973
317.00	15	0.0493	-0.2243	0.1324
318.00	15	0.1668	-0.3246	0.0840
319.00	15	0.2188	-0.3542	0.0109
320.00	16	0.6734	-0.0733	0.8650
321.00	16	0.4764	0.1927	0.8311
322.00	16	0.3254	0.4913	0.8091
323.00	16	0.1499	0.7840	0.8270
324.00	16	0.0185	1.0164	0.8243
325.00	16	-0.1458	0.7357	0.8391
326.00	16	-0.1294	0.5073	0.8282
327.00	16	-0.0764	0.2052	0.8464
328.00	16	-0.1060	0.0700	0.8781
329.00	16	-0.2160	-0.1489	0.8602
330.00	16	-0.0141	-0.1658	0.8615
331.00	16	-0.0121	-0.1686	0.7553
332.00	16	-0.0110	-0.1701	0.6186
333.00	16	-0.0086	-0.1719	0.5092
334.00	16	-0.0037	-0.1728	0.4040
335.00	16	0.0072	-0.1735	0.2495
336.00	16	0.0120	-0.1755	0.1766
337.00	16	0.0388	-0.2107	0.1385
338.00	16	0.1168	-0.2985	0.0823
339.00	16	0.2188	-0.3542	0.0109
340.00	17	0.6729	-0.0726	0.8650
341.00	17	0.4765	0.1929	0.8310
342.00	17	0.3252	0.4930	0.8101
343.00	17	0.1499	0.7840	0.8270
344.00	17	0.0186	1.0167	0.8241
345.00	17	-0.1437	0.7334	0.8394
346.00	17	-0.1347	0.5137	0.8263
347.00	17	-0.0770	0.2042	0.8456
348.00	17	-0.1062	0.0696	0.8777
349.00	17	-0.2149	-0.1524	0.8630
350.00	17	-0.0138	-0.1665	0.8490
351.00	17	-0.0120	-0.1687	0.7448
352.00	17	-0.0113	-0.1697	0.6424
353.00	17	-0.0080	-0.1721	0.4930
354.00	17	-0.0039	-0.1728	0.4080
355.00	17	0.0037	-0.1730	0.3006
356.00	17	0.0139	-0.1766	0.1510
357.00	17	0.0446	-0.2181	0.1352
358.00	17	0.1456	-0.3152	0.0854
359.00	17	0.2188	-0.3542	0.0109
360.00	18	0.6798	-0.0816	0.8654
361.00	18	0.4764	0.1927	0.8311
362.00	18	0.3253	0.4909	0.8089
363.00	18	0.1507	0.7838	0.8276
364.00	18	0.0180	1.0154	0.8247
365.00	18	-0.1402	0.7296	0.8399
366.00	18	-0.1290	0.5068	0.8283
367.00	18	-0.0761	0.2058	0.8467
368.00	18	-0.1060	0.0701	0.8782
369.00	18	-0.2157	-0.1503	0.8613
370.00	18	-0.0136	-0.1670	0.8360
371.00	18	-0.0121	-0.1686	0.7518
372.00	18	-0.0111	-0.1700	0.6226
373.00	18	-0.0096	-0.1714	0.5417
374.00	18	-0.0039	-0.1728	0.4080
375.00	18	0.0080	-0.1737	0.2379
376.00	18	0.0106	-0.1749	0.1973
377.00	18	0.0479	-0.2223	0.1334
378.00	18	0.1561	-0.3198	0.0852
379.00	18	0.2188	-0.3542	0.0109
380.00	19	0.6734	-0.0733	0.8650
381.00	19	0.4763	0.1926	0.8312
382.00	19	0.3254	0.4913	0.8091
383.00	19	0.1507	0.7838	0.8276
384.00	19	0.0180	1.0154	0.8247
385.00	19	-0.1431	0.7326	0.8395
386.00	19	-0.1294	0.5073	0.8282
387.00	19	-0.0768	0.2045	0.8459
388.00	19	-0.1057	0.0710	0.8790
389.00	19	-0.2160	-0.1492	0.8604
390.00	19	-0.0138	-0.1666	0.8470
391.00	19	-0.0119	-0.1688	0.7340
392.00	19	-0.0111	-0.1700	0.6226
393.00	19	-0.0097	-0.1713	0.5498
394.00	19	-0.0010	-0.1729	0.3640
395.00	19	0.0042	-0.1730	0.2927
396.00	19	0.0229	-0.1880	0.1404
397.00	19	0.0479	-0.2223	0.1334
398.00	19	0.1813	-0.3324	0.0802
399.00	19	0.2188	-0.3542	0.0109
400.00	20	0.6755	-0.0759	0.8652
401.00	20	0.4759	0.1923	0.8316
402.00	20	0.3252	0.4924	0.8097
403.00	20	0.1498	0.7841	0.8268
404.00	20	0.0180	1.0154	0.8247
405.00	20	-0.1451	0.7349	0.8391
406.00	20	-0.1298	0.5077	0.8280
407.00	20	-0.0763	0.2053	0.8464
408.00	20	-0.1064	0.0690	0.8770
409.00	20	-0.2160	-0.1487	0.8600
410.00	20	-0.0135	-0.1671	0.8336
411.00	20	-0.0121	-0.1686	0.7518
412.00	20	-0.0109	-0.1703	0.6066
413.00	20	-0.0087	-0.1718	0.5133
414.00	20	-0.0048	-0.1728	0.4241
415.00	20	0.0037	-0.1730	0.3006
416.00	20	0.0111	-0.1752	0.1902
417.00	20	0.0524	-0.2280	0.1303
418.00	20	0.1899	-0.3365	0.0763
419.00	20	0.2188	-0.3542	0.0109
420.00	21	0.6734	-0.0733	0.8650
421.00	21	0.4772	0.1934	0.8303
422.00	21	0.3254	0.4916	0.8093
423.00	21	0.1510	0.7836	0.8278
424.00	21	0.0172	1.0139	0.8251
425.00	21	-0.1444	0.7341	0.8393
426.00	21	-0.1273	0.5046	0.8290
427.00	21	-0.0761	0.2057	0.8466
428.00	21	-0.1057	0.0710	0.8790
429.00	21	-0.2160	-0.1494	0.8606
430.00	21	-0.0134	-0.1673	0.8287
431.00	21	-0.0118	-0.1690	0.7193
432.00	21	-0.0112	-0.1699	0.6305
433.00	21	-0.0078	-0.1722	0.4889
434.00	21	-0.0012	-0.1729	0.3679
435.00	21	0.0080	-0.1737	0.2379
436.00	21	0.0229	-0.1880	0.1404
437.00	21	0.0493	-0.2243	0.1324
438.00	21	0.1813	-0.3324	0.0802
439.00	21	0.2188	-0.3542	0.0109
440.00	22	0.6739	-0.0739	0.8651
441.00	22	0.4766	0.1929	0.8309
442.00	22	0.3252	0.4928	0.8100
443.00	22	0.1504	0.7838	0.8273
444.00	22	0.0167	1.0131	0.8254
445.00	22	-0.1458	0.7357	0.8391
446.00	22	-0.1298	0.5077	0.8280
447.00	22	-0.0765	0.2050	0.8463
448.00	22	-0.1059	0.0704	0.8785
449.00	22	-0.2161	-0.1485	0.8598
450.00	22	-0.0132	-0.1675	0.8209
451.00	22	-0.0117	-0.1690	0.7118
452.00	22	-0.0111	-0.1700	0.6266
453.00	22	-0.0070	-0.1724	0.4687
454.00	22	-0.0010	-0.1729	0.3640
455.00	22	0.0078	-0.1737	0.2417
456.00	22	0.0136	-0.1764	0.1541
457.00	22	0.0666	-0.2427	0.1209
458.00	22	0.1899	-0.3365	0.0763
459.00	22	0.2188	-0.3542	0.0109
460.00	23	0.6709	-0.0699	0.8649
461.00	23	0.4783	0.1941	0.8294
462.00	23	0.3252	0.4925	0.8098
463.00	23	0.1502	0.7839	0.8272
464.00	23	0.0170	1.0135	0.8252
465.00	23	-0.1473	0.7372	0.8389
466.00	23	-0.1321	0.5105	0.8272
467.00	23	-0.0764	0.2052	0.8464
468.00	23	-0.1056	0.0711	0.8791
469.00	23	-0.2160	-0.1492	0.8604
470.00	23	-0.0132	-0.1676	0.8182
471.00	23	-0.0116	-0.1691	0.6968
472.00	23	-0.0108	-0.1704	0.5985
473.00	23	-0.0072	-0.1723	0.4727
474.00	23	-0.0024	-0.1728	0.3840
475.00	23	0.0078	-0.1737	0.2417
476.00	23	0.0229	-0.1880	0.1404
477.00	23	0.0524	-0.2280	0.1303
478.00	23	0.1347	-0.3102	0.0855
479.00	23	0.2188	-0.3542	0.0109
480.00	24	0.6729	-0.0726	0.8650
481.00	24	0.4775	0.1936	0.8301
482.00	24	0.3253	0.4921	0.8096
483.00	24	0.1509	0.7837	0.8278
484.00	24	0.0189	1.0178	0.8237
485.00	24	-0.1437	0.7334	0.8394
486.00	24	-0.1309	0.5091	0.8276
487.00	24	-0.0764	0.2051	0.8463
488.00	24	-0.1061	0.0699	0.8780
489.00	24	-0.2160	-0.1487	0.8600
490.00	24	-0.0137	-0.1668	0.8428
491.00	24	-0.0118	-0.1689	0.7231
492.00	24	-0.0104	-0.1707	0.5783
493.00	24	-0.0083	-0.1720	0.5011
494.00	24	-0.0024	-0.1728	0.3840
495.00	24	0.0075	-0.1736	0.2456
496.00	24	0.0122	-0.1756	0.1733
497.00	24	0.0666	-0.2427	0.1209
498.00	24	0.1347	-0.3102	0.0855
499.00	24	0.2188	-0.3542	0.0109
500.00	25	0.6689	-0.0674	0.8647
501.00	25	0.4783	0.1941	0.8294
502.00	25	0.3250	0.4945	0.8108
503.00	25	0.1512	0.7835	0.8279
504.00	25	0.0187	1.0170	0.8240
505.00	25	-0.1367	0.7258	0.8404
506.00	25	-0.1252	0.5020	0.8300
507.00	25	-0.0761	0.2061	0.8468
508.00	25	-0.1057	0.0710	0.8790
509.00	25	-0.2156	-0.1508	0.8617
510.00	25	-0.0137	-0.1668	0.8406
511.00	25	-0.0118	-0.1689	0.7267
512.00	25	-0.0111	-0.1700	0.6226
513.00	25	-0.0077	-0.1722	0.4848
514.00	25	-0.0010	-0.1729	0.3640
515.00	25	0.0083	-0.1738	0.2341
516.00	25	0.0230	-0.1900	0.1423
517.00	25	0.0666	-0.2427	0.1209
518.00	25	0.1717	-0.3274	0.0829
519.00	25	0.2188	-0.3542	0.0109
520.00	26	0.6699	-0.0686	0.8648
521.00	26	0.4770	0.1932	0.8305
522.00	26	0.3251	0.4941	0.8106
523.00	26	0.1519	0.7831	0.8286
524.00	26	0.0188	1.0173	0.8239
525.00	26	-0.1410	0.7303	0.8399
526.00	26	-0.1263	0.5034	0.8294
527.00	26	-0.0763	0.2053	0.8464
528.00	26	-0.1058	0.0708	0.8789
529.00	26	-0.2162	-0.1480	0.8595
530.00	26	-0.0130	-0.1678	0.8098
531.00	26	-0.0116	-0.1691	0.6968
532.00	26	-0.0101	-0.1709	0.5662
533.00	26	-0.0069	-0.1724	0.4646
534.00	26	0.0008	-0.1728	0.3402
535.00	26	0.0095	-0.1744	0.2153
536.00	26	0.0136	-0.1764	0.1541
537.00	26	0.0837	-0.2606	0.1081
538.00	26	0.1613	-0.3224	0.0844
539.00	26	0.2188	-0.3542	0.0109
540.00	27	0.6689	-0.0674	0.8647
541.00	27	0.4781	0.1939	0.8296
542.00	27	0.3252	0.4925	0.8098
543.00	27	0.1518	0.7832	0.8285
544.00	27	0.0178	1.0151	0.8248
545.00	27	-0.1424	0.7319	0.8397
546.00	27	-0.1298	0.5077	0.8280
547.00	27	-0.0760	0.2059	0.8467
548.00	27	-0.1060	0.0700	0.8781
549.00	27	-0.2162	-0.1473	0.8589
550.00	27	-0.0133	-0.1674	0.8235
551.00	27	-0.0119	-0.1687	0.7412
552.00	27	-0.0108	-0.1703	0.6026
553.00	27	-0.0067	-0.1725	0.4605
554.00	27	-0.0024	-0.1728	0.3840
555.00	27	0.0060	-0.1732	0.2690
556.00	27	0.0260	-0.1958	0.1437
557.00	27	0.0563	-0.2320	0.1278
558.00	27	0.1507	-0.3174	0.0855
559.00	27	0.2188	-0.3542	0.0109
560.00	28	0.6663	-0.0640	0.8645
561.00	28	0.4776	0.1937	0.8300
562.00	28	0.3250	0.4948	0.8109
563.00	28	0.1515	0.7834	0.8283
564.00	28	0.0165	1.0127	0.8256
565.00	28	-0.1340	0.7228	0.8407
566.00	28	-0.1244	0.5011	0.8304
567.00	28	-0.0761	0.2060	0.8468
568.00	28	-0.1058	0.0706	0.8787
569.00	28	-0.2160	-0.1489	0.8602
570.00	28	-0.0129	-0.1679	0.8040
571.00	28	-0.0116	-0.1692	0.6930
572.00	28	-0.0109	-0.1703	0.6106
573.00	28	-0.0081	-0.1720	0.4970
574.00	28	0.0011	-0.1728	0.3362
575.00	28	0.0083	-0.1738	0.2341
576.00	28	0.0278	-0.1988	0.1435
577.00	28	0.0899	-0.2676	0.1032
578.00	28	0.2219	-0.3513	0.0271
579.00	28	0.2188	-0.3542	0.0109
580.00	29	0.6739	-0.0739	0.8651
581.00	29	0.4792	0.1946	0.8289
582.00	29	0.3252	0.4928	0.8100
583.00	29	0.1520	0.7831	0.8287
584.00	29	0.0174	1.0143	0.8250
585.00	29	-0.1402	0.7296	0.8399
586.00	29	-0.1283	0.5059	0.8285
587.00	29	-0.0763	0.2053	0.8464
588.00	29	-0.1055	0.0717	0.8795
589.00	29	-0.2162	-0.1473	0.8589
590.00	29	-0.0134	-0.1672	0.8312
591.00	29	-0.0116	-0.1692	0.6930
592.00	29	-0.0112	-0.1699	0.6305
593.00	29	-0.0086	-0.1719	0.5092
594.00	29	0.0017	-0.1728	0.3283
595.00	29	0.0065	-0.1733	0.2613
596.00	29	0.0260	-0.1958	0.1437
597.00	29	0.0493	-0.2243	0.1324
598.00	29	0.2062	-0.3444	0.0597
599.00	29	0.2188	-0.3542	0.0109
600.00	30	0.6694	-0.0680	0.8647
601.00	30	0.4774	0.1935	0.8302
602.00	30	0.3250	0.4943	0.8107
603.00	30	0.1518	0.7832	0.8285
604.00	30	0.0176	1.0147	0.8249
605.00	30	-0.1410	0.7303	0.8399
606.00	30	-0.1263	0.5034	0.8294
607.00	30	-0.0761	0.2058	0.8467
608.00	30	-0.1054	0.0721	0.8798
609.00	30	-0.2162	-0.1465	0.8581
610.00	30	-0.0125	-0.1683	0.7790
611.00	30	-0.0119	-0.1688	0.7376
612.00	30	-0.0105	-0.1707	0.5823
613.00	30	-0.0063	-0.1726	0.4524
614.00	30	-0.0007	-0.1728	0.3600
615.00	30	0.0090	-0.1742	0.2227
616.00	30	0.0172	-0.1795	0.1438
617.00	30	0.0837	-0.2606	0.1081
618.00	30	0.1899	-0.3365	0.0763
619.00	30	0.2188	-0.3542	0.0109
620.00	31	0.6679	-0.0661	0.8647
621.00	31	0.4792	0.1946	0.8289
622.00	31	0.3252	0.4927	0.8099
623.00	31	0.1511	0.7836	0.8279
624.00	31	0.0129	1.0071	0.8269
625.00	31	-0.1375	0.7266	0.8403
626.00	31	-0.1294	0.5073	0.8282
627.00	31	-0.0761	0.2062	0.8469
628.00	31	-0.1055	0.0715	0.8794
629.00	31	-0.2162	-0.1463	0.8580
630.00	31	-0.0134	-0.1673	0.8287
631.00	31	-0.0117	-0.1690	0.7156
632.00	31	-0.0102	-0.1709	0.5702
633.00	31	-0.0075	-0.1722	0.4808
634.00	31	-0.0018	-0.1728	0.3760
635.00	31	0.0104	-0.1748	0.2009
636.00	31	0.0269	-0.1973	0.1437
637.00	31	0.0715	-0.2481	0.1171
638.00	31	0.1668	-0.3246	0.0840
639.00	31	0.2188	-0.3542	0.0109
640.00	32	0.6675	-0.0655	0.8646
641.00	32	0.4789	0.1944	0.8291
642.00	32	0.3250	0.4945	0.8108
643.00	32	0.1524	0.7827	0.8291
644.00	32	0.0178	1.0151	0.8248
645.00	32	-0.1353	0.7243	0.8406
646.00	32	-0.1252	0.5020	0.8300
647.00	32	-0.0761	0.2058	0.8467
648.00	32	-0.1054	0.0722	0.8798
649.00	32	-0.2162	-0.1469	0.8585
650.00	32	-0.0130	-0.1678	0.8098
651.00	32	-0.0114	-0.1695	0.6659
652.00	32	-0.0105	-0.1707	0.5823
653.00	32	-0.0053	-0.1728	0.4322
654.00	32	0.0008	-0.1728	0.3402
655.00	32	0.0104	-0.1748	0.2009
656.00	32	0.0227	-0.1882	0.1411
657.00	32	0.0715	-0.2481	0.1171
658.00	32	0.2168	-0.3494	0.0426
659.00	32	0.2188	-0.3542	0.0109
660.00	33	0.6656	-0.0630	0.8644
661.00	33	0.4797	0.1949	0.8286
662.00	33	0.3251	0.4939	0.8105
663.00	33	0.1522	0.7829	0.8290
664.00	33	0.0159	1.0117	0.8259
665.00	33	-0.1402	0.7296	0.8399
666.00	33	-0.1260	0.5030	0.8295
667.00	33	-0.0761	0.2062	0.8470
668.00	33	-0.1053	0.0728	0.8802
669.00	33	-0.2162	-0.1461	0.8578
670.00	33	-0.0129	-0.1679	0.8069
671.00	33	-0.0116	-0.1691	0.7043
672.00	33	-0.0096	-0.1714	0.5417
673.00	33	-0.0044	-0.1728	0.4161
674.00	33	-0.0012	-0.1729	0.3679
675.00	33	0.0113	-0.1753	0.1868
676.00	33	0.0300	-0.2016	0.1427
677.00	33	0.0639	-0.2399	0.1229
678.00	33	0.2197	-0.3505	0.0354
679.00	33	0.2188	-0.3542	0.0109
680.00	34	0.6670	-0.0650	0.8646
681.00	34	0.4789	0.1944	0.8291
682.00	34	0.3251	0.4937	0.8104
683.00	34	0.1509	0.7837	0.8278
684.00	34	0.0156	1.0112	0.8260
685.00	34	-0.1285	0.7170	0.8413
686.00	34	-0.1240	0.5006	0.8307
687.00	34	-0.0761	0.2060	0.8468
688.00	34	-0.1056	0.0713	0.8792
689.00	34	-0.2160	-0.1487	0.8600
690.00	34	-0.0132	-0.1675	0.8209
691.00	34	-0.0118	-0.1690	0.7193
692.00	34	-0.0096	-0.1714	0.5417
693.00	34	-0.0074	-0.1723	0.4768
694.00	34	0.0019	-0.1728	0.3244
695.00	34	0.0083	-0.1738	0.2341
696.00	34	0.0198	-0.1828	0.1421
697.00	34	0.0639	-0.2399	0.1229
698.00	34	0.1767	-0.3300	0.0814
699.00	34	0.2188	-0.3542	0.0109
700.00	35	0.6670	-0.0650	0.8646
701.00	35	0.4778	0.1937	0.8298
702.00	35	0.3251	0.4938	0.8105
703.00	35	0.1524	0.7827	0.8291
704.00	35	0.0109	1.0043	0.8275
705.00	35	-0.1312	0.7199	0.8411
706.00	35	-0.1252	0.5020	0.8300
707.00	35	-0.0761	0.2062	0.8469
708.00	35	-0.1055	0.0714	0.8793
709.00	35	-0.2160	-0.1487	0.8600
710.00	35	-0.0124	-0.1683	0.7757
711.00	35	-0.0117	-0.1690	0.7118
712.00	35	-0.0103	-0.1708	0.5743
713.00	35	-0.0058	-0.1727	0.4403
714.00	35	0.0011	-0.1728	0.3362
715.00	35	0.0118	-0.1754	0.1800
716.00	35	0.0172	-0.1795	0.1438
717.00	35	0.0807	-0.2574	0.1103
718.00	35	0.1936	-0.3383	0.0723
719.00	35	0.2188	-0.3542	0.0109
720.00	36	0.6670	-0.0650	0.8646
721.00	36	0.4783	0.1941	0.8294
722.00	36	0.3250	0.4946	0.8108
723.00	36	0.1524	0.7827	0.8291
724.00	36	0.0124	1.0065	0.8271
725.00	36	-0.1278	0.7163	0.8414
726.00	36	-0.1257	0.5027	0.8297
727.00	36	-0.0762	0.2062	0.8470
728.00	36	-0.1055	0.0718	0.8796
729.00	36	-0.2160	-0.1487	0.8600
730.00	36	-0.0129	-0.1679	0.8069
731.00	36	-0.0113	-0.1696	0.6503
732.00	36	-0.0091	-0.1716	0.5254
733.00	36	-0.0042	-0.1728	0.4120
734.00	36	0.0019	-0.1728	0.3244
735.00	36	0.0093	-0.1743	0.2190
736.00	36	0.0227	-0.1890	0.1417
737.00	36	0.0776	-0.2541	0.1127
738.00	36	0.1899	-0.3365	0.0763
739.00	36	0.2188	-0.3542	0.0109
740.00	37	0.6645	-0.0616	0.8644
741.00	37	0.4792	0.1946	0.8289
742.00	37	0.3250	0.4946	0.8108
743.00	37	0.1513	0.7835	0.8280
744.00	37	0.0146	1.0096	0.8263
745.00	37	-0.1252	0.7135	0.8417
746.00	37	-0.1244	0.5011	0.8304
747.00	37	-0.0761	0.2061	0.8468
748.00	37	-0.1053	0.0732	0.8804
749.00	37	-0.2162	-0.1461	0.8578
750.00	37	-0.0126	-0.1682	0.7918
751.00	37	-0.0113	-0.1696	0.6541
752.00	37	-0.0102	-0.1709	0.5702
753.00	37	-0.0034	-0.1728	0.3999
754.00	37	0.0031	-0.1729	0.3085
755.00	37	0.0104	-0.1748	0.2009
756.00	37	0.0243	-0.1928	0.1432
757.00	37	0.1075	-0.2885	0.0887
758.00	37	0.1980	-0.3402	0.0684
759.00	37	0.2188	-0.3542	0.0109
760.00	38	0.6645	-0.0616	0.8644
761.00	38	0.4794	0.1948	0.8287
762.00	38	0.3250	0.4959	0.8114
763.00	38	0.1516	0.7833	0.8284
764.00	38	0.0142	1.0090	0.8265
765.00	38	-0.1306	0.7192	0.8411
766.00	38	-0.1252	0.5020	0.8300
767.00	38	-0.0761	0.2061	0.8468
768.00	38	-0.1055	0.0715	0.8794
769.00	38	-0.2162	-0.1457	0.8574
770.00	38	-0.0128	-0.1680	0.7980
771.00	38	-0.0117	-0.1690	0.7118
772.00	38	-0.0095	-0.1714	0.5377
773.00	38	-0.0058	-0.1727	0.4403
774.00	38	0.0014	-0.1728	0.3322
775.00	38	0.0090	-0.1742	0.2227
776.00	38	0.0251	-0.1942	0.1435
777.00	38	0.0690	-0.2454	0.1191
778.00	38	0.2197	-0.3505	0.0354
779.00	38	0.2188	-0.3542	0.0109
780.00	39	0.6689	-0.0674	0.8647
781.00	39	0.4794	0.1948	0.8287
782.00	39	0.3250	0.4954	0.8112
783.00	39	0.1515	0.7834	0.8283
784.00	39	0.0119	1.0057	0.8272
785.00	39	-0.1265	0.7149	0.8416
786.00	39	-0.1240	0.5006	0.8307
787.00	39	-0.0761	0.2062	0.8469
788.00	39	-0.1053	0.0726	0.8801
789.00	39	-0.2162	-0.1473	0.8589
790.00	39	-0.0126	-0.1682	0.7918
791.00	39	-0.0116	-0.1691	0.7043
792.00	39	-0.0097	-0.1713	0.5498
793.00	39	-0.0065	-0.1725	0.4565
794.00	39	0.0011	-0.1728	0.3362
795.00	39	0.0115	-0.1753	0.1833
796.00	39	0.0333	-0.2051	0.1413
797.00	39	0.1168	-0.2985	0.0823
798.00	39	0.2306	-0.3533	0.0076
799.00	39	0.2188	-0.3542	0.0109
800.00	40	0.6634	-0.0602	0.8643
801.00	40	0.4781	0.1939	0.8296
802.00	40	0.3250	0.4946	0.8108
803.00	40	0.1520	0.7831	0.8287
804.00	40	0.0124	1.0065	0.8271
805.00	40	-0.1319	0.7207	0.8410
806.00	40	-0.1257	0.5027	0.8297
807.00	40	-0.0762	0.2062	0.8470
808.00	40	-0.1053	0.0732	0.8804
809.00	40	-0.2162	-0.1475	0.8591
810.00	40	-0.0123	-0.1684	0.7724
811.00	40	-0.0114	-0.1694	0.6698
812.00	40	-0.0105	-0.1707	0.5823
813.00	40	-0.0055	-0.1727	0.4362
814.00	40	0.0039	-0.1729	0.2967
815.00	40	0.0122	-0.1756	0.1733
816.00	40	0.0260	-0.1958	0.1437
817.00	40	0.1456	-0.3152	0.0854
818.00	40	0.2240	-0.3606	0.0160
819.00	40	0.2188	-0.3542	0.0109
820.00	41	0.6624	-0.0589	0.8642
821.00	41	0.4786	0.1943	0.8293
822.00	41	0.3250	0.4953	0.8111
823.00	41	0.1527	0.7825	0.8294
824.00	41	0.0114	1.0050	0.8273
825.00	41	-0.1285	0.7170	0.8413
826.00	41	-0.1252	0.5020	0.8300
827.00	41	-0.0761	0.2060	0.8468
828.00	41	-0.1053	0.0730	0.8803
829.00	41	-0.2161	-0.1451	0.8568
830.00	41	-0.0122	-0.1685	0.7622
831.00	41	-0.0115	-0.1693	0.6814
832.00	41	-0.0097	-0.1713	0.5498
833.00	41	-0.0061	-0.1726	0.4484
834.00	41	0.0060	-0.1732	0.2690
835.00	41	0.0127	-0.1758	0.1667
836.00	41	0.0369	-0.2088	0.1396
837.00	41	0.0744	-0.2510	0.1151
838.00	41	0.2240	-0.3520	0.0187
839.00	41	0.2188	-0.3542	0.0109
840.00	42	0.6679	-0.0661	0.8647
841.00	42	0.4803	0.1952	0.8282
842.00	42	0.3250	0.4953	0.8111
843.00	42	0.1526	0.7826	0.8293
844.00	42	0.0071	0.9996	0.8284
845.00	42	-0.1232	0.7114	0.8419
846.00	42	-0.1220	0.4985	0.8324
847.00	42	-0.0761	0.2060	0.8468
848.00	42	-0.1053	0.0728	0.8802
849.00	42	-0.2158	-0.1441	0.8559
850.00	42	-0.0128	-0.1680	0.7980
851.00	42	-0.0115	-0.1692	0.6853
852.00	42	-0.0092	-0.1716	0.5295
853.00	42	-0.0050	-0.1728	0.4281
854.00	42	0.0062	-0.1733	0.2651
855.00	42	0.0113	-0.1753	0.1868
856.00	42	0.0287	-0.2002	0.1431
857.00	42	0.1300	-0.3074	0.0847
858.00	42	0.2213	-0.3625	0.0117
859.00	42	0.2188	-0.3542	0.0109
860.00	43	0.6663	-0.0640	0.8645
861.00	43	0.4798	0.1950	0.8286
862.00	43	0.3250	0.4949	0.8110
863.00	43	0.1525	0.7826	0.8292
864.00	43	0.0114	1.0050	0.8273
865.00	43	-0.1226	0.7107	0.8420
866.00	43	-0.1219	0.4984	0.8325
867.00	43	-0.0761	0.2061	0.8468
868.00	43	-0.1054	0.0722	0.8798
869.00	43	-0.2162	-0.1465	0.8581
870.00	43	-0.0122	-0.1684	0.7656
871.00	43	-0.0115	-0.1693	0.6814
872.00	43	-0.0088	-0.1718	0.5173
873.00	43	-0.0042	-0.1728	0.4120
874.00	43	0.0067	-0.1734	0.2573
875.00	43	0.0095	-0.1744	0.2153
876.00	43	0.0278	-0.1988	0.1435
877.00	43	0.0899	-0.2676	0.1032
878.00	43	0.2138	-0.3481	0.0493
879.00	43	0.2188	-0.3542	0.0109
880.00	44	0.6659	-0.0635	0.8645
881.00	44	0.4807	0.1955	0.8279
882.00	44	0.3249	0.4962	0.8116
883.00	44	0.1529	0.7824	0.8297
884.00	44	0.0134	1.0078	0.8268
885.00	44	-0.1238	0.7120	0.8418
886.00	44	-0.1222	0.4987	0.8322
887.00	44	-0.0761	0.2061	0.8468
888.00	44	-0.1053	0.0729	0.8802
889.00	44	-0.2161	-0.1451	0.8568
890.00	44	-0.0125	-0.1683	0.7855
891.00	44	-0.0112	-0.1699	0.6305
892.00	44	-0.0086	-0.1719	0.5092
893.00	44	-0.0039	-0.1728	0.4080
894.00	44	0.0022	-0.1729	0.3205
895.00	44	0.0098	-0.1745	0.2116
896.00	44	0.0463	-0.2203	0.1343
897.00	44	0.1668	-0.3246	0.0840
898.00	44	0.2191	-0.3602	0.0112
899.00	44	0.2188	-0.3542	0.0109
900.00	45	0.6663	-0.0640	0.8645
901.00	45	0.4792	0.1946	0.8289
902.00	45	0.3249	0.4963	0.8117
903.00	45	0.1536	0.7818	0.8306
904.00	45	0.0084	1.0012	0.8281
905.00	45	-0.1259	0.7142	0.8416
906.00	45	-0.1240	0.5006	0.8307
907.00	45	-0.0763	0.2062	0.8471
908.00	45	-0.1053	0.0725	0.8800
909.00	45	-0.2162	-0.1461	0.8578
910.00	45	-0.0121	-0.1686	0.7518
911.00	45	-0.0115	-0.1692	0.6853
912.00	45	-0.0078	-0.1722	0.4889
913.00	45	-0.0044	-0.1728	0.4161
914.00	45	0.0062	-0.1733	0.2651
915.00	45	0.0122	-0.1756	0.1733
916.00	45	0.0493	-0.2243	0.1324
917.00	45	0.1116	-0.2934	0.0855
918.00	45	0.2191	-0.3602	0.0112
919.00	45	0.2188	-0.3542	0.0109
920.00	46	0.6603	-0.0560	0.8640
921.00	46	0.4790	0.1945	0.8290
922.00	46	0.3250	0.4948	0.8109
923.00	46	0.1535	0.7818	0.8304
924.00	46	0.0124	1.0065	0.8271
925.00	46	-0.1278	0.7163	0.8414
926.00	46	-0.1240	0.5006	0.8307
927.00	46	-0.0762	0.2062	0.8470
928.00	46	-0.1053	0.0728	0.8802
929.00	46	-0.2162	-0.1457	0.8574
930.00	46	-0.0125	-0.1683	0.7855
931.00	46	-0.0114	-0.1695	0.6659
932.00	46	-0.0085	-0.1719	0.5052
933.00	46	-0.0012	-0.1729	0.3679
934.00	46	0.0067	-0.1734	0.2573
935.00	46	0.0115	-0.1753	0.1833
936.00	46	0.0479	-0.2223	0.1334
937.00	46	0.1168	-0.2985	0.0823
938.00	46	0.2187	-0.3603	0.0134
939.00	46	0.2188	-0.3542	0.0109
940.00	47	0.6656	-0.0630	0.8644
941.00	47	0.4809	0.1956	0.8278
942.00	47	0.3250	0.4954	0.8112
943.00	47	0.1532	0.7821	0.8300
944.00	47	0.0042	0.9963	0.8290
945.00	47	-0.1193	0.7072	0.8423
946.00	47	-0.1214	0.4979	0.8328
947.00	47	-0.0763	0.2061	0.8472
948.00	47	-0.1053	0.0726	0.8801
949.00	47	-0.2157	-0.1438	0.8555
950.00	47	-0.0121	-0.1686	0.7518
951.00	47	-0.0113	-0.1696	0.6541
952.00	47	-0.0077	-0.1722	0.4848
953.00	47	-0.0044	-0.1728	0.4161
954.00	47	0.0037	-0.1730	0.3006
955.00	47	0.0118	-0.1754	0.1800
956.00	47	0.0588	-0.2343	0.1264
957.00	47	0.1561	-0.3198	0.0852
958.00	47	0.2212	-0.3611	0.0065
959.00	47	0.2188	-0.3542	0.0109
960.00	48	0.6603	-0.0560	0.8640
961.00	48	0.4809	0.1956	0.8278
962.00	48	0.3250	0.4957	0.8113
963.00	48	0.1532	0.7821	0.8300
964.00	48	0.0071	0.9996	0.8284
965.00	48	-0.1285	0.7170	0.8413
966.00	48	-0.1215	0.4980	0.8327
967.00	48	-0.0763	0.2061	0.8472
968.00	48	-0.1054	0.0738	0.8807
969.00	48	-0.2162	-0.1461	0.8578
970.00	48	-0.0121	-0.1686	0.7553
971.00	48	-0.0111	-0.1700	0.6266
972.00	48	-0.0080	-0.1721	0.4930
973.00	48	-0.0053	-0.1728	0.4322
974.00	48	0.0048	-0.1730	0.2849
975.00	48	0.0106	-0.1749	0.1973
976.00	48	0.0428	-0.2156	0.1360
977.00	48	0.1000	-0.2794	0.0950
978.00	48	0.2218	-0.3619	0.0158
979.00	48	0.2188	-0.3542	0.0109
980.00	49	0.6648	-0.0620	0.8644
981.00	49	0.4799	0.1950	0.8285
982.00	49	0.3249	0.4964	0.8117
983.00	49	0.1529	0.7824	0.8297
984.00	49	0.0090	1.0021	0.8280
985.00	49	-0.1193	0.7072	0.8423
986.00	49	-0.1212	0.4976	0.8331
987.00	49	-0.0762	0.2061	0.8471
988.00	49	-0.1053	0.0732	0.8804
989.00	49	-0.2159	-0.1443	0.8561
990.00	49	-0.0117	-0.1690	0.7156
991.00	49	-0.0112	-0.1698	0.6384
992.00	49	-0.0087	-0.1718	0.5133
993.00	49	-0.0032	-0.1728	0.3959
994.00	49	0.0034	-0.1730	0.3046
995.00	49	0.0109	-0.1751	0.1938
996.00	49	0.0666	-0.2427	0.1209
997.00	49	0.1717	-0.3274	0.0829
998.00	49	0.2210	-0.3624	0.0145
999.00	49	0.2188	-0.3542	0.0109
