0.00	0	-0.1768	1.2135	0.8197
1.00	0	-0.1102	1.0977	0.8427
2.00	0	-0.1692	0.8919	0.8610
3.00	0	-0.2088	0.7068	0.8428
4.00	0	-0.2693	0.5151	0.8339
5.00	0	-0.3100	0.3007	0.8400
6.00	0	-0.3670	0.1280	0.8399
7.00	0	-0.3052	0.0337	0.8314
8.00	0	-0.2215	-0.0267	0.8320
9.00	0	-0.0956	-0.1291	0.8899
10.00	0	-0.1048	-0.1227	0.8795
11.00	0	-0.1077	-0.1202	0.8552
12.00	0	-0.1092	-0.1180	0.8122
13.00	0	-0.1096	-0.1158	0.7275
14.00	0	-0.1093	-0.1154	0.6848
15.00	0	-0.1079	-0.1148	0.6116
16.00	0	-0.1041	-0.1132	0.5028
17.00	0	-0.1019	-0.1123	0.4609
18.00	0	-0.0975	-0.1104	0.3866
19.00	0	-0.0733	-0.1051	0.1448
20.00	1	-0.1768	1.2135	0.8197
21.00	1	-0.1068	1.0989	0.8424
22.00	1	-0.1692	0.8919	0.8610
23.00	1	-0.2088	0.7068	0.8428
24.00	1	-0.2690	0.5148	0.8340
25.00	1	-0.3095	0.3001	0.8400
26.00	1	-0.3711	0.1337	0.8400
27.00	1	-0.3052	0.0337	0.8314
28.00	1	-0.2215	-0.0267	0.8320
29.00	1	-0.0938	-0.1305	0.8896
30.00	1	-0.1065	-0.1213	0.8682
31.00	1	-0.1082	-0.1194	0.8430
32.00	1	-0.1096	-0.1170	0.7843
33.00	1	-0.1097	-0.1163	0.7497
34.00	1	-0.1092	-0.1154	0.6808
35.00	1	-0.1079	-0.1148	0.6116
36.00	1	-0.1055	-0.1138	0.5364
37.00	1	-0.1017	-0.1122	0.4567
38.00	1	-0.0970	-0.1101	0.3785
39.00	1	-0.0733	-0.1051	0.1448
40.00	2	-0.1768	1.2135	0.8197
41.00	2	-0.1053	1.0994	0.8422
42.00	2	-0.1763	0.8896	0.8601
43.00	2	-0.2086	0.7064	0.8430
44.00	2	-0.2690	0.5148	0.8340
45.00	2	-0.3091	0.2995	0.8399
46.00	2	-0.3704	0.1329	0.8400
47.00	2	-0.3052	0.0337	0.8314
48.00	2	-0.2215	-0.0267	0.8320
49.00	2	-0.0932	-0.1310	0.8895
50.00	2	-0.1067	-0.1211	0.8667
51.00	2	-0.1083	-0.1193	0.8408
52.00	2	-0.1092	-0.1180	0.8122
53.00	2	-0.1096	-0.1157	0.7199
54.00	2	-0.1091	-0.1153	0.6728
55.00	2	-0.1079	-0.1148	0.6116
56.00	2	-0.1046	-0.1134	0.5154
57.00	2	-0.1001	-0.1115	0.4276
58.00	2	-0.0945	-0.1091	0.3424
59.00	2	-0.0733	-0.1051	0.1448
60.00	3	-0.1768	1.2135	0.8197
61.00	3	-0.1032	1.1001	0.8419
62.00	3	-0.1784	0.8889	0.8598
63.00	3	-0.2087	0.7058	0.8431
64.00	3	-0.2693	0.5151	0.8339
65.00	3	-0.3063	0.2964	0.8394
66.00	3	-0.3711	0.1337	0.8400
67.00	3	-0.3052	0.0337	0.8314
68.00	3	-0.2215	-0.0267	0.8320
69.00	3	-0.0959	-0.1288	0.8899
70.00	3	-0.1069	-0.1210	0.8653
71.00	3	-0.1087	-0.1188	0.8312
72.00	3	-0.1093	-0.1177	0.8063
73.00	3	-0.1096	-0.1158	0.7238
74.00	3	-0.1093	-0.1154	0.6848
75.00	3	-0.1065	-0.1142	0.5615
76.00	3	-0.1033	-0.1129	0.4860
77.00	3	-0.1017	-0.1122	0.4567
78.00	3	-0.0975	-0.1104	0.3866
79.00	3	-0.0733	-0.1051	0.1448
80.00	4	-0.1768	1.2135	0.8197
81.00	4	-0.1032	1.1001	0.8419
82.00	4	-0.1692	0.8919	0.8610
83.00	4	-0.2086	0.7064	0.8430
84.00	4	-0.2693	0.5151	0.8339
85.00	4	-0.3081	0.2984	0.8397
86.00	4	-0.3675	0.1288	0.8399
87.00	4	-0.3041	0.0321	0.8313
88.00	4	-0.2185	-0.0314	0.8321
89.00	4	-0.0953	-0.1293	0.8898
90.00	4	-0.1061	-0.1217	0.8721
91.00	4	-0.1088	-0.1186	0.8261
92.00	4	-0.1096	-0.1170	0.7843
93.00	4	-0.1095	-0.1156	0.7045
94.00	4	-0.1090	-0.1153	0.6688
95.00	4	-0.1078	-0.1148	0.6075
96.00	4	-0.1055	-0.1138	0.5364
97.00	4	-0.1019	-0.1123	0.4609
98.00	4	-0.0959	-0.1097	0.3623
99.00	4	-0.0733	-0.1051	0.1448
100.00	5	-0.1771	1.2141	0.8189
101.00	5	-0.1111	1.0973	0.8428
102.00	5	-0.1692	0.8919	0.8610
103.00	5	-0.2090	0.7051	0.8432
104.00	5	-0.2690	0.5148	0.8340
105.00	5	-0.3059	0.2960	0.8393
106.00	5	-0.3693	0.1313	0.8400
107.00	5	-0.2995	0.0254	0.8311
108.00	5	-0.2147	-0.0372	0.8322
109.00	5	-0.0935	-0.1308	0.8895
110.00	5	-0.1069	-0.1210	0.8653
111.00	5	-0.1087	-0.1188	0.8312
112.00	5	-0.1096	-0.1169	0.7776
113.00	5	-0.1097	-0.1163	0.7497
114.00	5	-0.1086	-0.1151	0.6404
115.00	5	-0.1063	-0.1142	0.5573
116.00	5	-0.1028	-0.1126	0.4776
117.00	5	-0.0989	-0.1109	0.4071
118.00	5	-0.0975	-0.1104	0.3866
119.00	5	-0.0733	-0.1051	0.1448
120.00	6	-0.1768	1.2136	0.8196
121.00	6	-0.1151	1.0958	0.8431
122.00	6	-0.1709	0.8915	0.8608
123.00	6	-0.2087	0.7058	0.8431
124.00	6	-0.2686	0.5145	0.8340
125.00	6	-0.3077	0.2979	0.8396
126.00	6	-0.3664	0.1272	0.8399
127.00	6	-0.2977	0.0225	0.8309
128.00	6	-0.2215	-0.0267	0.8320
129.00	6	-0.0932	-0.1310	0.8895
130.00	6	-0.1048	-0.1227	0.8795
131.00	6	-0.1088	-0.1187	0.8287
132.00	6	-0.1096	-0.1169	0.7776
133.00	6	-0.1096	-0.1163	0.7533
134.00	6	-0.1088	-0.1152	0.6526
135.00	6	-0.1062	-0.1141	0.5532
136.00	6	-0.1055	-0.1138	0.5364
137.00	6	-0.1008	-0.1117	0.4401
138.00	6	-0.0967	-0.1100	0.3745
139.00	6	-0.0733	-0.1051	0.1448
140.00	7	-0.1769	1.2136	0.8196
141.00	7	-0.1111	1.0973	0.8428
142.00	7	-0.1692	0.8919	0.8610
143.00	7	-0.2096	0.7042	0.8432
144.00	7	-0.2635	0.5114	0.8345
145.00	7	-0.3059	0.2960	0.8393
146.00	7	-0.3641	0.1240	0.8399
147.00	7	-0.3016	0.0284	0.8312
148.00	7	-0.2130	-0.0400	0.8323
149.00	7	-0.0941	-0.1303	0.8896
150.00	7	-0.1050	-0.1225	0.8786
151.00	7	-0.1088	-0.1186	0.8261
152.00	7	-0.1093	-0.1177	0.8063
153.00	7	-0.1096	-0.1157	0.7161
154.00	7	-0.1093	-0.1154	0.6848
155.00	7	-0.1078	-0.1148	0.6075
156.00	7	-0.1027	-0.1125	0.4735
157.00	7	-0.1010	-0.1118	0.4443
158.00	7	-0.0939	-0.1089	0.3344
159.00	7	-0.0733	-0.1051	0.1448
160.00	8	-0.1771	1.2140	0.8192
161.00	8	-0.1182	1.0944	0.8433
162.00	8	-0.1837	0.8869	0.8591
163.00	8	-0.2087	0.7067	0.8429
164.00	8	-0.2645	0.5119	0.8344
165.00	8	-0.3100	0.3007	0.8400
166.00	8	-0.3641	0.1240	0.8399
167.00	8	-0.3021	0.0292	0.8312
168.00	8	-0.2117	-0.0420	0.8323
169.00	8	-0.0964	-0.1284	0.8900
170.00	8	-0.1069	-0.1210	0.8653
171.00	8	-0.1078	-0.1201	0.8533
172.00	8	-0.1092	-0.1180	0.8122
173.00	8	-0.1094	-0.1154	0.6927
174.00	8	-0.1087	-0.1152	0.6486
175.00	8	-0.1079	-0.1148	0.6116
176.00	8	-0.1050	-0.1136	0.5238
177.00	8	-0.0981	-0.1106	0.3947
178.00	8	-0.0945	-0.1091	0.3424
179.00	8	-0.0733	-0.1051	0.1448
180.00	9	-0.1773	1.2145	0.8186
181.00	9	-0.1111	1.0973	0.8428
182.00	9	-0.1763	0.8896	0.8601
183.00	9	-0.2088	0.7054	0.8432
184.00	9	-0.2690	0.5148	0.8340
185.00	9	-0.3055	0.2955	0.8392
186.00	9	-0.3658	0.1264	0.8399
187.00	9	-0.3001	0.0262	0.8311
188.00	9	-0.2105	-0.0438	0.8323
189.00	9	-0.0973	-0.1278	0.8900
190.00	9	-0.1073	-0.1206	0.8605
191.00	9	-0.1086	-0.1189	0.8337
192.00	9	-0.1097	-0.1164	0.7569
193.00	9	-0.1096	-0.1160	0.7350
194.00	9	-0.1085	-0.1150	0.6322
195.00	9	-0.1078	-0.1148	0.6075
196.00	9	-0.1022	-0.1124	0.4651
197.00	9	-0.0984	-0.1107	0.3988
198.00	9	-0.0961	-0.1098	0.3663
199.00	9	-0.0733	-0.1051	0.1448
200.00	10	-0.1769	1.2137	0.8194
201.00	10	-0.1161	1.0954	0.8432
202.00	10	-0.1871	0.8856	0.8587
203.00	10	-0.2086	0.7060	0.8431
204.00	10	-0.2686	0.5145	0.8340
205.00	10	-0.3059	0.2960	0.8393
206.00	10	-0.3687	0.1305	0.8400
207.00	10	-0.3031	0.0306	0.8313
208.00	10	-0.2191	-0.0305	0.8321
209.00	10	-0.0973	-0.1278	0.8900
210.00	10	-0.1075	-0.1204	0.8570
211.00	10	-0.1082	-0.1194	0.8430
212.00	10	-0.1094	-0.1176	0.8033
213.00	10	-0.1096	-0.1161	0.7424
214.00	10	-0.1084	-0.1150	0.6281
215.00	10	-0.1072	-0.1146	0.5866
216.00	10	-0.1022	-0.1124	0.4651
217.00	10	-0.0999	-0.1114	0.4235
218.00	10	-0.0937	-0.1088	0.3304
219.00	10	-0.0733	-0.1051	0.1448
220.00	11	-0.1771	1.2141	0.8191
221.00	11	-0.1068	1.0989	0.8424
222.00	11	-0.1848	0.8864	0.8590
223.00	11	-0.2086	0.7064	0.8430
224.00	11	-0.2632	0.5112	0.8345
225.00	11	-0.3059	0.2960	0.8393
226.00	11	-0.3625	0.1216	0.8398
227.00	11	-0.3047	0.0329	0.8313
228.00	11	-0.2130	-0.0400	0.8323
229.00	11	-0.0991	-0.1265	0.8897
230.00	11	-0.1077	-0.1202	0.8552
231.00	11	-0.1092	-0.1180	0.8122
232.00	11	-0.1093	-0.1175	0.8003
233.00	11	-0.1097	-0.1159	0.7313
234.00	11	-0.1087	-0.1151	0.6445
235.00	11	-0.1072	-0.1146	0.5866
236.00	11	-0.1015	-0.1121	0.4526
237.00	11	-0.0994	-0.1111	0.4153
238.00	11	-0.0932	-0.1086	0.3226
239.00	11	-0.0733	-0.1051	0.1448
240.00	12	-0.1770	1.2138	0.8193
241.00	12	-0.1204	1.0934	0.8433
242.00	12	-0.1837	0.8869	0.8591
243.00	12	-0.2093	0.7047	0.8432
244.00	12	-0.2648	0.5121	0.8343
245.00	12	-0.3047	0.2948	0.8390
246.00	12	-0.3681	0.1297	0.8399
247.00	12	-0.2977	0.0225	0.8309
248.00	12	-0.2185	-0.0314	0.8321
249.00	12	-0.0968	-0.1282	0.8900
250.00	12	-0.1075	-0.1204	0.8570
251.00	12	-0.1083	-0.1193	0.8408
252.00	12	-0.1096	-0.1170	0.7810
253.00	12	-0.1096	-0.1161	0.7424
254.00	12	-0.1085	-0.1150	0.6364
255.00	12	-0.1050	-0.1136	0.5238
256.00	12	-0.1027	-0.1125	0.4735
257.00	12	-0.1003	-0.1116	0.4318
258.00	12	-0.0945	-0.1091	0.3424
259.00	12	-0.0733	-0.1051	0.1448
260.00	13	-0.1771	1.2141	0.8191
261.00	13	-0.1111	1.0973	0.8428
262.00	13	-0.1837	0.8869	0.8591
263.00	13	-0.2104	0.7035	0.8432
264.00	13	-0.2655	0.5125	0.8343
265.00	13	-0.3081	0.2984	0.8397
266.00	13	-0.3630	0.1224	0.8398
267.00	13	-0.2981	0.0232	0.8310
268.00	13	-0.2117	-0.0420	0.8323
269.00	13	-0.0959	-0.1288	0.8899
270.00	13	-0.1070	-0.1209	0.8638
271.00	13	-0.1082	-0.1194	0.8430
272.00	13	-0.1096	-0.1161	0.7424
273.00	13	-0.1097	-0.1159	0.7313
274.00	13	-0.1087	-0.1151	0.6445
275.00	13	-0.1068	-0.1143	0.5699
276.00	13	-0.1028	-0.1126	0.4776
277.00	13	-0.0967	-0.1100	0.3745
278.00	13	-0.0953	-0.1095	0.3543
279.00	13	-0.0733	-0.1051	0.1448
280.00	14	-0.1773	1.2148	0.8183
281.00	14	-0.1061	1.0991	0.8423
282.00	14	-0.1848	0.8864	0.8590
283.00	14	-0.2099	0.7040	0.8432
284.00	14	-0.2626	0.5110	0.8346
285.00	14	-0.3047	0.2948	0.8390
286.00	14	-0.3630	0.1224	0.8398
287.00	14	-0.2972	0.0218	0.8309
288.00	14	-0.2136	-0.0391	0.8323
289.00	14	-0.0947	-0.1298	0.8897
290.00	14	-0.1077	-0.1202	0.8552
291.00	14	-0.1086	-0.1189	0.8337
292.00	14	-0.1096	-0.1163	0.7533
293.00	14	-0.1094	-0.1154	0.6927
294.00	14	-0.1078	-0.1148	0.6075
295.00	14	-0.1069	-0.1144	0.5742
296.00	14	-0.1022	-0.1124	0.4651
297.00	14	-0.1008	-0.1117	0.4401
298.00	14	-0.0945	-0.1091	0.3424
299.00	14	-0.0733	-0.1051	0.1448
300.00	15	-0.1772	1.2145	0.8186
301.00	15	-0.1239	1.0919	0.8435
302.00	15	-0.1815	0.8877	0.8594
303.00	15	-0.2093	0.7047	0.8432
304.00	15	-0.2629	0.5111	0.8346
305.00	15	-0.3086	0.2990	0.8398
306.00	15	-0.3670	0.1280	0.8399
307.00	15	-0.2963	0.0204	0.8308
308.00	15	-0.2142	-0.0381	0.8322
309.00	15	-0.0956	-0.1291	0.8899
310.00	15	-0.1071	-0.1207	0.8622
311.00	15	-0.1090	-0.1182	0.8179
312.00	15	-0.1095	-0.1171	0.7876
313.00	15	-0.1096	-0.1158	0.7238
314.00	15	-0.1078	-0.1147	0.6033
315.00	15	-0.1048	-0.1136	0.5196
316.00	15	-0.1039	-0.1131	0.4986
317.00	15	-0.0964	-0.1099	0.3704
318.00	15	-0.0937	-0.1088	0.3304
319.00	15	-0.0733	-0.1051	0.1448
320.00	16	-0.1773	1.2149	0.8182
321.00	16	-0.1216	1.0929	0.8434
322.00	16	-0.1894	0.8847	0.8584
323.00	16	-0.2104	0.7035	0.8432
324.00	16	-0.2659	0.5127	0.8343
325.00	16	-0.3034	0.2934	0.8388
326.00	16	-0.3582	0.1151	0.8398
327.00	16	-0.2972	0.0218	0.8309
328.00	16	-0.2123	-0.0410	0.8323
329.00	16	-0.0993	-0.1263	0.8896
330.00	16	-0.1074	-0.1205	0.8588
331.00	16	-0.1086	-0.1189	0.8337
332.00	16	-0.1097	-0.1164	0.7569
333.00	16	-0.1096	-0.1158	0.7238
334.00	16	-0.1079	-0.1148	0.6116
335.00	16	-0.1068	-0.1143	0.5699
336.00	16	-0.1022	-0.1124	0.4651
337.00	16	-0.0961	-0.1098	0.3663
338.00	16	-0.0914	-0.1079	0.2951
339.00	16	-0.0733	-0.1051	0.1448
340.00	17	-0.1771	1.2141	0.8191
341.00	17	-0.1121	1.0970	0.8428
342.00	17	-0.1917	0.8837	0.8580
343.00	17	-0.2107	0.7033	0.8432
344.00	17	-0.2667	0.5132	0.8342
345.00	17	-0.3044	0.2944	0.8389
346.00	17	-0.3641	0.1240	0.8399
347.00	17	-0.3006	0.0269	0.8311
348.00	17	-0.2117	-0.0420	0.8323
349.00	17	-0.0979	-0.1273	0.8900
350.00	17	-0.1071	-0.1207	0.8622
351.00	17	-0.1088	-0.1187	0.8287
352.00	17	-0.1097	-0.1165	0.7639
353.00	17	-0.1090	-0.1153	0.6648
354.00	17	-0.1087	-0.1151	0.6445
355.00	17	-0.1060	-0.1141	0.5490
356.00	17	-0.1037	-0.1130	0.4943
357.00	17	-0.0984	-0.1107	0.3988
358.00	17	-0.0924	-0.1083	0.3108
359.00	17	-0.0733	-0.1051	0.1448
360.00	18	-0.1772	1.2143	0.8188
361.00	18	-0.1216	1.0929	0.8434
362.00	18	-0.1978	0.8812	0.8572
363.00	18	-0.2123	0.7020	0.8430
364.00	18	-0.2615	0.5105	0.8348
365.00	18	-0.3005	0.2909	0.8381
366.00	18	-0.3619	0.1208	0.8398
367.00	18	-0.2986	0.0240	0.8310
368.00	18	-0.2073	-0.0485	0.8324
369.00	18	-0.0999	-0.1260	0.8893
370.00	18	-0.1081	-0.1197	0.8474
371.00	18	-0.1095	-0.1173	0.7940
372.00	18	-0.1096	-0.1168	0.7742
373.00	18	-0.1096	-0.1157	0.7199
374.00	18	-0.1070	-0.1144	0.5783
375.00	18	-0.1068	-0.1143	0.5699
376.00	18	-0.1008	-0.1117	0.4401
377.00	18	-0.0950	-0.1093	0.3503
378.00	18	-0.0907	-0.1076	0.2835
379.00	18	-0.0733	-0.1051	0.1448
380.00	19	-0.1773	1.2148	0.8183
381.00	19	-0.1298	1.0891	0.8436
382.00	19	-0.1794	0.8886	0.8598
383.00	19	-0.2093	0.7047	0.8432
384.00	19	-0.2609	0.5103	0.8349
385.00	19	-0.3034	0.2934	0.8388
386.00	19	-0.3608	0.1192	0.8398
387.00	19	-0.2991	0.0247	0.8310
388.00	19	-0.2142	-0.0381	0.8322
389.00	19	-0.1010	-0.1252	0.8885
390.00	19	-0.1082	-0.1195	0.8452
391.00	19	-0.1090	-0.1182	0.8179
392.00	19	-0.1096	-0.1161	0.7387
393.00	19	-0.1090	-0.1153	0.6688
394.00	19	-0.1079	-0.1148	0.6116
395.00	19	-0.1057	-0.1139	0.5406
396.00	19	-0.1039	-0.1131	0.4986
397.00	19	-0.0989	-0.1109	0.4071
398.00	19	-0.0927	-0.1084	0.3147
399.00	19	-0.0733	-0.1051	0.1448
400.00	20	-0.1773	1.2150	0.8180
401.00	20	-0.1111	1.0973	0.8428
402.00	20	-0.1784	0.8889	0.8598
403.00	20	-0.2099	0.7040	0.8432
404.00	20	-0.2645	0.5119	0.8344
405.00	20	-0.2999	0.2904	0.8380
406.00	20	-0.3647	0.1248	0.8399
407.00	20	-0.2931	0.0154	0.8305
408.00	20	-0.2035	-0.0540	0.8326
409.00	20	-0.1013	-0.1251	0.8882
410.00	20	-0.1086	-0.1189	0.8337
411.00	20	-0.1088	-0.1187	0.8287
412.00	20	-0.1096	-0.1169	0.7776
413.00	20	-0.1096	-0.1157	0.7161
414.00	20	-0.1085	-0.1150	0.6364
415.00	20	-0.1052	-0.1137	0.5280
416.00	20	-0.1017	-0.1122	0.4567
417.00	20	-0.0973	-0.1102	0.3826
418.00	20	-0.0912	-0.1078	0.2913
419.00	20	-0.0733	-0.1051	0.1448
420.00	21	-0.1771	1.2141	0.8189
421.00	21	-0.1172	1.0949	0.8432
422.00	21	-0.1942	0.8827	0.8577
423.00	21	-0.2158	0.6998	0.8426
424.00	21	-0.2605	0.5102	0.8350
425.00	21	-0.2999	0.2904	0.8380
426.00	21	-0.3548	0.1095	0.8398
427.00	21	-0.2995	0.0254	0.8311
428.00	21	-0.2048	-0.0522	0.8325
429.00	21	-0.0979	-0.1273	0.8900
430.00	21	-0.1078	-0.1201	0.8533
431.00	21	-0.1089	-0.1184	0.8207
432.00	21	-0.1096	-0.1166	0.7674
433.00	21	-0.1094	-0.1154	0.6927
434.00	21	-0.1083	-0.1150	0.6239
435.00	21	-0.1060	-0.1141	0.5490
436.00	21	-0.1001	-0.1115	0.4276
437.00	21	-0.0956	-0.1096	0.3583
438.00	21	-0.0898	-0.1072	0.2681
439.00	21	-0.0733	-0.1051	0.1448
440.00	22	-0.1772	1.2151	0.8178
441.00	22	-0.1286	1.0896	0.8436
442.00	22	-0.2026	0.8792	0.8565
443.00	22	-0.2107	0.7033	0.8432
444.00	22	-0.2626	0.5110	0.8346
445.00	22	-0.3015	0.2916	0.8383
446.00	22	-0.3630	0.1224	0.8398
447.00	22	-0.2913	0.0126	0.8304
448.00	22	-0.2105	-0.0438	0.8323
449.00	22	-0.1015	-0.1250	0.8878
450.00	22	-0.1075	-0.1204	0.8570
451.00	22	-0.1096	-0.1167	0.7709
452.00	22	-0.1097	-0.1163	0.7497
453.00	22	-0.1090	-0.1153	0.6688
454.00	22	-0.1072	-0.1146	0.5866
455.00	22	-0.1037	-0.1130	0.4943
456.00	22	-0.1003	-0.1116	0.4318
457.00	22	-0.0984	-0.1107	0.3988
458.00	22	-0.0914	-0.1079	0.2951
459.00	22	-0.0733	-0.1051	0.1448
460.00	23	-0.1773	1.2149	0.8182
461.00	23	-0.1274	1.0902	0.8435
462.00	23	-0.2002	0.8802	0.8569
463.00	23	-0.2107	0.7033	0.8432
464.00	23	-0.2638	0.5115	0.8345
465.00	23	-0.3012	0.2914	0.8382
466.00	23	-0.3598	0.1175	0.8398
467.00	23	-0.2913	0.0126	0.8304
468.00	23	-0.2016	-0.0567	0.8326
469.00	23	-0.1013	-0.1251	0.8882
470.00	23	-0.1089	-0.1185	0.8234
471.00	23	-0.1096	-0.1166	0.7674
472.00	23	-0.1096	-0.1161	0.7424
473.00	23	-0.1088	-0.1152	0.6526
474.00	23	-0.1073	-0.1146	0.5908
475.00	23	-0.1033	-0.1129	0.4860
476.00	23	-0.0996	-0.1112	0.4194
477.00	23	-0.0964	-0.1099	0.3704
478.00	23	-0.0914	-0.1079	0.2951
479.00	23	-0.0733	-0.1051	0.1448
480.00	24	-0.1772	1.2143	0.8188
481.00	24	-0.1216	1.0929	0.8434
482.00	24	-0.1894	0.8847	0.8584
483.00	24	-0.2104	0.7035	0.8432
484.00	24	-0.2608	0.5103	0.8349
485.00	24	-0.3021	0.2922	0.8385
486.00	24	-0.3608	0.1192	0.8398
487.00	24	-0.2953	0.0189	0.8307
488.00	24	-0.2067	-0.0494	0.8324
489.00	24	-0.1002	-0.1258	0.8892
490.00	24	-0.1088	-0.1186	0.8261
491.00	24	-0.1094	-0.1175	0.7972
492.00	24	-0.1097	-0.1159	0.7313
493.00	24	-0.1085	-0.1150	0.6364
494.00	24	-0.1083	-0.1150	0.6239
495.00	24	-0.1027	-0.1125	0.4735
496.00	24	-0.0984	-0.1107	0.3988
497.00	24	-0.0975	-0.1104	0.3866
498.00	24	-0.0891	-0.1069	0.2567
499.00	24	-0.0733	-0.1051	0.1448
500.00	25	-0.1772	1.2151	0.8178
501.00	25	-0.1161	1.0954	0.8432
502.00	25	-0.1837	0.8869	0.8591
503.00	25	-0.2110	0.7030	0.8431
504.00	25	-0.2632	0.5112	0.8345
505.00	25	-0.3002	0.2906	0.8381
506.00	25	-0.3598	0.1175	0.8398
507.00	25	-0.2904	0.0112	0.8303
508.00	25	-0.2022	-0.0558	0.8326
509.00	25	-0.0991	-0.1265	0.8897
510.00	25	-0.1082	-0.1195	0.8452
511.00	25	-0.1089	-0.1184	0.8207
512.00	25	-0.1096	-0.1157	0.7161
513.00	25	-0.1087	-0.1151	0.6445
514.00	25	-0.1076	-0.1147	0.5991
515.00	25	-0.1054	-0.1138	0.5322
516.00	25	-0.0986	-0.1108	0.4030
517.00	25	-0.0939	-0.1089	0.3344
518.00	25	-0.0891	-0.1069	0.2567
519.00	25	-0.0733	-0.1051	0.1448
520.00	26	-0.1773	1.2147	0.8184
521.00	26	-0.1372	1.0855	0.8437
522.00	26	-0.2076	0.8773	0.8558
523.00	26	-0.2116	0.7025	0.8430
524.00	26	-0.2623	0.5109	0.8346
525.00	26	-0.3021	0.2922	0.8385
526.00	26	-0.3548	0.1095	0.8398
527.00	26	-0.2935	0.0161	0.8306
528.00	26	-0.2111	-0.0429	0.8323
529.00	26	-0.0986	-0.1269	0.8899
530.00	26	-0.1090	-0.1182	0.8179
531.00	26	-0.1097	-0.1165	0.7639
532.00	26	-0.1096	-0.1161	0.7424
533.00	26	-0.1089	-0.1152	0.6567
534.00	26	-0.1075	-0.1147	0.5950
535.00	26	-0.1037	-0.1130	0.4943
536.00	26	-0.0986	-0.1108	0.4030
537.00	26	-0.0937	-0.1088	0.3304
538.00	26	-0.0898	-0.1072	0.2681
539.00	26	-0.0733	-0.1051	0.1448
540.00	27	-0.1773	1.2145	0.8186
541.00	27	-0.1227	1.0924	0.8435
542.00	27	-0.1917	0.8837	0.8580
543.00	27	-0.2104	0.7035	0.8432
544.00	27	-0.2615	0.5105	0.8348
545.00	27	-0.2983	0.2893	0.8376
546.00	27	-0.3608	0.1192	0.8398
547.00	27	-0.2886	0.0084	0.8301
548.00	27	-0.2092	-0.0457	0.8324
549.00	27	-0.1002	-0.1258	0.8892
550.00	27	-0.1081	-0.1197	0.8474
551.00	27	-0.1091	-0.1181	0.8151
552.00	27	-0.1095	-0.1157	0.7122
553.00	27	-0.1090	-0.1153	0.6648
554.00	27	-0.1079	-0.1148	0.6116
555.00	27	-0.1033	-0.1129	0.4860
556.00	27	-0.0981	-0.1106	0.3947
557.00	27	-0.0927	-0.1084	0.3147
558.00	27	-0.0919	-0.1081	0.3029
559.00	27	-0.0733	-0.1051	0.1448
560.00	28	-0.1773	1.2147	0.8184
561.00	28	-0.1322	1.0879	0.8437
562.00	28	-0.1954	0.8822	0.8575
563.00	28	-0.2152	0.7001	0.8426
564.00	28	-0.2602	0.5102	0.8350
565.00	28	-0.3002	0.2906	0.8381
566.00	28	-0.3521	0.1048	0.8399
567.00	28	-0.2935	0.0161	0.8306
568.00	28	-0.2060	-0.0504	0.8324
569.00	28	-0.1026	-0.1243	0.8863
570.00	28	-0.1082	-0.1195	0.8452
571.00	28	-0.1097	-0.1164	0.7569
572.00	28	-0.1096	-0.1158	0.7238
573.00	28	-0.1090	-0.1153	0.6688
574.00	28	-0.1075	-0.1147	0.5950
575.00	28	-0.1028	-0.1126	0.4776
576.00	28	-0.0989	-0.1109	0.4071
577.00	28	-0.0953	-0.1095	0.3543
578.00	28	-0.0884	-0.1066	0.2455
579.00	28	-0.0733	-0.1051	0.1448
580.00	29	-0.1772	1.2155	0.8172
581.00	29	-0.1435	1.0824	0.8437
582.00	29	-0.1954	0.8822	0.8575
583.00	29	-0.2123	0.7020	0.8430
584.00	29	-0.2613	0.5105	0.8348
585.00	29	-0.2983	0.2893	0.8376
586.00	29	-0.3530	0.1064	0.8399
587.00	29	-0.2881	0.0077	0.8301
588.00	29	-0.1991	-0.0603	0.8328
589.00	29	-0.0999	-0.1260	0.8893
590.00	29	-0.1086	-0.1189	0.8337
591.00	29	-0.1093	-0.1177	0.8063
592.00	29	-0.1092	-0.1154	0.6808
593.00	29	-0.1089	-0.1152	0.6567
594.00	29	-0.1063	-0.1142	0.5573
595.00	29	-0.1022	-0.1124	0.4651
596.00	29	-0.1003	-0.1116	0.4318
597.00	29	-0.0950	-0.1093	0.3503
598.00	29	-0.0900	-0.1073	0.2719
599.00	29	-0.0733	-0.1051	0.1448
600.00	30	-0.1772	1.2151	0.8178
601.00	30	-0.1322	1.0879	0.8437
602.00	30	-0.2026	0.8792	0.8565
603.00	30	-0.2152	0.7001	0.8426
604.00	30	-0.2594	0.5101	0.8352
605.00	30	-0.2978	0.2890	0.8375
606.00	30	-0.3548	0.1095	0.8398
607.00	30	-0.2886	0.0084	0.8301
608.00	30	-0.2042	-0.0531	0.8325
609.00	30	-0.0991	-0.1265	0.8897
610.00	30	-0.1088	-0.1187	0.8287
611.00	30	-0.1096	-0.1168	0.7742
612.00	30	-0.1096	-0.1160	0.7350
613.00	30	-0.1089	-0.1152	0.6567
614.00	30	-0.1059	-0.1140	0.5448
615.00	30	-0.1046	-0.1134	0.5154
616.00	30	-0.0996	-0.1112	0.4194
617.00	30	-0.0953	-0.1095	0.3543
618.00	30	-0.0917	-0.1080	0.2990
619.00	30	-0.0733	-0.1051	0.1448
620.00	31	-0.1773	1.2147	0.8184
621.00	31	-0.1335	1.0873	0.8437
622.00	31	-0.2002	0.8802	0.8569
623.00	31	-0.2136	0.7011	0.8429
624.00	31	-0.2597	0.5101	0.8351
625.00	31	-0.2973	0.2886	0.8373
626.00	31	-0.3521	0.1048	0.8399
627.00	31	-0.2867	0.0057	0.8300
628.00	31	-0.2003	-0.0585	0.8327
629.00	31	-0.1005	-0.1256	0.8889
630.00	31	-0.1087	-0.1188	0.8312
631.00	31	-0.1095	-0.1173	0.7940
632.00	31	-0.1095	-0.1155	0.7006
633.00	31	-0.1089	-0.1153	0.6607
634.00	31	-0.1060	-0.1141	0.5490
635.00	31	-0.1031	-0.1127	0.4818
636.00	31	-0.0970	-0.1101	0.3785
637.00	31	-0.0927	-0.1084	0.3147
638.00	31	-0.0900	-0.1073	0.2719
639.00	31	-0.0733	-0.1051	0.1448
640.00	32	-0.1773	1.2149	0.8182
641.00	32	-0.1239	1.0919	0.8435
642.00	32	-0.2088	0.8768	0.8556
643.00	32	-0.2222	0.6962	0.8418
644.00	32	-0.2603	0.5102	0.8350
645.00	32	-0.3005	0.2909	0.8381
646.00	32	-0.3572	0.1135	0.8398
647.00	32	-0.2935	0.0161	0.8306
648.00	32	-0.1972	-0.0630	0.8329
649.00	32	-0.1021	-0.1246	0.8871
650.00	32	-0.1087	-0.1188	0.8312
651.00	32	-0.1096	-0.1161	0.7424
652.00	32	-0.1090	-0.1153	0.6648
653.00	32	-0.1081	-0.1149	0.6158
654.00	32	-0.1075	-0.1147	0.5950
655.00	32	-0.1017	-0.1122	0.4567
656.00	32	-0.0961	-0.1098	0.3663
657.00	32	-0.0935	-0.1087	0.3265
658.00	32	-0.0891	-0.1069	0.2567
659.00	32	-0.0733	-0.1051	0.1448
660.00	33	-0.1773	1.2149	0.8182
661.00	33	-0.1359	1.0860	0.8437
662.00	33	-0.2113	0.8758	0.8552
663.00	33	-0.2177	0.6987	0.8424
664.00	33	-0.2599	0.5101	0.8350
665.00	33	-0.2971	0.2885	0.8372
666.00	33	-0.3553	0.1103	0.8397
667.00	33	-0.2921	0.0139	0.8305
668.00	33	-0.1953	-0.0657	0.8330
669.00	33	-0.1028	-0.1241	0.8858
670.00	33	-0.1094	-0.1175	0.7972
671.00	33	-0.1096	-0.1167	0.7709
672.00	33	-0.1096	-0.1157	0.7199
673.00	33	-0.1072	-0.1146	0.5866
674.00	33	-0.1059	-0.1140	0.5448
675.00	33	-0.1024	-0.1125	0.4692
676.00	33	-0.0994	-0.1111	0.4153
677.00	33	-0.0956	-0.1096	0.3583
678.00	33	-0.0902	-0.1074	0.2757
679.00	33	-0.0733	-0.1051	0.1448
680.00	34	-0.1772	1.2155	0.8172
681.00	34	-0.1422	1.0830	0.8437
682.00	34	-0.2002	0.8802	0.8569
683.00	34	-0.2183	0.6983	0.8422
684.00	34	-0.2611	0.5104	0.8348
685.00	34	-0.2992	0.2900	0.8378
686.00	34	-0.3548	0.1095	0.8398
687.00	34	-0.2913	0.0126	0.8304
688.00	34	-0.1978	-0.0621	0.8329
689.00	34	-0.1015	-0.1250	0.8878
690.00	34	-0.1086	-0.1189	0.8337
691.00	34	-0.1096	-0.1166	0.7674
692.00	34	-0.1095	-0.1155	0.7006
693.00	34	-0.1086	-0.1151	0.6404
694.00	34	-0.1057	-0.1139	0.5406
695.00	34	-0.1039	-0.1131	0.4986
696.00	34	-0.0959	-0.1097	0.3623
697.00	34	-0.0912	-0.1078	0.2913
698.00	34	-0.0907	-0.1076	0.2835
699.00	34	-0.0733	-0.1051	0.1448
700.00	35	-0.1772	1.2152	0.8178
701.00	35	-0.1359	1.0860	0.8437
702.00	35	-0.2149	0.8742	0.8547
703.00	35	-0.2198	0.6975	0.8420
704.00	35	-0.2594	0.5101	0.8352
705.00	35	-0.2992	0.2900	0.8378
706.00	35	-0.3487	0.0987	0.8400
707.00	35	-0.2844	0.0023	0.8298
708.00	35	-0.1997	-0.0594	0.8328
709.00	35	-0.1028	-0.1241	0.8858
710.00	35	-0.1089	-0.1184	0.8207
711.00	35	-0.1096	-0.1161	0.7387
712.00	35	-0.1096	-0.1157	0.7199
713.00	35	-0.1082	-0.1149	0.6199
714.00	35	-0.1041	-0.1132	0.5028
715.00	35	-0.1027	-0.1125	0.4735
716.00	35	-0.0961	-0.1098	0.3663
717.00	35	-0.0929	-0.1085	0.3186
718.00	35	-0.0902	-0.1074	0.2757
719.00	35	-0.0733	-0.1051	0.1448
720.00	36	-0.1772	1.2152	0.8178
721.00	36	-0.1422	1.0830	0.8437
722.00	36	-0.2015	0.8797	0.8567
723.00	36	-0.2213	0.6966	0.8419
724.00	36	-0.2591	0.5101	0.8353
725.00	36	-0.2970	0.2884	0.8372
726.00	36	-0.3544	0.1087	0.8398
727.00	36	-0.2863	0.0050	0.8299
728.00	36	-0.1934	-0.0684	0.8331
729.00	36	-0.1048	-0.1227	0.8795
730.00	36	-0.1093	-0.1177	0.8063
731.00	36	-0.1096	-0.1170	0.7843
732.00	36	-0.1096	-0.1157	0.7161
733.00	36	-0.1075	-0.1147	0.5950
734.00	36	-0.1052	-0.1137	0.5280
735.00	36	-0.1022	-0.1124	0.4651
736.00	36	-0.0973	-0.1102	0.3826
737.00	36	-0.0935	-0.1087	0.3265
738.00	36	-0.0877	-0.1062	0.2344
739.00	36	-0.0733	-0.1051	0.1448
740.00	37	-0.1772	1.2151	0.8178
741.00	37	-0.1447	1.0817	0.8437
742.00	37	-0.2173	0.8731	0.8543
743.00	37	-0.2177	0.6987	0.8424
744.00	37	-0.2591	0.5100	0.8353
745.00	37	-0.3005	0.2909	0.8381
746.00	37	-0.3512	0.1032	0.8399
747.00	37	-0.2849	0.0030	0.8298
748.00	37	-0.1965	-0.0639	0.8329
749.00	37	-0.1046	-0.1228	0.8804
750.00	37	-0.1094	-0.1176	0.8033
751.00	37	-0.1096	-0.1160	0.7350
752.00	37	-0.1091	-0.1153	0.6728
753.00	37	-0.1085	-0.1150	0.6322
754.00	37	-0.1054	-0.1138	0.5322
755.00	37	-0.0996	-0.1112	0.4194
756.00	37	-0.0994	-0.1111	0.4153
757.00	37	-0.0947	-0.1092	0.3464
758.00	37	-0.0884	-0.1066	0.2455
759.00	37	-0.0733	-0.1051	0.1448
760.00	38	-0.1771	1.2160	0.8166
761.00	38	-0.1397	1.0842	0.8437
762.00	38	-0.2051	0.8783	0.8561
763.00	38	-0.2164	0.6995	0.8425
764.00	38	-0.2602	0.5102	0.8350
765.00	38	-0.2969	0.2883	0.8371
766.00	38	-0.3483	0.0980	0.8401
767.00	38	-0.2890	0.0091	0.8302
768.00	38	-0.1997	-0.0594	0.8328
769.00	38	-0.1018	-0.1248	0.8875
770.00	38	-0.1092	-0.1179	0.8094
771.00	38	-0.1096	-0.1163	0.7533
772.00	38	-0.1095	-0.1157	0.7122
773.00	38	-0.1068	-0.1143	0.5699
774.00	38	-0.1062	-0.1141	0.5532
775.00	38	-0.1033	-0.1129	0.4860
776.00	38	-0.0953	-0.1095	0.3543
777.00	38	-0.0929	-0.1085	0.3186
778.00	38	-0.0902	-0.1074	0.2757
779.00	38	-0.0733	-0.1051	0.1448
780.00	39	-0.1772	1.2154	0.8173
781.00	39	-0.1435	1.0824	0.8437
782.00	39	-0.2051	0.8783	0.8561
783.00	39	-0.2295	0.6924	0.8410
784.00	39	-0.2595	0.5101	0.8351
785.00	39	-0.2980	0.2892	0.8375
786.00	39	-0.3539	0.1079	0.8398
787.00	39	-0.2829	0.0006	0.8296
788.00	39	-0.2022	-0.0558	0.8326
789.00	39	-0.1044	-0.1230	0.8812
790.00	39	-0.1096	-0.1168	0.7742
791.00	39	-0.1097	-0.1165	0.7639
792.00	39	-0.1090	-0.1153	0.6648
793.00	39	-0.1086	-0.1151	0.6404
794.00	39	-0.1059	-0.1140	0.5448
795.00	39	-0.1022	-0.1124	0.4651
796.00	39	-0.0984	-0.1107	0.3988
797.00	39	-0.0935	-0.1087	0.3265
798.00	39	-0.0872	-0.1060	0.2273
799.00	39	-0.0733	-0.1051	0.1448
800.00	40	-0.1771	1.2161	0.8164
801.00	40	-0.1473	1.0804	0.8436
802.00	40	-0.2113	0.8758	0.8552
803.00	40	-0.2191	0.6979	0.8421
804.00	40	-0.2603	0.5102	0.8350
805.00	40	-0.2990	0.2898	0.8377
806.00	40	-0.3470	0.0960	0.8402
807.00	40	-0.2895	0.0098	0.8303
808.00	40	-0.1953	-0.0657	0.8330
809.00	40	-0.1035	-0.1236	0.8840
810.00	40	-0.1088	-0.1186	0.8261
811.00	40	-0.1095	-0.1157	0.7122
812.00	40	-0.1093	-0.1154	0.6848
813.00	40	-0.1066	-0.1143	0.5658
814.00	40	-0.1059	-0.1140	0.5448
815.00	40	-0.1031	-0.1127	0.4818
816.00	40	-0.0981	-0.1106	0.3947
817.00	40	-0.0942	-0.1091	0.3384
818.00	40	-0.0870	-0.1059	0.2237
819.00	40	-0.0733	-0.1051	0.1448
820.00	41	-0.1772	1.2157	0.8171
821.00	41	-0.1410	1.0837	0.8437
822.00	41	-0.2101	0.8762	0.8554
823.00	41	-0.2222	0.6962	0.8418
824.00	41	-0.2598	0.5101	0.8351
825.00	41	-0.2970	0.2884	0.8372
826.00	41	-0.3508	0.1025	0.8399
827.00	41	-0.2858	0.0044	0.8299
828.00	41	-0.2003	-0.0585	0.8327
829.00	41	-0.1046	-0.1228	0.8804
830.00	41	-0.1089	-0.1185	0.8234
831.00	41	-0.1097	-0.1164	0.7569
832.00	41	-0.1093	-0.1154	0.6887
833.00	41	-0.1082	-0.1149	0.6199
834.00	41	-0.1041	-0.1132	0.5028
835.00	41	-0.1010	-0.1118	0.4443
836.00	41	-0.0953	-0.1095	0.3543
837.00	41	-0.0914	-0.1079	0.2951
838.00	41	-0.0891	-0.1069	0.2567
839.00	41	-0.0733	-0.1051	0.1448
840.00	42	-0.1772	1.2157	0.8171
841.00	42	-0.1359	1.0860	0.8437
842.00	42	-0.2051	0.8783	0.8561
843.00	42	-0.2334	0.6904	0.8404
844.00	42	-0.2595	0.5101	0.8351
845.00	42	-0.2971	0.2885	0.8372
846.00	42	-0.3530	0.1064	0.8399
847.00	42	-0.2834	0.0011	0.8297
848.00	42	-0.1946	-0.0666	0.8331
849.00	42	-0.1055	-0.1221	0.8756
850.00	42	-0.1093	-0.1175	0.8003
851.00	42	-0.1097	-0.1164	0.7569
852.00	42	-0.1085	-0.1150	0.6322
853.00	42	-0.1082	-0.1149	0.6199
854.00	42	-0.1059	-0.1140	0.5448
855.00	42	-0.0986	-0.1108	0.4030
856.00	42	-0.0964	-0.1099	0.3704
857.00	42	-0.0905	-0.1075	0.2796
858.00	42	-0.0861	-0.1054	0.2096
859.00	42	-0.0733	-0.1051	0.1448
860.00	43	-0.1772	1.2154	0.8173
861.00	43	-0.1548	1.0766	0.8436
862.00	43	-0.2076	0.8773	0.8558
863.00	43	-0.2177	0.6987	0.8424
864.00	43	-0.2591	0.5100	0.8353
865.00	43	-0.2964	0.2878	0.8366
866.00	43	-0.3487	0.0987	0.8400
867.00	43	-0.2858	0.0044	0.8299
868.00	43	-0.1997	-0.0594	0.8328
869.00	43	-0.1052	-0.1224	0.8776
870.00	43	-0.1096	-0.1170	0.7843
871.00	43	-0.1096	-0.1161	0.7387
872.00	43	-0.1090	-0.1153	0.6688
873.00	43	-0.1060	-0.1141	0.5490
874.00	43	-0.1048	-0.1136	0.5196
875.00	43	-0.0996	-0.1112	0.4194
876.00	43	-0.0956	-0.1096	0.3583
877.00	43	-0.0907	-0.1076	0.2835
878.00	43	-0.0859	-0.1052	0.2062
879.00	43	-0.0733	-0.1051	0.1448
880.00	44	-0.1771	1.2159	0.8166
881.00	44	-0.1523	1.0779	0.8437
882.00	44	-0.2243	0.8699	0.8531
883.00	44	-0.2334	0.6904	0.8404
884.00	44	-0.2600	0.5093	0.8354
885.00	44	-0.2978	0.2890	0.8375
886.00	44	-0.3503	0.1017	0.8400
887.00	44	-0.2863	0.0050	0.8299
888.00	44	-0.1901	-0.0729	0.8333
889.00	44	-0.1050	-0.1225	0.8786
890.00	44	-0.1096	-0.1167	0.7709
891.00	44	-0.1096	-0.1162	0.7460
892.00	44	-0.1085	-0.1150	0.6364
893.00	44	-0.1065	-0.1142	0.5615
894.00	44	-0.1059	-0.1140	0.5448
895.00	44	-0.0989	-0.1109	0.4071
896.00	44	-0.0929	-0.1085	0.3186
897.00	44	-0.0900	-0.1073	0.2719
898.00	44	-0.0863	-0.1055	0.2131
899.00	44	-0.0733	-0.1051	0.1448
900.00	45	-0.1771	1.2161	0.8165
901.00	45	-0.1536	1.0773	0.8436
902.00	45	-0.2113	0.8758	0.8552
903.00	45	-0.2191	0.6979	0.8421
904.00	45	-0.2593	0.5101	0.8352
905.00	45	-0.2961	0.2875	0.8362
906.00	45	-0.3461	0.0948	0.8403
907.00	45	-0.2798	-0.0026	0.8294
908.00	45	-0.1940	-0.0675	0.8331
909.00	45	-0.1062	-0.1215	0.8708
910.00	45	-0.1096	-0.1168	0.7742
911.00	45	-0.1096	-0.1161	0.7424
912.00	45	-0.1083	-0.1150	0.6239
913.00	45	-0.1062	-0.1141	0.5532
914.00	45	-0.1054	-0.1138	0.5322
915.00	45	-0.0989	-0.1109	0.4071
916.00	45	-0.0975	-0.1104	0.3866
917.00	45	-0.0927	-0.1084	0.3147
918.00	45	-0.0872	-0.1060	0.2273
919.00	45	-0.0733	-0.1051	0.1448
920.00	46	-0.1771	1.2160	0.8166
921.00	46	-0.1646	1.0715	0.8435
922.00	46	-0.2312	0.8668	0.8520
923.00	46	-0.2344	0.6900	0.8403
924.00	46	-0.2591	0.5101	0.8352
925.00	46	-0.2971	0.2885	0.8372
926.00	46	-0.3453	0.0936	0.8403
927.00	46	-0.2824	-0.0000	0.8295
928.00	46	-0.1914	-0.0711	0.8332
929.00	46	-0.1064	-0.1214	0.8696
930.00	46	-0.1093	-0.1175	0.8003
931.00	46	-0.1095	-0.1157	0.7122
932.00	46	-0.1082	-0.1149	0.6199
933.00	46	-0.1063	-0.1142	0.5573
934.00	46	-0.1045	-0.1134	0.5112
935.00	46	-0.1008	-0.1117	0.4401
936.00	46	-0.0927	-0.1084	0.3147
937.00	46	-0.0900	-0.1073	0.2719
938.00	46	-0.0868	-0.1057	0.2201
939.00	46	-0.0733	-0.1051	0.1448
940.00	47	-0.1771	1.2161	0.8162
941.00	47	-0.1447	1.0817	0.8437
942.00	47	-0.2208	0.8715	0.8537
943.00	47	-0.2285	0.6929	0.8411
944.00	47	-0.2591	0.5101	0.8352
945.00	47	-0.2967	0.2881	0.8369
946.00	47	-0.3491	0.0994	0.8400
947.00	47	-0.2793	-0.0032	0.8293
948.00	47	-0.1901	-0.0729	0.8333
949.00	47	-0.1067	-0.1211	0.8667
950.00	47	-0.1097	-0.1164	0.7569
951.00	47	-0.1096	-0.1162	0.7460
952.00	47	-0.1078	-0.1148	0.6075
953.00	47	-0.1075	-0.1147	0.5950
954.00	47	-0.1022	-0.1124	0.4651
955.00	47	-0.0986	-0.1108	0.4030
956.00	47	-0.0956	-0.1096	0.3583
957.00	47	-0.0895	-0.1071	0.2643
958.00	47	-0.0850	-0.1048	0.1929
959.00	47	-0.0733	-0.1051	0.1448
960.00	48	-0.1771	1.2158	0.8168
961.00	48	-0.1609	1.0734	0.8436
962.00	48	-0.2196	0.8721	0.8539
963.00	48	-0.2266	0.6938	0.8412
964.00	48	-0.2594	0.5097	0.8353
965.00	48	-0.2962	0.2876	0.8364
966.00	48	-0.3470	0.0960	0.8402
967.00	48	-0.2798	-0.0026	0.8294
968.00	48	-0.1855	-0.0790	0.8335
969.00	48	-0.1055	-0.1221	0.8756
970.00	48	-0.1095	-0.1173	0.7940
971.00	48	-0.1093	-0.1154	0.6887
972.00	48	-0.1089	-0.1152	0.6567
973.00	48	-0.1078	-0.1147	0.6033
974.00	48	-0.1028	-0.1126	0.4776
975.00	48	-0.1006	-0.1117	0.4360
976.00	48	-0.0929	-0.1085	0.3186
977.00	48	-0.0877	-0.1062	0.2344
978.00	48	-0.0855	-0.1050	0.1995
979.00	48	-0.0733	-0.1051	0.1448
980.00	49	-0.1771	1.2161	0.8164
981.00	49	-0.1548	1.0766	0.8436
982.00	49	-0.2323	0.8663	0.8518
983.00	49	-0.2314	0.6915	0.8407
984.00	49	-0.2591	0.5101	0.8352
985.00	49	-0.2969	0.2883	0.8371
986.00	49	-0.3444	0.0925	0.8404
987.00	49	-0.2769	-0.0052	0.8292
988.00	49	-0.1921	-0.0702	0.8331
989.00	49	-0.1048	-0.1227	0.8795
990.00	49	-0.1096	-0.1170	0.7810
991.00	49	-0.1091	-0.1154	0.6768
992.00	49	-0.1091	-0.1153	0.6728
993.00	49	-0.1063	-0.1142	0.5573
994.00	49	-0.1015	-0.1121	0.4526
995.00	49	-0.1013	-0.1119	0.4485
996.00	49	-0.0924	-0.1083	0.3108
997.00	49	-0.0891	-0.1069	0.2567
998.00	49	-0.0877	-0.1062	0.2344
999.00	49	-0.0733	-0.1051	0.1448
1000.00	50	-0.1771	1.2159	0.8166
1001.00	50	-0.1523	1.0779	0.8437
1002.00	50	-0.2137	0.8747	0.8548
1003.00	50	-0.2314	0.6915	0.8407
1004.00	50	-0.2600	0.5093	0.8354
1005.00	50	-0.2960	0.2874	0.8361
1006.00	50	-0.3423	0.0897	0.8405
1007.00	50	-0.2764	-0.0057	0.8291
1008.00	50	-0.1927	-0.0693	0.8331
1009.00	50	-0.1053	-0.1222	0.8766
1010.00	50	-0.1096	-0.1163	0.7533
1011.00	50	-0.1094	-0.1155	0.6967
1012.00	50	-0.1082	-0.1149	0.6199
1013.00	50	-0.1066	-0.1143	0.5658
1014.00	50	-0.1033	-0.1129	0.4860
1015.00	50	-0.0961	-0.1098	0.3663
1016.00	50	-0.0953	-0.1095	0.3543
1017.00	50	-0.0912	-0.1078	0.2913
1018.00	50	-0.0855	-0.1050	0.1995
1019.00	50	-0.0733	-0.1051	0.1448
1020.00	51	-0.1770	1.2165	0.8157
1021.00	51	-0.1693	1.0690	0.8434
1022.00	51	-0.2208	0.8715	0.8537
1023.00	51	-0.2344	0.6900	0.8403
1024.00	51	-0.2600	0.5093	0.8354
1025.00	51	-0.2963	0.2877	0.8365
1026.00	51	-0.3495	0.1002	0.8400
1027.00	51	-0.2839	0.0017	0.8297
1028.00	51	-0.1940	-0.0675	0.8331
1029.00	51	-0.1065	-0.1213	0.8682
1030.00	51	-0.1097	-0.1159	0.7313
1031.00	51	-0.1091	-0.1153	0.6728
1032.00	51	-0.1082	-0.1149	0.6199
1033.00	51	-0.1070	-0.1144	0.5783
1034.00	51	-0.1041	-0.1132	0.5028
1035.00	51	-0.0989	-0.1109	0.4071
1036.00	51	-0.0953	-0.1095	0.3543
1037.00	51	-0.0887	-0.1067	0.2492
1038.00	51	-0.0831	-0.1042	0.1711
1039.00	51	-0.0733	-0.1051	0.1448
1040.00	52	-0.1771	1.2158	0.8168
1041.00	52	-0.1597	1.0741	0.8436
1042.00	52	-0.2301	0.8673	0.8521
1043.00	52	-0.2314	0.6915	0.8407
1044.00	52	-0.2594	0.5097	0.8353
1045.00	52	-0.2960	0.2872	0.8358
1046.00	52	-0.3457	0.0942	0.8403
1047.00	52	-0.2803	-0.0021	0.8294
1048.00	52	-0.1829	-0.0825	0.8336
1049.00	52	-0.1048	-0.1227	0.8795
1050.00	52	-0.1096	-0.1168	0.7742
1051.00	52	-0.1096	-0.1157	0.7199
1052.00	52	-0.1084	-0.1150	0.6281
1053.00	52	-0.1050	-0.1136	0.5238
1054.00	52	-0.1028	-0.1126	0.4776
1055.00	52	-0.0984	-0.1107	0.3988
1056.00	52	-0.0914	-0.1079	0.2951
1057.00	52	-0.0898	-0.1072	0.2681
1058.00	52	-0.0825	-0.1041	0.1653
1059.00	52	-0.0733	-0.1051	0.1448
1060.00	53	-0.1770	1.2163	0.8159
1061.00	53	-0.1536	1.0773	0.8436
1062.00	53	-0.2185	0.8726	0.8541
1063.00	53	-0.2334	0.6904	0.8404
1064.00	53	-0.2591	0.5100	0.8353
1065.00	53	-0.2966	0.2880	0.8368
1066.00	53	-0.3483	0.0980	0.8401
1067.00	53	-0.2803	-0.0021	0.8294
1068.00	53	-0.1895	-0.0737	0.8334
1069.00	53	-0.1061	-0.1217	0.8721
1070.00	53	-0.1096	-0.1168	0.7742
1071.00	53	-0.1090	-0.1153	0.6648
1072.00	53	-0.1083	-0.1150	0.6239
1073.00	53	-0.1046	-0.1134	0.5154
1074.00	53	-0.1019	-0.1123	0.4609
1075.00	53	-0.0961	-0.1098	0.3663
1076.00	53	-0.0919	-0.1081	0.3029
1077.00	53	-0.0880	-0.1063	0.2381
1078.00	53	-0.0831	-0.1042	0.1711
1079.00	53	-0.0733	-0.1051	0.1448
1080.00	54	-0.1769	1.2168	0.8151
1081.00	54	-0.1705	1.0684	0.8434
1082.00	54	-0.2323	0.8663	0.8518
1083.00	54	-0.2355	0.6895	0.8402
1084.00	54	-0.2594	0.5097	0.8353
1085.00	54	-0.2960	0.2871	0.8357
1086.00	54	-0.3410	0.0877	0.8407
1087.00	54	-0.2819	-0.0006	0.8295
1088.00	54	-0.1940	-0.0675	0.8331
1089.00	54	-0.1059	-0.1218	0.8733
1090.00	54	-0.1097	-0.1159	0.7313
1091.00	54	-0.1094	-0.1155	0.6967
1092.00	54	-0.1078	-0.1148	0.6075
1093.00	54	-0.1059	-0.1140	0.5448
1094.00	54	-0.1024	-0.1125	0.4692
1095.00	54	-0.0978	-0.1105	0.3907
1096.00	54	-0.0953	-0.1095	0.3543
1097.00	54	-0.0889	-0.1068	0.2530
1098.00	54	-0.0820	-0.1040	0.1598
1099.00	54	-0.0733	-0.1051	0.1448
1100.00	55	-0.1770	1.2163	0.8159
1101.00	55	-0.1621	1.0728	0.8436
1102.00	55	-0.2208	0.8715	0.8537
1103.00	55	-0.2355	0.6895	0.8402
1104.00	55	-0.2612	0.5085	0.8353
1105.00	55	-0.2960	0.2873	0.8360
1106.00	55	-0.3427	0.0903	0.8405
1107.00	55	-0.2798	-0.0026	0.8294
1108.00	55	-0.1842	-0.0808	0.8336
1109.00	55	-0.1061	-0.1217	0.8721
1110.00	55	-0.1096	-0.1162	0.7460
1111.00	55	-0.1095	-0.1156	0.7045
1112.00	55	-0.1084	-0.1150	0.6281
1113.00	55	-0.1041	-0.1132	0.5028
1114.00	55	-0.1028	-0.1126	0.4776
1115.00	55	-0.0959	-0.1097	0.3623
1116.00	55	-0.0950	-0.1093	0.3503
1117.00	55	-0.0891	-0.1069	0.2567
1118.00	55	-0.0836	-0.1043	0.1771
1119.00	55	-0.0733	-0.1051	0.1448
1120.00	56	-0.1771	1.2160	0.8166
1121.00	56	-0.1597	1.0741	0.8436
1122.00	56	-0.2419	0.8615	0.8504
1123.00	56	-0.2324	0.6909	0.8406
1124.00	56	-0.2631	0.5073	0.8354
1125.00	56	-0.2963	0.2877	0.8365
1126.00	56	-0.3448	0.0930	0.8404
1127.00	56	-0.2824	-0.0000	0.8295
1128.00	56	-0.1921	-0.0702	0.8331
1129.00	56	-0.1069	-0.1210	0.8653
1130.00	56	-0.1097	-0.1163	0.7497
1131.00	56	-0.1090	-0.1153	0.6648
1132.00	56	-0.1081	-0.1149	0.6158
1133.00	56	-0.1060	-0.1141	0.5490
1134.00	56	-0.1037	-0.1130	0.4943
1135.00	56	-0.0994	-0.1111	0.4153
1136.00	56	-0.0922	-0.1082	0.3069
1137.00	56	-0.0866	-0.1056	0.2166
1138.00	56	-0.0850	-0.1048	0.1929
1139.00	56	-0.0733	-0.1051	0.1448
1140.00	57	-0.1771	1.2161	0.8164
1141.00	57	-0.1573	1.0753	0.8436
1142.00	57	-0.2220	0.8710	0.8535
1143.00	57	-0.2304	0.6919	0.8409
1144.00	57	-0.2621	0.5079	0.8354
1145.00	57	-0.2964	0.2878	0.8366
1146.00	57	-0.3416	0.0887	0.8406
1147.00	57	-0.2759	-0.0062	0.8291
1148.00	57	-0.1822	-0.0833	0.8336
1149.00	57	-0.1074	-0.1205	0.8588
1150.00	57	-0.1096	-0.1169	0.7776
1151.00	57	-0.1086	-0.1151	0.6404
1152.00	57	-0.1073	-0.1146	0.5908
1153.00	57	-0.1037	-0.1130	0.4943
1154.00	57	-0.1010	-0.1118	0.4443
1155.00	57	-0.0978	-0.1105	0.3907
1156.00	57	-0.0907	-0.1076	0.2835
1157.00	57	-0.0889	-0.1068	0.2530
1158.00	57	-0.0809	-0.1038	0.1497
1159.00	57	-0.0733	-0.1051	0.1448
1160.00	58	-0.1769	1.2168	0.8151
1161.00	58	-0.1646	1.0715	0.8435
1162.00	58	-0.2388	0.8631	0.8508
1163.00	58	-0.2324	0.6909	0.8406
1164.00	58	-0.2631	0.5073	0.8354
1165.00	58	-0.2964	0.2869	0.8355
1166.00	58	-0.3444	0.0925	0.8404
1167.00	58	-0.2743	-0.0076	0.8291
1168.00	58	-0.1802	-0.0859	0.8336
1169.00	58	-0.1081	-0.1197	0.8474
1170.00	58	-0.1096	-0.1168	0.7742
1171.00	58	-0.1085	-0.1150	0.6322
1172.00	58	-0.1083	-0.1150	0.6239
1173.00	58	-0.1045	-0.1134	0.5112
1174.00	58	-0.0994	-0.1111	0.4153
1175.00	58	-0.0950	-0.1093	0.3503
1176.00	58	-0.0910	-0.1077	0.2874
1177.00	58	-0.0887	-0.1067	0.2492
1178.00	58	-0.0841	-0.1045	0.1833
1179.00	58	-0.0733	-0.1051	0.1448
1180.00	59	-0.1770	1.2165	0.8156
1181.00	59	-0.1669	1.0702	0.8435
1182.00	59	-0.2367	0.8642	0.8512
1183.00	59	-0.2431	0.6859	0.8393
1184.00	59	-0.2607	0.5088	0.8353
1185.00	59	-0.2960	0.2874	0.8362
1186.00	59	-0.3431	0.0908	0.8405
1187.00	59	-0.2798	-0.0026	0.8294
1188.00	59	-0.1875	-0.0764	0.8334
1189.00	59	-0.1080	-0.1198	0.8494
1190.00	59	-0.1096	-0.1160	0.7350
1191.00	59	-0.1085	-0.1150	0.6322
1192.00	59	-0.1079	-0.1148	0.6116
1193.00	59	-0.1046	-0.1134	0.5154
1194.00	59	-0.1006	-0.1117	0.4360
1195.00	59	-0.0975	-0.1104	0.3866
1196.00	59	-0.0895	-0.1071	0.2643
1197.00	59	-0.0877	-0.1062	0.2344
1198.00	59	-0.0841	-0.1045	0.1833
1199.00	59	-0.0733	-0.1051	0.1448
1200.00	60	-0.1770	1.2163	0.8159
1201.00	60	-0.1646	1.0715	0.8435
1202.00	60	-0.2301	0.8673	0.8521
1203.00	60	-0.2508	0.6823	0.8383
1204.00	60	-0.2615	0.5083	0.8353
1205.00	60	-0.2967	0.2867	0.8354
1206.00	60	-0.3435	0.0914	0.8405
1207.00	60	-0.2720	-0.0094	0.8290
1208.00	60	-0.1888	-0.0746	0.8334
1209.00	60	-0.1077	-0.1202	0.8552
1210.00	60	-0.1097	-0.1163	0.7497
1211.00	60	-0.1091	-0.1154	0.6768
1212.00	60	-0.1081	-0.1149	0.6158
1213.00	60	-0.1046	-0.1134	0.5154
1214.00	60	-0.1001	-0.1115	0.4276
1215.00	60	-0.0967	-0.1100	0.3745
1216.00	60	-0.0937	-0.1088	0.3304
1217.00	60	-0.0893	-0.1070	0.2605
1218.00	60	-0.0828	-0.1041	0.1681
1219.00	60	-0.0733	-0.1051	0.1448
1220.00	61	-0.1770	1.2162	0.8160
1221.00	61	-0.1784	1.0640	0.8430
1222.00	61	-0.2457	0.8593	0.8497
1223.00	61	-0.2344	0.6900	0.8403
1224.00	61	-0.2660	0.5055	0.8354
1225.00	61	-0.2960	0.2872	0.8358
1226.00	61	-0.3440	0.0919	0.8404
1227.00	61	-0.2798	-0.0026	0.8294
1228.00	61	-0.1815	-0.0842	0.8336
1229.00	61	-0.1070	-0.1209	0.8638
1230.00	61	-0.1096	-0.1161	0.7387
1231.00	61	-0.1087	-0.1152	0.6486
1232.00	61	-0.1072	-0.1145	0.5825
1233.00	61	-0.1043	-0.1133	0.5070
1234.00	61	-0.0981	-0.1106	0.3947
1235.00	61	-0.0945	-0.1091	0.3424
1236.00	61	-0.0935	-0.1087	0.3265
1237.00	61	-0.0852	-0.1050	0.1962
1238.00	61	-0.0804	-0.1036	0.1451
1239.00	61	-0.0733	-0.1051	0.1448
1240.00	62	-0.1769	1.2168	0.8145
1241.00	62	-0.1794	1.0633	0.8430
1242.00	62	-0.2448	0.8599	0.8499
1243.00	62	-0.2366	0.6889	0.8401
1244.00	62	-0.2612	0.5085	0.8353
1245.00	62	-0.2977	0.2861	0.8351
1246.00	62	-0.3407	0.0873	0.8407
1247.00	62	-0.2769	-0.0052	0.8292
1248.00	62	-0.1868	-0.0773	0.8334
1249.00	62	-0.1086	-0.1189	0.8337
1250.00	62	-0.1096	-0.1161	0.7387
1251.00	62	-0.1089	-0.1153	0.6607
1252.00	62	-0.1082	-0.1149	0.6199
1253.00	62	-0.1052	-0.1137	0.5280
1254.00	62	-0.1010	-0.1118	0.4443
1255.00	62	-0.0935	-0.1087	0.3265
1256.00	62	-0.0924	-0.1083	0.3108
1257.00	62	-0.0866	-0.1056	0.2166
1258.00	62	-0.0825	-0.1041	0.1653
1259.00	62	-0.0733	-0.1051	0.1448
1260.00	63	-0.1769	1.2166	0.8154
1261.00	63	-0.1716	1.0678	0.8434
1262.00	63	-0.2356	0.8647	0.8513
1263.00	63	-0.2519	0.6818	0.8382
1264.00	63	-0.2612	0.5085	0.8353
1265.00	63	-0.2961	0.2875	0.8362
1266.00	63	-0.3423	0.0897	0.8405
1267.00	63	-0.2769	-0.0052	0.8292
1268.00	63	-0.1842	-0.0808	0.8336
1269.00	63	-0.1078	-0.1201	0.8533
1270.00	63	-0.1096	-0.1157	0.7199
1271.00	63	-0.1091	-0.1154	0.6768
1272.00	63	-0.1081	-0.1149	0.6158
1273.00	63	-0.1027	-0.1125	0.4735
1274.00	63	-0.0975	-0.1104	0.3866
1275.00	63	-0.0939	-0.1089	0.3344
1276.00	63	-0.0929	-0.1085	0.3186
1277.00	63	-0.0863	-0.1055	0.2131
1278.00	63	-0.0804	-0.1036	0.1451
1279.00	63	-0.0733	-0.1051	0.1448
1280.00	64	-0.1770	1.2165	0.8157
1281.00	64	-0.1705	1.0684	0.8434
1282.00	64	-0.2367	0.8642	0.8512
1283.00	64	-0.2554	0.6804	0.8379
1284.00	64	-0.2628	0.5075	0.8354
1285.00	64	-0.2961	0.2875	0.8362
1286.00	64	-0.3395	0.0854	0.8407
1287.00	64	-0.2684	-0.0116	0.8290
1288.00	64	-0.1862	-0.0782	0.8335
1289.00	64	-0.1067	-0.1211	0.8667
1290.00	64	-0.1094	-0.1155	0.6967
1291.00	64	-0.1083	-0.1150	0.6239
1292.00	64	-0.1057	-0.1139	0.5406
1293.00	64	-0.1054	-0.1138	0.5322
1294.00	64	-0.0992	-0.1110	0.4112
1295.00	64	-0.0939	-0.1089	0.3344
1296.00	64	-0.0924	-0.1083	0.3108
1297.00	64	-0.0882	-0.1065	0.2418
1298.00	64	-0.0793	-0.1035	0.1458
1299.00	64	-0.0733	-0.1051	0.1448
1300.00	65	-0.1769	1.2166	0.8154
1301.00	65	-0.1762	1.0652	0.8431
1302.00	65	-0.2388	0.8631	0.8508
1303.00	65	-0.2475	0.6839	0.8388
1304.00	65	-0.2607	0.5088	0.8353
1305.00	65	-0.2960	0.2873	0.8360
1306.00	65	-0.3404	0.0869	0.8407
1307.00	65	-0.2748	-0.0072	0.8291
1308.00	65	-0.1743	-0.0922	0.8336
1309.00	65	-0.1088	-0.1186	0.8261
1310.00	65	-0.1097	-0.1163	0.7497
1311.00	65	-0.1090	-0.1153	0.6648
1312.00	65	-0.1065	-0.1142	0.5615
1313.00	65	-0.1037	-0.1130	0.4943
1314.00	65	-0.0999	-0.1114	0.4235
1315.00	65	-0.0932	-0.1086	0.3226
1316.00	65	-0.0919	-0.1081	0.3029
1317.00	65	-0.0839	-0.1044	0.1802
1318.00	65	-0.0806	-0.1037	0.1473
1319.00	65	-0.0733	-0.1051	0.1448
1320.00	66	-0.1770	1.2165	0.8157
1321.00	66	-0.1728	1.0671	0.8433
1322.00	66	-0.2448	0.8599	0.8499
1323.00	66	-0.2431	0.6859	0.8393
1324.00	66	-0.2677	0.5044	0.8354
1325.00	66	-0.2960	0.2874	0.8361
1326.00	66	-0.3419	0.0892	0.8406
1327.00	66	-0.2690	-0.0112	0.8290
1328.00	66	-0.1829	-0.0825	0.8336
1329.00	66	-0.1082	-0.1195	0.8452
1330.00	66	-0.1095	-0.1156	0.7083
1331.00	66	-0.1082	-0.1149	0.6199
1332.00	66	-0.1068	-0.1143	0.5699
1333.00	66	-0.1024	-0.1125	0.4692
1334.00	66	-0.1003	-0.1116	0.4318
1335.00	66	-0.0959	-0.1097	0.3623
1336.00	66	-0.0889	-0.1068	0.2530
1337.00	66	-0.0859	-0.1052	0.2062
1338.00	66	-0.0831	-0.1042	0.1711
1339.00	66	-0.0733	-0.1051	0.1448
1340.00	67	-0.1768	1.2170	0.8142
1341.00	67	-0.1844	1.0599	0.8425
1342.00	67	-0.2457	0.8593	0.8497
1343.00	67	-0.2519	0.6818	0.8382
1344.00	67	-0.2609	0.5086	0.8353
1345.00	67	-0.2990	0.2854	0.8349
1346.00	67	-0.3390	0.0848	0.8407
1347.00	67	-0.2684	-0.0116	0.8290
1348.00	67	-0.1829	-0.0825	0.8336
1349.00	67	-0.1089	-0.1184	0.8207
1350.00	67	-0.1090	-0.1153	0.6688
1351.00	67	-0.1082	-0.1149	0.6199
1352.00	67	-0.1048	-0.1136	0.5196
1353.00	67	-0.1010	-0.1118	0.4443
1354.00	67	-0.0978	-0.1105	0.3907
1355.00	67	-0.0959	-0.1097	0.3623
1356.00	67	-0.0887	-0.1067	0.2492
1357.00	67	-0.0836	-0.1043	0.1771
1358.00	67	-0.0817	-0.1039	0.1572
1359.00	67	-0.0733	-0.1051	0.1448
1360.00	68	-0.1769	1.2168	0.8151
1361.00	68	-0.1883	1.0574	0.8423
1362.00	68	-0.2467	0.8587	0.8495
1363.00	68	-0.2420	0.6864	0.8394
1364.00	68	-0.2705	0.5027	0.8353
1365.00	68	-0.2961	0.2871	0.8356
1366.00	68	-0.3392	0.0850	0.8407
1367.00	68	-0.2759	-0.0062	0.8291
1368.00	68	-0.1736	-0.0929	0.8336
1369.00	68	-0.1089	-0.1185	0.8234
1370.00	68	-0.1096	-0.1160	0.7350
1371.00	68	-0.1089	-0.1152	0.6567
1372.00	68	-0.1066	-0.1143	0.5658
1373.00	68	-0.1028	-0.1126	0.4776
1374.00	68	-0.1001	-0.1115	0.4276
1375.00	68	-0.0953	-0.1095	0.3543
1376.00	68	-0.0882	-0.1065	0.2418
1377.00	68	-0.0834	-0.1042	0.1741
1378.00	68	-0.0831	-0.1042	0.1711
1379.00	68	-0.0733	-0.1051	0.1448
1380.00	69	-0.1769	1.2170	0.8139
1381.00	69	-0.1814	1.0620	0.8428
1382.00	69	-0.2540	0.8545	0.8483
1383.00	69	-0.2431	0.6859	0.8393
1384.00	69	-0.2640	0.5068	0.8354
1385.00	69	-0.2960	0.2871	0.8357
1386.00	69	-0.3390	0.0848	0.8407
1387.00	69	-0.2754	-0.0067	0.8291
1388.00	69	-0.1728	-0.0936	0.8336
1389.00	69	-0.1074	-0.1205	0.8588
1390.00	69	-0.1092	-0.1154	0.6808
1391.00	69	-0.1089	-0.1153	0.6607
1392.00	69	-0.1048	-0.1136	0.5196
1393.00	69	-0.1035	-0.1129	0.4902
1394.00	69	-0.0996	-0.1112	0.4194
1395.00	69	-0.0961	-0.1098	0.3663
1396.00	69	-0.0895	-0.1071	0.2643
1397.00	69	-0.0857	-0.1051	0.2028
1398.00	69	-0.0783	-0.1033	0.1476
1399.00	69	-0.0733	-0.1051	0.1448
1400.00	70	-0.1769	1.2168	0.8151
1401.00	70	-0.1854	1.0593	0.8425
1402.00	70	-0.2504	0.8567	0.8489
1403.00	70	-0.2643	0.6766	0.8369
1404.00	70	-0.2684	0.5040	0.8354
1405.00	70	-0.2962	0.2870	0.8356
1406.00	70	-0.3416	0.0887	0.8406
1407.00	70	-0.2702	-0.0105	0.8290
1408.00	70	-0.1743	-0.0922	0.8336
1409.00	70	-0.1086	-0.1189	0.8337
1410.00	70	-0.1093	-0.1154	0.6887
1411.00	70	-0.1089	-0.1152	0.6567
1412.00	70	-0.1045	-0.1134	0.5112
1413.00	70	-0.1008	-0.1117	0.4401
1414.00	70	-0.0964	-0.1099	0.3704
1415.00	70	-0.0942	-0.1091	0.3384
1416.00	70	-0.0868	-0.1057	0.2201
1417.00	70	-0.0863	-0.1055	0.2131
1418.00	70	-0.0815	-0.1039	0.1547
1419.00	70	-0.0733	-0.1051	0.1448
1420.00	71	-0.1769	1.2168	0.8146
1421.00	71	-0.1740	1.0665	0.8432
1422.00	71	-0.2513	0.8562	0.8488
1423.00	71	-0.2655	0.6762	0.8368
1424.00	71	-0.2628	0.5075	0.8354
1425.00	71	-0.2964	0.2869	0.8355
1426.00	71	-0.3395	0.0854	0.8407
1427.00	71	-0.2677	-0.0119	0.8289
1428.00	71	-0.1795	-0.0868	0.8337
1429.00	71	-0.1080	-0.1198	0.8494
1430.00	71	-0.1088	-0.1152	0.6526
1431.00	71	-0.1083	-0.1150	0.6239
1432.00	71	-0.1065	-0.1142	0.5615
1433.00	71	-0.1027	-0.1125	0.4735
1434.00	71	-0.0992	-0.1110	0.4112
1435.00	71	-0.0947	-0.1092	0.3464
1436.00	71	-0.0875	-0.1061	0.2308
1437.00	71	-0.0828	-0.1041	0.1681
1438.00	71	-0.0775	-0.1033	0.1491
1439.00	71	-0.0733	-0.1051	0.1448
1440.00	72	-0.1769	1.2168	0.8145
1441.00	72	-0.1844	1.0599	0.8425
1442.00	72	-0.2438	0.8604	0.8501
1443.00	72	-0.2666	0.6757	0.8367
1444.00	72	-0.2684	0.5040	0.8354
1445.00	72	-0.2960	0.2871	0.8357
1446.00	72	-0.3401	0.0865	0.8407
1447.00	72	-0.2684	-0.0116	0.8290
1448.00	72	-0.1758	-0.0907	0.8336
1449.00	72	-0.1087	-0.1188	0.8312
1450.00	72	-0.1090	-0.1153	0.6688
1451.00	72	-0.1070	-0.1144	0.5783
1452.00	72	-0.1068	-0.1143	0.5699
1453.00	72	-0.1019	-0.1123	0.4609
1454.00	72	-0.0956	-0.1096	0.3583
1455.00	72	-0.0912	-0.1078	0.2913
1456.00	72	-0.0875	-0.1061	0.2308
1457.00	72	-0.0825	-0.1041	0.1653
1458.00	72	-0.0806	-0.1037	0.1473
1459.00	72	-0.0733	-0.1051	0.1448
1460.00	73	-0.1769	1.2168	0.8145
1461.00	73	-0.1804	1.0626	0.8429
1462.00	73	-0.2485	0.8577	0.8492
1463.00	73	-0.2531	0.6813	0.8381
1464.00	73	-0.2660	0.5055	0.8354
1465.00	73	-0.2990	0.2854	0.8349
1466.00	73	-0.3368	0.0822	0.8408
1467.00	73	-0.2737	-0.0081	0.8291
1468.00	73	-0.1689	-0.0972	0.8335
1469.00	73	-0.1085	-0.1191	0.8361
1470.00	73	-0.1096	-0.1157	0.7161
1471.00	73	-0.1086	-0.1151	0.6404
1472.00	73	-0.1069	-0.1144	0.5742
1473.00	73	-0.1001	-0.1115	0.4276
1474.00	73	-0.0999	-0.1114	0.4235
1475.00	73	-0.0905	-0.1075	0.2796
1476.00	73	-0.0893	-0.1070	0.2605
1477.00	73	-0.0825	-0.1041	0.1653
1478.00	73	-0.0799	-0.1035	0.1447
1479.00	73	-0.0733	-0.1051	0.1448
1480.00	74	-0.1769	1.2171	0.8136
1481.00	74	-0.1794	1.0633	0.8430
1482.00	74	-0.2457	0.8593	0.8497
1483.00	74	-0.2519	0.6818	0.8382
1484.00	74	-0.2671	0.5048	0.8354
1485.00	74	-0.2969	0.2866	0.8354
1486.00	74	-0.3386	0.0842	0.8407
1487.00	74	-0.2677	-0.0119	0.8289
1488.00	74	-0.1795	-0.0868	0.8337
1489.00	74	-0.1082	-0.1194	0.8430
1490.00	74	-0.1095	-0.1156	0.7083
1491.00	74	-0.1072	-0.1145	0.5825
1492.00	74	-0.1041	-0.1132	0.5028
1493.00	74	-0.1017	-0.1122	0.4567
1494.00	74	-0.0953	-0.1095	0.3543
1495.00	74	-0.0932	-0.1086	0.3226
1496.00	74	-0.0882	-0.1065	0.2418
1497.00	74	-0.0812	-0.1038	0.1522
1498.00	74	-0.0760	-0.1033	0.1482
1499.00	74	-0.0733	-0.1051	0.1448
1500.00	75	-0.1769	1.2171	0.8135
1501.00	75	-0.1912	1.0554	0.8420
1502.00	75	-0.2504	0.8567	0.8489
1503.00	75	-0.2700	0.6743	0.8364
1504.00	75	-0.2640	0.5068	0.8354
1505.00	75	-0.3010	0.2843	0.8346
1506.00	75	-0.3375	0.0829	0.8408
1507.00	75	-0.2726	-0.0089	0.8290
1508.00	75	-0.1743	-0.0922	0.8336
1509.00	75	-0.1085	-0.1191	0.8361
1510.00	75	-0.1090	-0.1153	0.6688
1511.00	75	-0.1072	-0.1146	0.5866
1512.00	75	-0.1043	-0.1133	0.5070
1513.00	75	-0.1003	-0.1116	0.4318
1514.00	75	-0.0994	-0.1111	0.4153
1515.00	75	-0.0914	-0.1079	0.2951
1516.00	75	-0.0866	-0.1056	0.2166
1517.00	75	-0.0831	-0.1042	0.1711
1518.00	75	-0.0775	-0.1033	0.1491
1519.00	75	-0.0733	-0.1051	0.1448
1520.00	76	-0.1769	1.2171	0.8138
1521.00	76	-0.1844	1.0599	0.8425
1522.00	76	-0.2438	0.8604	0.8501
1523.00	76	-0.2666	0.6757	0.8367
1524.00	76	-0.2691	0.5036	0.8354
1525.00	76	-0.2997	0.2849	0.8348
1526.00	76	-0.3382	0.0836	0.8407
1527.00	76	-0.2726	-0.0089	0.8290
1528.00	76	-0.1728	-0.0936	0.8336
1529.00	76	-0.1090	-0.1182	0.8179
1530.00	76	-0.1089	-0.1152	0.6567
1531.00	76	-0.1072	-0.1145	0.5825
1532.00	76	-0.1045	-0.1134	0.5112
1533.00	76	-0.0989	-0.1109	0.4071
1534.00	76	-0.0986	-0.1108	0.4030
1535.00	76	-0.0935	-0.1087	0.3265
1536.00	76	-0.0859	-0.1052	0.2062
1537.00	76	-0.0806	-0.1037	0.1473
1538.00	76	-0.0790	-0.1034	0.1464
1539.00	76	-0.0733	-0.1051	0.1448
1540.00	77	-0.1769	1.2171	0.8136
1541.00	77	-0.1931	1.0541	0.8419
1542.00	77	-0.2583	0.8519	0.8476
1543.00	77	-0.2609	0.6780	0.8372
1544.00	77	-0.2698	0.5031	0.8353
1545.00	77	-0.2983	0.2858	0.8350
1546.00	77	-0.3386	0.0842	0.8407
1547.00	77	-0.2608	-0.0150	0.8289
1548.00	77	-0.1665	-0.0993	0.8334
1549.00	77	-0.1091	-0.1181	0.8151
1550.00	77	-0.1086	-0.1151	0.6404
1551.00	77	-0.1065	-0.1142	0.5615
1552.00	77	-0.1033	-0.1129	0.4860
1553.00	77	-0.1006	-0.1117	0.4360
1554.00	77	-0.0970	-0.1101	0.3785
1555.00	77	-0.0917	-0.1080	0.2990
1556.00	77	-0.0861	-0.1054	0.2096
1557.00	77	-0.0852	-0.1050	0.1962
1558.00	77	-0.0806	-0.1037	0.1473
1559.00	77	-0.0733	-0.1051	0.1448
1560.00	78	-0.1769	1.2171	0.8138
1561.00	78	-0.1864	1.0587	0.8425
1562.00	78	-0.2566	0.8530	0.8479
1563.00	78	-0.2554	0.6804	0.8379
1564.00	78	-0.2660	0.5055	0.8354
1565.00	78	-0.2972	0.2864	0.8353
1566.00	78	-0.3395	0.0854	0.8407
1567.00	78	-0.2702	-0.0105	0.8290
1568.00	78	-0.1736	-0.0929	0.8336
1569.00	78	-0.1093	-0.1175	0.8003
1570.00	78	-0.1092	-0.1154	0.6808
1571.00	78	-0.1076	-0.1147	0.5991
1572.00	78	-0.1055	-0.1138	0.5364
1573.00	78	-0.1001	-0.1115	0.4276
1574.00	78	-0.0956	-0.1096	0.3583
1575.00	78	-0.0937	-0.1088	0.3304
1576.00	78	-0.0861	-0.1054	0.2096
1577.00	78	-0.0839	-0.1044	0.1802
1578.00	78	-0.0790	-0.1034	0.1464
1579.00	78	-0.0733	-0.1051	0.1448
1580.00	79	-0.1768	1.2171	0.8135
1581.00	79	-0.1921	1.0547	0.8420
1582.00	79	-0.2549	0.8540	0.8481
1583.00	79	-0.2609	0.6780	0.8372
1584.00	79	-0.2754	0.4996	0.8351
1585.00	79	-0.2990	0.2854	0.8349
1586.00	79	-0.3390	0.0848	0.8407
1587.00	79	-0.2665	-0.0125	0.8290
1588.00	79	-0.1649	-0.1007	0.8334
1589.00	79	-0.1093	-0.1175	0.8003
1590.00	79	-0.1093	-0.1154	0.6848
1591.00	79	-0.1065	-0.1142	0.5615
1592.00	79	-0.1027	-0.1125	0.4735
1593.00	79	-0.1017	-0.1122	0.4567
1594.00	79	-0.0973	-0.1102	0.3826
1595.00	79	-0.0919	-0.1081	0.3029
1596.00	79	-0.0863	-0.1055	0.2131
1597.00	79	-0.0799	-0.1035	0.1447
1598.00	79	-0.0786	-0.1033	0.1470
1599.00	79	-0.0733	-0.1051	0.1448
