0.00	0	-0.3619	0.7133	0.8318
1.00	0	-0.4184	0.6801	0.8377
2.00	0	-0.2676	0.6423	0.8536
3.00	0	-0.3469	0.4844	0.8605
4.00	0	-0.1855	0.5014	0.8495
5.00	0	-0.0517	0.5017	0.8390
6.00	0	-0.0350	0.4307	0.8221
7.00	0	-0.0801	0.3379	0.8302
8.00	0	-0.0979	0.2050	0.8343
9.00	0	-0.0309	0.0243	0.8909
10.00	0	-0.0202	0.0388	0.8679
11.00	0	-0.0180	0.0381	0.7912
12.00	0	-0.0126	0.0385	0.6502
13.00	0	-0.0079	0.0397	0.5581
14.00	0	0.0035	0.0445	0.4160
15.00	0	0.0147	0.0491	0.2979
16.00	0	0.0254	0.0540	0.2120
17.00	0	0.0432	0.0606	0.1497
18.00	0	0.0517	0.0608	0.1449
19.00	0	0.0517	0.0608	0.1449
20.00	1	-0.3629	0.7124	0.8311
21.00	1	-0.4184	0.6801	0.8377
22.00	1	-0.2676	0.6423	0.8536
23.00	1	-0.3467	0.4846	0.8600
24.00	1	-0.1849	0.5015	0.8495
25.00	1	-0.0517	0.5017	0.8390
26.00	1	-0.0369	0.4225	0.8225
27.00	1	-0.0801	0.3379	0.8302
28.00	1	-0.0979	0.2050	0.8343
29.00	1	-0.0310	0.0238	0.8900
30.00	1	-0.0195	0.0384	0.8462
31.00	1	-0.0170	0.0381	0.7605
32.00	1	-0.0125	0.0386	0.6462
33.00	1	-0.0084	0.0395	0.5661
34.00	1	0.0009	0.0433	0.4444
35.00	1	0.0152	0.0496	0.2937
36.00	1	0.0254	0.0540	0.2120
37.00	1	0.0432	0.0606	0.1497
38.00	1	0.0517	0.0608	0.1449
39.00	1	0.0517	0.0608	0.1449
40.00	2	-0.3605	0.7144	0.8328
41.00	2	-0.4184	0.6801	0.8377
42.00	2	-0.2676	0.6423	0.8536
43.00	2	-0.3467	0.4847	0.8598
44.00	2	-0.1855	0.5014	0.8495
45.00	2	-0.0517	0.5017	0.8390
46.00	2	-0.0371	0.4216	0.8225
47.00	2	-0.0801	0.3379	0.8302
48.00	2	-0.0979	0.2050	0.8343
49.00	2	-0.0310	0.0238	0.8900
50.00	2	-0.0200	0.0387	0.8620
51.00	2	-0.0180	0.0381	0.7912
52.00	2	-0.0133	0.0384	0.6660
53.00	2	-0.0068	0.0400	0.5419
54.00	2	0.0043	0.0449	0.4079
55.00	2	0.0118	0.0479	0.3265
56.00	2	0.0254	0.0540	0.2120
57.00	2	0.0518	0.0607	0.1448
58.00	2	0.0517	0.0608	0.1449
59.00	2	0.0517	0.0608	0.1449
60.00	3	-0.3605	0.7144	0.8328
61.00	3	-0.4192	0.6793	0.8395
62.00	3	-0.2676	0.6423	0.8536
63.00	3	-0.3467	0.4846	0.8599
64.00	3	-0.1819	0.5021	0.8489
65.00	3	-0.0465	0.5010	0.8387
66.00	3	-0.0356	0.4286	0.8223
67.00	3	-0.0804	0.3318	0.8303
68.00	3	-0.0976	0.2051	0.8342
69.00	3	-0.0308	0.0245	0.8912
70.00	3	-0.0194	0.0384	0.8437
71.00	3	-0.0180	0.0381	0.7912
72.00	3	-0.0139	0.0383	0.6817
73.00	3	-0.0065	0.0401	0.5378
74.00	3	0.0013	0.0434	0.4404
75.00	3	0.0147	0.0491	0.2979
76.00	3	0.0254	0.0540	0.2120
77.00	3	0.0519	0.0608	0.1449
78.00	3	0.0517	0.0608	0.1449
79.00	3	0.0517	0.0608	0.1449
80.00	4	-0.3627	0.7126	0.8313
81.00	4	-0.4188	0.6797	0.8387
82.00	4	-0.2691	0.6375	0.8537
83.00	4	-0.3469	0.4844	0.8606
84.00	4	-0.1799	0.5027	0.8484
85.00	4	-0.0456	0.5009	0.8386
86.00	4	-0.0345	0.4327	0.8220
87.00	4	-0.0805	0.3307	0.8303
88.00	4	-0.0970	0.2051	0.8342
89.00	4	-0.0310	0.0238	0.8900
90.00	4	-0.0199	0.0387	0.8599
91.00	4	-0.0173	0.0381	0.7710
92.00	4	-0.0126	0.0385	0.6502
93.00	4	-0.0071	0.0399	0.5459
94.00	4	0.0009	0.0433	0.4444
95.00	4	0.0118	0.0479	0.3265
96.00	4	0.0276	0.0548	0.1977
97.00	4	0.0437	0.0609	0.1498
98.00	4	0.0517	0.0608	0.1449
99.00	4	0.0517	0.0608	0.1449
100.00	5	-0.3643	0.7114	0.8303
101.00	5	-0.4199	0.6786	0.8408
102.00	5	-0.2707	0.6321	0.8538
103.00	5	-0.3468	0.4845	0.8602
104.00	5	-0.1855	0.5014	0.8495
105.00	5	-0.0404	0.5005	0.8380
106.00	5	-0.0361	0.4244	0.8224
107.00	5	-0.0808	0.3263	0.8303
108.00	5	-0.0965	0.2050	0.8342
109.00	5	-0.0310	0.0238	0.8900
110.00	5	-0.0193	0.0384	0.8386
111.00	5	-0.0167	0.0381	0.7534
112.00	5	-0.0139	0.0383	0.6817
113.00	5	-0.0071	0.0399	0.5459
114.00	5	0.0039	0.0447	0.4119
115.00	5	0.0118	0.0479	0.3265
116.00	5	0.0306	0.0555	0.1807
117.00	5	0.0432	0.0606	0.1497
118.00	5	0.0517	0.0608	0.1449
119.00	5	0.0517	0.0608	0.1449
120.00	6	-0.3621	0.7131	0.8316
121.00	6	-0.4193	0.6791	0.8397
122.00	6	-0.2704	0.6332	0.8538
123.00	6	-0.3469	0.4844	0.8606
124.00	6	-0.1843	0.5016	0.8494
125.00	6	-0.0412	0.5005	0.8380
126.00	6	-0.0361	0.4244	0.8224
127.00	6	-0.0801	0.3379	0.8302
128.00	6	-0.0965	0.2050	0.8342
129.00	6	-0.0310	0.0238	0.8900
130.00	6	-0.0200	0.0387	0.8640
131.00	6	-0.0180	0.0381	0.7912
132.00	6	-0.0114	0.0388	0.6223
133.00	6	-0.0071	0.0399	0.5459
134.00	6	0.0065	0.0458	0.3834
135.00	6	0.0142	0.0489	0.3021
136.00	6	0.0306	0.0555	0.1807
137.00	6	0.0437	0.0609	0.1498
138.00	6	0.0518	0.0608	0.1449
139.00	6	0.0517	0.0608	0.1449
140.00	7	-0.3605	0.7144	0.8328
141.00	7	-0.4195	0.6790	0.8400
142.00	7	-0.2691	0.6375	0.8537
143.00	7	-0.3468	0.4844	0.8604
144.00	7	-0.1855	0.5014	0.8495
145.00	7	-0.0412	0.5005	0.8380
146.00	7	-0.0359	0.4276	0.8224
147.00	7	-0.0808	0.3263	0.8303
148.00	7	-0.0965	0.2050	0.8342
149.00	7	-0.0305	0.0253	0.8927
150.00	7	-0.0197	0.0386	0.8533
151.00	7	-0.0170	0.0381	0.7605
152.00	7	-0.0138	0.0384	0.6778
153.00	7	-0.0084	0.0395	0.5661
154.00	7	0.0065	0.0458	0.3834
155.00	7	0.0118	0.0479	0.3265
156.00	7	0.0254	0.0540	0.2120
157.00	7	0.0517	0.0607	0.1450
158.00	7	0.0517	0.0608	0.1449
159.00	7	0.0517	0.0608	0.1449
160.00	8	-0.3647	0.7111	0.8300
161.00	8	-0.4195	0.6790	0.8400
162.00	8	-0.2701	0.6344	0.8538
163.00	8	-0.3466	0.4848	0.8594
164.00	8	-0.1828	0.5019	0.8491
165.00	8	-0.0421	0.5006	0.8381
166.00	8	-0.0371	0.4216	0.8225
167.00	8	-0.0801	0.3369	0.8302
168.00	8	-0.0962	0.2046	0.8342
169.00	8	-0.0306	0.0250	0.8922
170.00	8	-0.0200	0.0387	0.8640
171.00	8	-0.0172	0.0381	0.7676
172.00	8	-0.0114	0.0388	0.6223
173.00	8	-0.0045	0.0409	0.5094
174.00	8	0.0024	0.0440	0.4282
175.00	8	0.0189	0.0514	0.2614
176.00	8	0.0313	0.0557	0.1774
177.00	8	0.0485	0.0605	0.1447
178.00	8	0.0517	0.0608	0.1449
179.00	8	0.0517	0.0608	0.1449
180.00	9	-0.3635	0.7119	0.8308
181.00	9	-0.4185	0.6800	0.8380
182.00	9	-0.2725	0.6262	0.8540
183.00	9	-0.3467	0.4846	0.8599
184.00	9	-0.1792	0.5029	0.8482
185.00	9	-0.0404	0.5005	0.8380
186.00	9	-0.0348	0.4317	0.8221
187.00	9	-0.0809	0.3251	0.8304
188.00	9	-0.0970	0.2051	0.8342
189.00	9	-0.0310	0.0238	0.8900
190.00	9	-0.0199	0.0387	0.8599
191.00	9	-0.0170	0.0381	0.7605
192.00	9	-0.0133	0.0384	0.6660
193.00	9	-0.0062	0.0403	0.5337
194.00	9	0.0039	0.0447	0.4119
195.00	9	0.0169	0.0502	0.2777
196.00	9	0.0288	0.0552	0.1907
197.00	9	0.0471	0.0609	0.1461
198.00	9	0.0517	0.0608	0.1449
199.00	9	0.0517	0.0608	0.1449
200.00	10	-0.3645	0.7112	0.8301
201.00	10	-0.4202	0.6780	0.8418
202.00	10	-0.2721	0.6274	0.8540
203.00	10	-0.3466	0.4848	0.8594
204.00	10	-0.1788	0.5030	0.8481
205.00	10	-0.0499	0.5015	0.8389
206.00	10	-0.0385	0.4159	0.8225
207.00	10	-0.0810	0.3240	0.8304
208.00	10	-0.0960	0.2042	0.8342
209.00	10	-0.0301	0.0268	0.8949
210.00	10	-0.0191	0.0382	0.8278
211.00	10	-0.0156	0.0382	0.7239
212.00	10	-0.0130	0.0384	0.6581
213.00	10	-0.0068	0.0400	0.5419
214.00	10	0.0073	0.0463	0.3751
215.00	10	0.0160	0.0499	0.2857
216.00	10	0.0355	0.0568	0.1587
217.00	10	0.0517	0.0608	0.1449
218.00	10	0.0517	0.0608	0.1449
219.00	10	0.0517	0.0608	0.1449
220.00	11	-0.3652	0.7107	0.8297
221.00	11	-0.4187	0.6798	0.8385
222.00	11	-0.2735	0.6225	0.8541
223.00	11	-0.3468	0.4845	0.8602
224.00	11	-0.1811	0.5024	0.8487
225.00	11	-0.0345	0.5001	0.8374
226.00	11	-0.0379	0.4187	0.8225
227.00	11	-0.0803	0.3339	0.8303
228.00	11	-0.0959	0.2039	0.8342
229.00	11	-0.0304	0.0259	0.8936
230.00	11	-0.0196	0.0385	0.8486
231.00	11	-0.0163	0.0382	0.7425
232.00	11	-0.0122	0.0386	0.6383
233.00	11	-0.0039	0.0412	0.5013
234.00	11	0.0065	0.0458	0.3834
235.00	11	0.0175	0.0507	0.2734
236.00	11	0.0264	0.0544	0.2048
237.00	11	0.0519	0.0608	0.1449
238.00	11	0.0517	0.0608	0.1449
239.00	11	0.0517	0.0608	0.1449
240.00	12	-0.3624	0.7128	0.8315
241.00	12	-0.4196	0.6789	0.8402
242.00	12	-0.2685	0.6396	0.8537
243.00	12	-0.3468	0.4844	0.8604
244.00	12	-0.1765	0.5037	0.8476
245.00	12	-0.0353	0.5001	0.8375
246.00	12	-0.0388	0.4149	0.8224
247.00	12	-0.0818	0.3160	0.8303
248.00	12	-0.0970	0.2051	0.8342
249.00	12	-0.0301	0.0266	0.8947
250.00	12	-0.0187	0.0381	0.8163
251.00	12	-0.0177	0.0381	0.7846
252.00	12	-0.0122	0.0386	0.6383
253.00	12	-0.0065	0.0401	0.5378
254.00	12	0.0062	0.0457	0.3874
255.00	12	0.0160	0.0499	0.2857
256.00	12	0.0377	0.0575	0.1504
257.00	12	0.0501	0.0607	0.1449
258.00	12	0.0517	0.0608	0.1449
259.00	12	0.0517	0.0608	0.1449
260.00	13	-0.3638	0.7118	0.8306
261.00	13	-0.4192	0.6793	0.8395
262.00	13	-0.2728	0.6249	0.8540
263.00	13	-0.3467	0.4846	0.8600
264.00	13	-0.1769	0.5036	0.8477
265.00	13	-0.0370	0.5002	0.8377
266.00	13	-0.0379	0.4187	0.8225
267.00	13	-0.0813	0.3206	0.8304
268.00	13	-0.0959	0.2039	0.8342
269.00	13	-0.0308	0.0245	0.8912
270.00	13	-0.0200	0.0387	0.8620
271.00	13	-0.0153	0.0383	0.7164
272.00	13	-0.0133	0.0384	0.6660
273.00	13	-0.0057	0.0405	0.5257
274.00	13	0.0028	0.0441	0.4242
275.00	13	0.0189	0.0514	0.2614
276.00	13	0.0391	0.0584	0.1454
277.00	13	0.0485	0.0605	0.1447
278.00	13	0.0517	0.0608	0.1449
279.00	13	0.0517	0.0608	0.1449
280.00	14	-0.3635	0.7119	0.8308
281.00	14	-0.4198	0.6787	0.8406
282.00	14	-0.2746	0.6187	0.8542
283.00	14	-0.3464	0.4850	0.8587
284.00	14	-0.1762	0.5038	0.8475
285.00	14	-0.0421	0.5006	0.8381
286.00	14	-0.0394	0.4121	0.8224
287.00	14	-0.0804	0.3329	0.8303
288.00	14	-0.0974	0.2051	0.8342
289.00	14	-0.0300	0.0275	0.8960
290.00	14	-0.0187	0.0381	0.8163
291.00	14	-0.0161	0.0382	0.7351
292.00	14	-0.0112	0.0388	0.6183
293.00	14	-0.0054	0.0406	0.5216
294.00	14	0.0028	0.0441	0.4242
295.00	14	0.0160	0.0499	0.2857
296.00	14	0.0403	0.0590	0.1454
297.00	14	0.0517	0.0608	0.1449
298.00	14	0.0518	0.0608	0.1449
299.00	14	0.0517	0.0608	0.1449
300.00	15	-0.3667	0.7097	0.8290
301.00	15	-0.4193	0.6791	0.8397
302.00	15	-0.2704	0.6332	0.8538
303.00	15	-0.3468	0.4845	0.8601
304.00	15	-0.1784	0.5031	0.8480
305.00	15	-0.0430	0.5007	0.8384
306.00	15	-0.0383	0.4168	0.8225
307.00	15	-0.0813	0.3193	0.8302
308.00	15	-0.0964	0.2049	0.8342
309.00	15	-0.0299	0.0277	0.8962
310.00	15	-0.0191	0.0383	0.8306
311.00	15	-0.0149	0.0383	0.7049
312.00	15	-0.0104	0.0390	0.6023
313.00	15	-0.0029	0.0416	0.4892
314.00	15	0.0092	0.0467	0.3510
315.00	15	0.0217	0.0527	0.2380
316.00	15	0.0306	0.0555	0.1807
317.00	15	0.0517	0.0608	0.1449
318.00	15	0.0517	0.0608	0.1449
319.00	15	0.0517	0.0608	0.1449
320.00	16	-0.3624	0.7128	0.8315
321.00	16	-0.4207	0.6775	0.8426
322.00	16	-0.2735	0.6225	0.8541
323.00	16	-0.3464	0.4850	0.8588
324.00	16	-0.1753	0.5041	0.8472
325.00	16	-0.0328	0.4999	0.8372
326.00	16	-0.0389	0.4140	0.8224
327.00	16	-0.0810	0.3240	0.8304
328.00	16	-0.0958	0.2036	0.8343
329.00	16	-0.0301	0.0266	0.8947
330.00	16	-0.0195	0.0384	0.8462
331.00	16	-0.0172	0.0381	0.7676
332.00	16	-0.0106	0.0390	0.6063
333.00	16	-0.0012	0.0423	0.4688
334.00	16	0.0039	0.0447	0.4119
335.00	16	0.0208	0.0523	0.2456
336.00	16	0.0347	0.0566	0.1617
337.00	16	0.0518	0.0607	0.1448
338.00	16	0.0517	0.0608	0.1449
339.00	16	0.0517	0.0608	0.1449
340.00	17	-0.3652	0.7107	0.8297
341.00	17	-0.4203	0.6779	0.8419
342.00	17	-0.2746	0.6187	0.8542
343.00	17	-0.3466	0.4847	0.8596
344.00	17	-0.1811	0.5024	0.8487
345.00	17	-0.0448	0.5008	0.8385
346.00	17	-0.0397	0.4112	0.8224
347.00	17	-0.0813	0.3193	0.8302
348.00	17	-0.0957	0.2033	0.8343
349.00	17	-0.0297	0.0283	0.8969
350.00	17	-0.0186	0.0381	0.8102
351.00	17	-0.0170	0.0381	0.7605
352.00	17	-0.0091	0.0393	0.5782
353.00	17	-0.0065	0.0401	0.5378
354.00	17	0.0039	0.0447	0.4119
355.00	17	0.0232	0.0531	0.2268
356.00	17	0.0377	0.0575	0.1504
357.00	17	0.0517	0.0607	0.1450
358.00	17	0.0517	0.0608	0.1449
359.00	17	0.0517	0.0608	0.1449
360.00	18	-0.3657	0.7103	0.8295
361.00	18	-0.4196	0.6789	0.8402
362.00	18	-0.2750	0.6174	0.8543
363.00	18	-0.3464	0.4850	0.8587
364.00	18	-0.1803	0.5026	0.8485
365.00	18	-0.0438	0.5008	0.8385
366.00	18	-0.0371	0.4216	0.8225
367.00	18	-0.0825	0.3103	0.8304
368.00	18	-0.0966	0.2051	0.8342
369.00	18	-0.0296	0.0285	0.8971
370.00	18	-0.0193	0.0384	0.8386
371.00	18	-0.0150	0.0383	0.7088
372.00	18	-0.0120	0.0386	0.6343
373.00	18	-0.0012	0.0423	0.4688
374.00	18	0.0109	0.0475	0.3347
375.00	18	0.0169	0.0502	0.2777
376.00	18	0.0419	0.0599	0.1482
377.00	18	0.0518	0.0607	0.1448
378.00	18	0.0517	0.0608	0.1449
379.00	18	0.0517	0.0608	0.1449
380.00	19	-0.3641	0.7116	0.8304
381.00	19	-0.4205	0.6777	0.8423
382.00	19	-0.2739	0.6212	0.8541
383.00	19	-0.3463	0.4850	0.8584
384.00	19	-0.1780	0.5032	0.8479
385.00	19	-0.0278	0.4997	0.8365
386.00	19	-0.0385	0.4159	0.8225
387.00	19	-0.0822	0.3137	0.8303
388.00	19	-0.0969	0.2051	0.8342
389.00	19	-0.0300	0.0272	0.8955
390.00	19	-0.0187	0.0381	0.8163
391.00	19	-0.0163	0.0382	0.7425
392.00	19	-0.0108	0.0389	0.6103
393.00	19	-0.0005	0.0426	0.4607
394.00	19	0.0073	0.0463	0.3751
395.00	19	0.0199	0.0519	0.2534
396.00	19	0.0407	0.0593	0.1460
397.00	19	0.0511	0.0608	0.1450
398.00	19	0.0517	0.0608	0.1449
399.00	19	0.0517	0.0608	0.1449
400.00	20	-0.3662	0.7100	0.8292
401.00	20	-0.4205	0.6777	0.8423
402.00	20	-0.2742	0.6200	0.8542
403.00	20	-0.3462	0.4851	0.8580
404.00	20	-0.1780	0.5032	0.8479
405.00	20	-0.0370	0.5002	0.8377
406.00	20	-0.0374	0.4206	0.8225
407.00	20	-0.0830	0.3069	0.8304
408.00	20	-0.0952	0.2013	0.8343
409.00	20	-0.0300	0.0272	0.8955
410.00	20	-0.0193	0.0383	0.8360
411.00	20	-0.0155	0.0382	0.7202
412.00	20	-0.0088	0.0394	0.5741
413.00	20	-0.0032	0.0415	0.4931
414.00	20	0.0096	0.0469	0.3470
415.00	20	0.0199	0.0519	0.2534
416.00	20	0.0398	0.0589	0.1450
417.00	20	0.0517	0.0608	0.1449
418.00	20	0.0517	0.0608	0.1449
419.00	20	0.0517	0.0608	0.1449
420.00	21	-0.3660	0.7101	0.8293
421.00	21	-0.4201	0.6781	0.8416
422.00	21	-0.2761	0.6136	0.8544
423.00	21	-0.3462	0.4851	0.8580
424.00	21	-0.1765	0.5037	0.8476
425.00	21	-0.0404	0.5005	0.8380
426.00	21	-0.0371	0.4216	0.8225
427.00	21	-0.0830	0.3069	0.8304
428.00	21	-0.0956	0.2031	0.8343
429.00	21	-0.0298	0.0279	0.8965
430.00	21	-0.0185	0.0381	0.8072
431.00	21	-0.0166	0.0382	0.7497
432.00	21	-0.0106	0.0390	0.6063
433.00	21	-0.0032	0.0415	0.4931
434.00	21	0.0070	0.0461	0.3792
435.00	21	0.0165	0.0500	0.2817
436.00	21	0.0423	0.0601	0.1488
437.00	21	0.0517	0.0608	0.1449
438.00	21	0.0517	0.0608	0.1449
439.00	21	0.0517	0.0608	0.1449
440.00	22	-0.3641	0.7116	0.8304
441.00	22	-0.4203	0.6779	0.8419
442.00	22	-0.2742	0.6200	0.8542
443.00	22	-0.3461	0.4853	0.8575
444.00	22	-0.1792	0.5029	0.8482
445.00	22	-0.0278	0.4997	0.8365
446.00	22	-0.0388	0.4149	0.8224
447.00	22	-0.0822	0.3137	0.8303
448.00	22	-0.0961	0.2044	0.8342
449.00	22	-0.0304	0.0259	0.8936
450.00	22	-0.0183	0.0381	0.8009
451.00	22	-0.0163	0.0382	0.7425
452.00	22	-0.0116	0.0387	0.6263
453.00	22	0.0009	0.0433	0.4444
454.00	22	0.0089	0.0466	0.3551
455.00	22	0.0184	0.0511	0.2655
456.00	22	0.0427	0.0603	0.1494
457.00	22	0.0517	0.0608	0.1449
458.00	22	0.0517	0.0608	0.1449
459.00	22	0.0517	0.0608	0.1449
460.00	23	-0.3657	0.7103	0.8295
461.00	23	-0.4202	0.6780	0.8418
462.00	23	-0.2773	0.6096	0.8546
463.00	23	-0.3462	0.4851	0.8580
464.00	23	-0.1762	0.5038	0.8475
465.00	23	-0.0269	0.4996	0.8364
466.00	23	-0.0399	0.4103	0.8224
467.00	23	-0.0811	0.3229	0.8304
468.00	23	-0.0950	0.2005	0.8344
469.00	23	-0.0301	0.0270	0.8952
470.00	23	-0.0191	0.0382	0.8278
471.00	23	-0.0165	0.0382	0.7461
472.00	23	-0.0091	0.0393	0.5782
473.00	23	-0.0022	0.0419	0.4810
474.00	23	0.0118	0.0479	0.3265
475.00	23	0.0184	0.0511	0.2655
476.00	23	0.0339	0.0564	0.1647
477.00	23	0.0517	0.0608	0.1449
478.00	23	0.0517	0.0608	0.1449
479.00	23	0.0517	0.0608	0.1449
480.00	24	-0.3675	0.7092	0.8285
481.00	24	-0.4214	0.6769	0.8436
482.00	24	-0.2725	0.6262	0.8540
483.00	24	-0.3464	0.4850	0.8585
484.00	24	-0.1742	0.5046	0.8470
485.00	24	-0.0378	0.5003	0.8378
486.00	24	-0.0381	0.4178	0.8225
487.00	24	-0.0833	0.3046	0.8304
488.00	24	-0.0951	0.2009	0.8343
489.00	24	-0.0297	0.0283	0.8969
490.00	24	-0.0180	0.0381	0.7912
491.00	24	-0.0149	0.0383	0.7049
492.00	24	-0.0088	0.0394	0.5741
493.00	24	-0.0012	0.0423	0.4688
494.00	24	0.0065	0.0458	0.3834
495.00	24	0.0248	0.0538	0.2157
496.00	24	0.0423	0.0601	0.1488
497.00	24	0.0517	0.0608	0.1449
498.00	24	0.0517	0.0608	0.1449
499.00	24	0.0517	0.0608	0.1449
500.00	25	-0.3684	0.7087	0.8280
501.00	25	-0.4200	0.6783	0.8412
502.00	25	-0.2725	0.6262	0.8540
503.00	25	-0.3466	0.4848	0.8593
504.00	25	-0.1742	0.5046	0.8470
505.00	25	-0.0252	0.4995	0.8362
506.00	25	-0.0388	0.4149	0.8224
507.00	25	-0.0834	0.3035	0.8305
508.00	25	-0.0964	0.2049	0.8342
509.00	25	-0.0298	0.0281	0.8967
510.00	25	-0.0187	0.0381	0.8133
511.00	25	-0.0150	0.0383	0.7088
512.00	25	-0.0112	0.0388	0.6183
513.00	25	-0.0012	0.0423	0.4688
514.00	25	0.0092	0.0467	0.3510
515.00	25	0.0254	0.0540	0.2120
516.00	25	0.0403	0.0590	0.1454
517.00	25	0.0517	0.0608	0.1449
518.00	25	0.0517	0.0608	0.1449
519.00	25	0.0517	0.0608	0.1449
520.00	26	-0.3650	0.7109	0.8298
521.00	26	-0.4209	0.6774	0.8428
522.00	26	-0.2800	0.6005	0.8547
523.00	26	-0.3462	0.4852	0.8578
524.00	26	-0.1737	0.5049	0.8468
525.00	26	-0.0244	0.4994	0.8360
526.00	26	-0.0415	0.4041	0.8222
527.00	26	-0.0836	0.3023	0.8305
528.00	26	-0.0951	0.2009	0.8343
529.00	26	-0.0301	0.0268	0.8949
530.00	26	-0.0188	0.0382	0.8192
531.00	26	-0.0138	0.0384	0.6778
532.00	26	-0.0098	0.0392	0.5902
533.00	26	0.0009	0.0433	0.4444
534.00	26	0.0125	0.0482	0.3183
535.00	26	0.0227	0.0529	0.2306
536.00	26	0.0355	0.0568	0.1587
537.00	26	0.0517	0.0608	0.1449
538.00	26	0.0517	0.0608	0.1449
539.00	26	0.0517	0.0608	0.1449
540.00	27	-0.3671	0.7095	0.8287
541.00	27	-0.4215	0.6769	0.8437
542.00	27	-0.2761	0.6136	0.8544
543.00	27	-0.3463	0.4851	0.8582
544.00	27	-0.1769	0.5036	0.8477
545.00	27	-0.0328	0.4999	0.8372
546.00	27	-0.0394	0.4121	0.8224
547.00	27	-0.0824	0.3115	0.8303
548.00	27	-0.0962	0.2046	0.8342
549.00	27	-0.0300	0.0274	0.8957
550.00	27	-0.0188	0.0382	0.8192
551.00	27	-0.0158	0.0382	0.7277
552.00	27	-0.0100	0.0391	0.5943
553.00	27	-0.0032	0.0415	0.4931
554.00	27	0.0125	0.0482	0.3183
555.00	27	0.0208	0.0523	0.2456
556.00	27	0.0423	0.0601	0.1488
557.00	27	0.0517	0.0608	0.1449
558.00	27	0.0517	0.0608	0.1449
559.00	27	0.0517	0.0608	0.1449
560.00	28	-0.3671	0.7095	0.8287
561.00	28	-0.4214	0.6769	0.8436
562.00	28	-0.2792	0.6031	0.8547
563.00	28	-0.3464	0.4850	0.8585
564.00	28	-0.1741	0.5047	0.8469
565.00	28	-0.0269	0.4996	0.8364
566.00	28	-0.0425	0.3996	0.8220
567.00	28	-0.0836	0.3023	0.8305
568.00	28	-0.0954	0.2020	0.8343
569.00	28	-0.0293	0.0300	0.8993
570.00	28	-0.0183	0.0381	0.8009
571.00	28	-0.0133	0.0384	0.6660
572.00	28	-0.0104	0.0390	0.6023
573.00	28	-0.0012	0.0423	0.4688
574.00	28	0.0125	0.0482	0.3183
575.00	28	0.0276	0.0548	0.1977
576.00	28	0.0437	0.0609	0.1498
577.00	28	0.0517	0.0608	0.1449
578.00	28	0.0517	0.0608	0.1449
579.00	28	0.0517	0.0608	0.1449
580.00	29	-0.3682	0.7088	0.8281
581.00	29	-0.4210	0.6773	0.8431
582.00	29	-0.2784	0.6057	0.8546
583.00	29	-0.3463	0.4850	0.8584
584.00	29	-0.1747	0.5043	0.8471
585.00	29	-0.0294	0.4997	0.8368
586.00	29	-0.0430	0.3980	0.8220
587.00	29	-0.0844	0.2979	0.8307
588.00	29	-0.0958	0.2036	0.8343
589.00	29	-0.0300	0.0272	0.8955
590.00	29	-0.0177	0.0381	0.7813
591.00	29	-0.0153	0.0383	0.7164
592.00	29	-0.0088	0.0394	0.5741
593.00	29	0.0016	0.0436	0.4363
594.00	29	0.0118	0.0479	0.3265
595.00	29	0.0254	0.0540	0.2120
596.00	29	0.0449	0.0618	0.1488
597.00	29	0.0517	0.0608	0.1449
598.00	29	0.0517	0.0608	0.1449
599.00	29	0.0517	0.0608	0.1449
600.00	30	-0.3677	0.7091	0.8283
601.00	30	-0.4218	0.6767	0.8441
602.00	30	-0.2750	0.6174	0.8543
603.00	30	-0.3463	0.4851	0.8583
604.00	30	-0.1736	0.5050	0.8467
605.00	30	-0.0197	0.4993	0.8349
606.00	30	-0.0392	0.4131	0.8224
607.00	30	-0.0820	0.3149	0.8303
608.00	30	-0.0959	0.2039	0.8342
609.00	30	-0.0295	0.0293	0.8988
610.00	30	-0.0177	0.0381	0.7813
611.00	30	-0.0155	0.0382	0.7202
612.00	30	-0.0100	0.0391	0.5943
613.00	30	0.0035	0.0445	0.4160
614.00	30	0.0100	0.0471	0.3429
615.00	30	0.0313	0.0557	0.1774
616.00	30	0.0449	0.0618	0.1488
617.00	30	0.0517	0.0608	0.1449
618.00	30	0.0517	0.0608	0.1449
619.00	30	0.0517	0.0608	0.1449
620.00	31	-0.3701	0.7078	0.8271
621.00	31	-0.4209	0.6774	0.8428
622.00	31	-0.2819	0.5941	0.8546
623.00	31	-0.3459	0.4855	0.8568
624.00	31	-0.1741	0.5047	0.8469
625.00	31	-0.0237	0.4994	0.8358
626.00	31	-0.0427	0.3988	0.8220
627.00	31	-0.0838	0.3012	0.8305
628.00	31	-0.0955	0.2027	0.8343
629.00	31	-0.0294	0.0292	0.8981
630.00	31	-0.0182	0.0381	0.7977
631.00	31	-0.0153	0.0383	0.7164
632.00	31	-0.0088	0.0394	0.5741
633.00	31	0.0043	0.0449	0.4079
634.00	31	0.0100	0.0471	0.3429
635.00	31	0.0270	0.0546	0.2012
636.00	31	0.0501	0.0607	0.1449
637.00	31	0.0517	0.0608	0.1449
638.00	31	0.0517	0.0608	0.1449
639.00	31	0.0517	0.0608	0.1449
640.00	32	-0.3690	0.7084	0.8277
641.00	32	-0.4205	0.6777	0.8423
642.00	32	-0.2800	0.6005	0.8547
643.00	32	-0.3458	0.4856	0.8564
644.00	32	-0.1753	0.5041	0.8472
645.00	32	-0.0302	0.4998	0.8369
646.00	32	-0.0427	0.3988	0.8220
647.00	32	-0.0833	0.3046	0.8304
648.00	32	-0.0941	0.1942	0.8348
649.00	32	-0.0295	0.0290	0.8978
650.00	32	-0.0170	0.0381	0.7605
651.00	32	-0.0139	0.0383	0.6817
652.00	32	-0.0100	0.0391	0.5943
653.00	32	-0.0002	0.0427	0.4567
654.00	32	0.0125	0.0482	0.3183
655.00	32	0.0259	0.0542	0.2084
656.00	32	0.0415	0.0598	0.1472
657.00	32	0.0517	0.0608	0.1449
658.00	32	0.0517	0.0608	0.1449
659.00	32	0.0517	0.0608	0.1449
660.00	33	-0.3682	0.7088	0.8281
661.00	33	-0.4210	0.6773	0.8431
662.00	33	-0.2761	0.6136	0.8544
663.00	33	-0.3461	0.4853	0.8574
664.00	33	-0.1730	0.5062	0.8464
665.00	33	-0.0204	0.4993	0.8351
666.00	33	-0.0441	0.3939	0.8219
667.00	33	-0.0823	0.3126	0.8303
668.00	33	-0.0947	0.1991	0.8344
669.00	33	-0.0293	0.0296	0.8985
670.00	33	-0.0165	0.0382	0.7461
671.00	33	-0.0132	0.0384	0.6621
672.00	33	-0.0051	0.0407	0.5176
673.00	33	0.0009	0.0433	0.4444
674.00	33	0.0175	0.0507	0.2734
675.00	33	0.0288	0.0552	0.1907
676.00	33	0.0415	0.0598	0.1472
677.00	33	0.0517	0.0608	0.1449
678.00	33	0.0517	0.0608	0.1449
679.00	33	0.0517	0.0608	0.1449
680.00	34	-0.3677	0.7091	0.8283
681.00	34	-0.4220	0.6767	0.8443
682.00	34	-0.2773	0.6096	0.8546
683.00	34	-0.3457	0.4856	0.8563
684.00	34	-0.1733	0.5054	0.8466
685.00	34	-0.0261	0.4995	0.8363
686.00	34	-0.0401	0.4094	0.8223
687.00	34	-0.0844	0.2979	0.8307
688.00	34	-0.0940	0.1927	0.8349
689.00	34	-0.0292	0.0302	0.8995
690.00	34	-0.0167	0.0381	0.7534
691.00	34	-0.0128	0.0385	0.6542
692.00	34	-0.0065	0.0401	0.5378
693.00	34	0.0028	0.0441	0.4242
694.00	34	0.0096	0.0469	0.3470
695.00	34	0.0288	0.0552	0.1907
696.00	34	0.0411	0.0596	0.1465
697.00	34	0.0518	0.0608	0.1449
698.00	34	0.0518	0.0608	0.1449
699.00	34	0.0517	0.0608	0.1449
700.00	35	-0.3708	0.7075	0.8267
701.00	35	-0.4210	0.6773	0.8431
702.00	35	-0.2804	0.5992	0.8547
703.00	35	-0.3462	0.4852	0.8579
704.00	35	-0.1750	0.5042	0.8472
705.00	35	-0.0190	0.4991	0.8346
706.00	35	-0.0435	0.3963	0.8220
707.00	35	-0.0849	0.2946	0.8309
708.00	35	-0.0950	0.2005	0.8344
709.00	35	-0.0293	0.0300	0.8993
710.00	35	-0.0175	0.0381	0.7779
711.00	35	-0.0120	0.0386	0.6343
712.00	35	-0.0057	0.0405	0.5257
713.00	35	0.0013	0.0434	0.4404
714.00	35	0.0152	0.0496	0.2937
715.00	35	0.0264	0.0544	0.2048
716.00	35	0.0471	0.0609	0.1461
717.00	35	0.0517	0.0608	0.1450
718.00	35	0.0517	0.0608	0.1449
719.00	35	0.0517	0.0608	0.1449
720.00	36	-0.3692	0.7082	0.8276
721.00	36	-0.4218	0.6767	0.8441
722.00	36	-0.2792	0.6031	0.8547
723.00	36	-0.3458	0.4855	0.8567
724.00	36	-0.1735	0.5052	0.8467
725.00	36	-0.0269	0.4996	0.8364
726.00	36	-0.0423	0.4015	0.8222
727.00	36	-0.0857	0.2891	0.8311
728.00	36	-0.0952	0.2013	0.8343
729.00	36	-0.0287	0.0318	0.9012
730.00	36	-0.0180	0.0381	0.7912
731.00	36	-0.0135	0.0384	0.6699
732.00	36	-0.0073	0.0398	0.5500
733.00	36	-0.0002	0.0427	0.4567
734.00	36	0.0125	0.0482	0.3183
735.00	36	0.0294	0.0554	0.1873
736.00	36	0.0419	0.0599	0.1482
737.00	36	0.0518	0.0608	0.1449
738.00	36	0.0517	0.0608	0.1449
739.00	36	0.0517	0.0608	0.1449
740.00	37	-0.3699	0.7079	0.8272
741.00	37	-0.4213	0.6770	0.8435
742.00	37	-0.2835	0.5891	0.8546
743.00	37	-0.3456	0.4857	0.8558
744.00	37	-0.1742	0.5046	0.8470
745.00	37	-0.0261	0.4995	0.8363
746.00	37	-0.0418	0.4032	0.8222
747.00	37	-0.0859	0.2868	0.8314
748.00	37	-0.0941	0.1942	0.8348
749.00	37	-0.0293	0.0296	0.8985
750.00	37	-0.0174	0.0381	0.7744
751.00	37	-0.0125	0.0386	0.6462
752.00	37	-0.0060	0.0404	0.5297
753.00	37	0.0013	0.0434	0.4404
754.00	37	0.0129	0.0483	0.3143
755.00	37	0.0339	0.0564	0.1647
756.00	37	0.0516	0.0608	0.1449
757.00	37	0.0517	0.0608	0.1449
758.00	37	0.0517	0.0608	0.1449
759.00	37	0.0517	0.0608	0.1449
760.00	38	-0.3675	0.7092	0.8285
761.00	38	-0.4218	0.6767	0.8441
762.00	38	-0.2796	0.6018	0.8547
763.00	38	-0.3459	0.4854	0.8569
764.00	38	-0.1735	0.5052	0.8467
765.00	38	-0.0278	0.4997	0.8365
766.00	38	-0.0413	0.4049	0.8222
767.00	38	-0.0849	0.2946	0.8309
768.00	38	-0.0945	0.1975	0.8346
769.00	38	-0.0293	0.0296	0.8985
770.00	38	-0.0173	0.0381	0.7710
771.00	38	-0.0123	0.0386	0.6423
772.00	38	-0.0079	0.0397	0.5581
773.00	38	0.0016	0.0436	0.4363
774.00	38	0.0133	0.0485	0.3103
775.00	38	0.0325	0.0561	0.1709
776.00	38	0.0516	0.0608	0.1449
777.00	38	0.0517	0.0608	0.1449
778.00	38	0.0517	0.0608	0.1449
779.00	38	0.0517	0.0608	0.1449
780.00	39	-0.3710	0.7074	0.8266
781.00	39	-0.4218	0.6767	0.8441
782.00	39	-0.2835	0.5891	0.8546
783.00	39	-0.3454	0.4858	0.8553
784.00	39	-0.1731	0.5060	0.8465
785.00	39	-0.0161	0.4990	0.8338
786.00	39	-0.0447	0.3915	0.8219
787.00	39	-0.0857	0.2879	0.8313
788.00	39	-0.0940	0.1934	0.8349
789.00	39	-0.0291	0.0308	0.9001
790.00	39	-0.0170	0.0381	0.7605
791.00	39	-0.0132	0.0384	0.6621
792.00	39	-0.0060	0.0404	0.5297
793.00	39	0.0035	0.0445	0.4160
794.00	39	0.0165	0.0500	0.2817
795.00	39	0.0281	0.0550	0.1942
796.00	39	0.0437	0.0609	0.1498
797.00	39	0.0517	0.0608	0.1449
798.00	39	0.0517	0.0608	0.1449
799.00	39	0.0517	0.0608	0.1449
800.00	40	-0.3718	0.7071	0.8262
801.00	40	-0.4226	0.6765	0.8448
802.00	40	-0.2819	0.5941	0.8546
803.00	40	-0.3454	0.4859	0.8551
804.00	40	-0.1730	0.5062	0.8464
805.00	40	-0.0204	0.4993	0.8351
806.00	40	-0.0418	0.4032	0.8222
807.00	40	-0.0844	0.2979	0.8307
808.00	40	-0.0950	0.2005	0.8344
809.00	40	-0.0287	0.0318	0.9012
810.00	40	-0.0155	0.0382	0.7202
811.00	40	-0.0106	0.0390	0.6063
812.00	40	-0.0035	0.0413	0.4973
813.00	40	0.0013	0.0434	0.4404
814.00	40	0.0152	0.0496	0.2937
815.00	40	0.0288	0.0552	0.1907
816.00	40	0.0446	0.0615	0.1493
817.00	40	0.0517	0.0608	0.1449
818.00	40	0.0517	0.0608	0.1449
819.00	40	0.0517	0.0608	0.1449
820.00	41	-0.3682	0.7088	0.8281
821.00	41	-0.4214	0.6769	0.8436
822.00	41	-0.2800	0.6005	0.8547
823.00	41	-0.3455	0.4858	0.8556
824.00	41	-0.1729	0.5070	0.8464
825.00	41	-0.0230	0.4994	0.8357
826.00	41	-0.0456	0.3874	0.8220
827.00	41	-0.0834	0.3035	0.8305
828.00	41	-0.0949	0.2000	0.8344
829.00	41	-0.0288	0.0316	0.9010
830.00	41	-0.0168	0.0381	0.7569
831.00	41	-0.0114	0.0388	0.6223
832.00	41	-0.0062	0.0403	0.5337
833.00	41	0.0043	0.0449	0.4079
834.00	41	0.0179	0.0509	0.2695
835.00	41	0.0288	0.0552	0.1907
836.00	41	0.0516	0.0608	0.1449
837.00	41	0.0517	0.0608	0.1449
838.00	41	0.0517	0.0608	0.1449
839.00	41	0.0517	0.0608	0.1449
840.00	42	-0.3722	0.7070	0.8260
841.00	42	-0.4216	0.6768	0.8438
842.00	42	-0.2863	0.5804	0.8544
843.00	42	-0.3454	0.4859	0.8551
844.00	42	-0.1729	0.5065	0.8464
845.00	42	-0.0185	0.4991	0.8345
846.00	42	-0.0447	0.3915	0.8219
847.00	42	-0.0838	0.3012	0.8305
848.00	42	-0.0938	0.1910	0.8351
849.00	42	-0.0283	0.0328	0.9021
850.00	42	-0.0170	0.0381	0.7605
851.00	42	-0.0135	0.0384	0.6699
852.00	42	-0.0035	0.0413	0.4973
853.00	42	0.0035	0.0445	0.4160
854.00	42	0.0169	0.0502	0.2777
855.00	42	0.0398	0.0589	0.1450
856.00	42	0.0441	0.0612	0.1497
857.00	42	0.0518	0.0608	0.1449
858.00	42	0.0517	0.0608	0.1449
859.00	42	0.0517	0.0608	0.1449
860.00	43	-0.3722	0.7070	0.8260
861.00	43	-0.4215	0.6769	0.8437
862.00	43	-0.2827	0.5916	0.8546
863.00	43	-0.3459	0.4854	0.8569
864.00	43	-0.1729	0.5066	0.8464
865.00	43	-0.0133	0.4990	0.8330
866.00	43	-0.0452	0.3890	0.8220
867.00	43	-0.0842	0.2990	0.8307
868.00	43	-0.0946	0.1987	0.8345
869.00	43	-0.0291	0.0306	0.8999
870.00	43	-0.0155	0.0382	0.7202
871.00	43	-0.0112	0.0388	0.6183
872.00	43	-0.0019	0.0420	0.4769
873.00	43	0.0039	0.0447	0.4119
874.00	43	0.0133	0.0485	0.3103
875.00	43	0.0370	0.0573	0.1531
876.00	43	0.0485	0.0605	0.1447
877.00	43	0.0517	0.0608	0.1449
878.00	43	0.0517	0.0608	0.1449
879.00	43	0.0517	0.0608	0.1449
880.00	44	-0.3708	0.7075	0.8267
881.00	44	-0.4222	0.6766	0.8445
882.00	44	-0.2851	0.5841	0.8544
883.00	44	-0.3458	0.4856	0.8564
884.00	44	-0.1729	0.5069	0.8464
885.00	44	-0.0161	0.4990	0.8338
886.00	44	-0.0443	0.3931	0.8219
887.00	44	-0.0849	0.2946	0.8309
888.00	44	-0.0936	0.1884	0.8353
889.00	44	-0.0284	0.0326	0.9019
890.00	44	-0.0168	0.0381	0.7569
891.00	44	-0.0116	0.0387	0.6263
892.00	44	-0.0071	0.0399	0.5459
893.00	44	0.0050	0.0452	0.3997
894.00	44	0.0165	0.0500	0.2817
895.00	44	0.0332	0.0562	0.1678
896.00	44	0.0519	0.0608	0.1449
897.00	44	0.0517	0.0608	0.1449
898.00	44	0.0517	0.0608	0.1449
899.00	44	0.0517	0.0608	0.1449
900.00	45	-0.3724	0.7069	0.8260
901.00	45	-0.4229	0.6765	0.8450
902.00	45	-0.2871	0.5780	0.8543
903.00	45	-0.3458	0.4856	0.8564
904.00	45	-0.1730	0.5063	0.8464
905.00	45	-0.0118	0.4990	0.8325
906.00	45	-0.0425	0.3996	0.8220
907.00	45	-0.0857	0.2891	0.8311
908.00	45	-0.0940	0.1927	0.8349
909.00	45	-0.0281	0.0332	0.9025
910.00	45	-0.0155	0.0382	0.7202
911.00	45	-0.0098	0.0392	0.5902
912.00	45	-0.0032	0.0415	0.4931
913.00	45	0.0083	0.0466	0.3629
914.00	45	0.0175	0.0507	0.2734
915.00	45	0.0384	0.0577	0.1479
916.00	45	0.0485	0.0605	0.1447
917.00	45	0.0517	0.0608	0.1449
918.00	45	0.0517	0.0608	0.1449
919.00	45	0.0517	0.0608	0.1449
920.00	46	-0.3708	0.7075	0.8267
921.00	46	-0.4229	0.6765	0.8450
922.00	46	-0.2812	0.5967	0.8547
923.00	46	-0.3458	0.4855	0.8567
924.00	46	-0.1731	0.5058	0.8465
925.00	46	-0.0161	0.4990	0.8338
926.00	46	-0.0435	0.3963	0.8220
927.00	46	-0.0869	0.2817	0.8318
928.00	46	-0.0937	0.1893	0.8352
929.00	46	-0.0292	0.0302	0.8995
930.00	46	-0.0153	0.0383	0.7164
931.00	46	-0.0123	0.0386	0.6423
932.00	46	-0.0060	0.0404	0.5297
933.00	46	0.0065	0.0458	0.3834
934.00	46	0.0179	0.0509	0.2695
935.00	46	0.0332	0.0562	0.1678
936.00	46	0.0517	0.0608	0.1449
937.00	46	0.0517	0.0608	0.1449
938.00	46	0.0517	0.0608	0.1449
939.00	46	0.0517	0.0608	0.1449
940.00	47	-0.3704	0.7077	0.8269
941.00	47	-0.4233	0.6765	0.8454
942.00	47	-0.2863	0.5804	0.8544
943.00	47	-0.3458	0.4855	0.8567
944.00	47	-0.1729	0.5065	0.8464
945.00	47	-0.0204	0.4993	0.8351
946.00	47	-0.0441	0.3939	0.8219
947.00	47	-0.0852	0.2912	0.8310
948.00	47	-0.0940	0.1927	0.8349
949.00	47	-0.0291	0.0308	0.9001
950.00	47	-0.0146	0.0383	0.6973
951.00	47	-0.0100	0.0391	0.5943
952.00	47	-0.0022	0.0419	0.4810
953.00	47	0.0073	0.0463	0.3751
954.00	47	0.0223	0.0529	0.2342
955.00	47	0.0370	0.0573	0.1531
956.00	47	0.0518	0.0607	0.1448
957.00	47	0.0517	0.0608	0.1449
958.00	47	0.0517	0.0608	0.1449
959.00	47	0.0517	0.0608	0.1449
960.00	48	-0.3701	0.7078	0.8271
961.00	48	-0.4226	0.6765	0.8448
962.00	48	-0.2812	0.5967	0.8547
963.00	48	-0.3454	0.4858	0.8553
964.00	48	-0.1731	0.5058	0.8465
965.00	48	-0.0133	0.4990	0.8330
966.00	48	-0.0459	0.3865	0.8220
967.00	48	-0.0875	0.2786	0.8321
968.00	48	-0.0938	0.1910	0.8351
969.00	48	-0.0291	0.0306	0.8999
970.00	48	-0.0156	0.0382	0.7239
971.00	48	-0.0110	0.0389	0.6143
972.00	48	-0.0022	0.0419	0.4810
973.00	48	0.0100	0.0471	0.3429
974.00	48	0.0223	0.0529	0.2342
975.00	48	0.0423	0.0601	0.1488
976.00	48	0.0517	0.0608	0.1449
977.00	48	0.0517	0.0608	0.1449
978.00	48	0.0517	0.0608	0.1449
979.00	48	0.0517	0.0608	0.1449
980.00	49	-0.3710	0.7074	0.8266
981.00	49	-0.4230	0.6765	0.8452
982.00	49	-0.2863	0.5804	0.8544
983.00	49	-0.3451	0.4861	0.8540
984.00	49	-0.1730	0.5071	0.8464
985.00	49	-0.0118	0.4990	0.8325
986.00	49	-0.0435	0.3963	0.8220
987.00	49	-0.0869	0.2817	0.8318
988.00	49	-0.0941	0.1949	0.8347
989.00	49	-0.0288	0.0316	0.9010
990.00	49	-0.0149	0.0383	0.7049
991.00	49	-0.0122	0.0386	0.6383
992.00	49	-0.0042	0.0410	0.5054
993.00	49	0.0043	0.0449	0.4079
994.00	49	0.0223	0.0529	0.2342
995.00	49	0.0384	0.0577	0.1479
996.00	49	0.0517	0.0608	0.1449
997.00	49	0.0517	0.0608	0.1449
998.00	49	0.0517	0.0608	0.1449
999.00	49	0.0517	0.0608	0.1449
1000.00	50	-0.3712	0.7073	0.8265
1001.00	50	-0.4233	0.6765	0.8454
1002.00	50	-0.2819	0.5941	0.8546
1003.00	50	-0.3450	0.4861	0.8535
1004.00	50	-0.1730	0.5073	0.8464
1005.00	50	-0.0091	0.4990	0.8315
1006.00	50	-0.0447	0.3915	0.8219
1007.00	50	-0.0869	0.2817	0.8318
1008.00	50	-0.0941	0.1942	0.8348
1009.00	50	-0.0287	0.0320	0.9014
1010.00	50	-0.0166	0.0382	0.7497
1011.00	50	-0.0116	0.0387	0.6263
1012.00	50	-0.0016	0.0421	0.4729
1013.00	50	0.0096	0.0469	0.3470
1014.00	50	0.0213	0.0525	0.2418
1015.00	50	0.0325	0.0561	0.1709
1016.00	50	0.0517	0.0608	0.1449
1017.00	50	0.0517	0.0608	0.1449
1018.00	50	0.0517	0.0608	0.1449
1019.00	50	0.0517	0.0608	0.1449
1020.00	51	-0.3716	0.7072	0.8263
1021.00	51	-0.4222	0.6766	0.8445
1022.00	51	-0.2823	0.5928	0.8546
1023.00	51	-0.3452	0.4860	0.8544
1024.00	51	-0.1734	0.5080	0.8466
1025.00	51	-0.0161	0.4990	0.8338
1026.00	51	-0.0436	0.3947	0.8220
1027.00	51	-0.0850	0.2922	0.8309
1028.00	51	-0.0941	0.1942	0.8348
1029.00	51	-0.0282	0.0331	0.9024
1030.00	51	-0.0162	0.0382	0.7388
1031.00	51	-0.0091	0.0393	0.5782
1032.00	51	-0.0032	0.0415	0.4931
1033.00	51	0.0092	0.0467	0.3510
1034.00	51	0.0169	0.0502	0.2777
1035.00	51	0.0403	0.0590	0.1454
1036.00	51	0.0517	0.0608	0.1449
1037.00	51	0.0517	0.0608	0.1449
1038.00	51	0.0517	0.0608	0.1449
1039.00	51	0.0517	0.0608	0.1449
1040.00	52	-0.3728	0.7068	0.8258
1041.00	52	-0.4226	0.6765	0.8448
1042.00	52	-0.2839	0.5878	0.8545
1043.00	52	-0.3454	0.4859	0.8551
1044.00	52	-0.1729	0.5070	0.8464
1045.00	52	-0.0103	0.4990	0.8320
1046.00	52	-0.0443	0.3931	0.8219
1047.00	52	-0.0871	0.2806	0.8319
1048.00	52	-0.0940	0.1927	0.8349
1049.00	52	-0.0283	0.0328	0.9021
1050.00	52	-0.0144	0.0383	0.6934
1051.00	52	-0.0091	0.0393	0.5782
1052.00	52	-0.0032	0.0415	0.4931
1053.00	52	0.0089	0.0466	0.3551
1054.00	52	0.0270	0.0546	0.2012
1055.00	52	0.0384	0.0577	0.1479
1056.00	52	0.0517	0.0608	0.1449
1057.00	52	0.0517	0.0608	0.1449
1058.00	52	0.0517	0.0608	0.1449
1059.00	52	0.0517	0.0608	0.1449
1060.00	53	-0.3733	0.7067	0.8256
1061.00	53	-0.4235	0.6764	0.8458
1062.00	53	-0.2907	0.5675	0.8541
1063.00	53	-0.3453	0.4860	0.8546
1064.00	53	-0.1729	0.5070	0.8464
1065.00	53	-0.0095	0.4990	0.8316
1066.00	53	-0.0461	0.3857	0.8220
1067.00	53	-0.0887	0.2726	0.8328
1068.00	53	-0.0936	0.1884	0.8353
1069.00	53	-0.0287	0.0320	0.9014
1070.00	53	-0.0163	0.0382	0.7425
1071.00	53	-0.0093	0.0393	0.5822
1072.00	53	-0.0002	0.0427	0.4567
1073.00	53	0.0129	0.0483	0.3143
1074.00	53	0.0259	0.0542	0.2084
1075.00	53	0.0377	0.0575	0.1504
1076.00	53	0.0517	0.0608	0.1449
1077.00	53	0.0517	0.0608	0.1449
1078.00	53	0.0517	0.0608	0.1449
1079.00	53	0.0517	0.0608	0.1449
1080.00	54	-0.3720	0.7070	0.8261
1081.00	54	-0.4225	0.6765	0.8448
1082.00	54	-0.2875	0.5769	0.8543
1083.00	54	-0.3455	0.4858	0.8556
1084.00	54	-0.1729	0.5067	0.8464
1085.00	54	-0.0108	0.4990	0.8321
1086.00	54	-0.0445	0.3923	0.8219
1087.00	54	-0.0877	0.2776	0.8322
1088.00	54	-0.0927	0.1750	0.8359
1089.00	54	-0.0278	0.0338	0.9029
1090.00	54	-0.0133	0.0384	0.6660
1091.00	54	-0.0102	0.0390	0.5983
1092.00	54	-0.0016	0.0421	0.4729
1093.00	54	0.0118	0.0479	0.3265
1094.00	54	0.0223	0.0529	0.2342
1095.00	54	0.0384	0.0577	0.1479
1096.00	54	0.0517	0.0608	0.1449
1097.00	54	0.0517	0.0608	0.1450
1098.00	54	0.0517	0.0608	0.1449
1099.00	54	0.0517	0.0608	0.1449
1100.00	55	-0.3743	0.7066	0.8251
1101.00	55	-0.4233	0.6765	0.8454
1102.00	55	-0.2875	0.5769	0.8543
1103.00	55	-0.3453	0.4859	0.8549
1104.00	55	-0.1738	0.5084	0.8467
1105.00	55	-0.0095	0.4990	0.8316
1106.00	55	-0.0468	0.3834	0.8220
1107.00	55	-0.0887	0.2726	0.8328
1108.00	55	-0.0936	0.1875	0.8353
1109.00	55	-0.0274	0.0347	0.9035
1110.00	55	-0.0153	0.0383	0.7164
1111.00	55	-0.0076	0.0398	0.5540
1112.00	55	0.0016	0.0436	0.4363
1113.00	55	0.0100	0.0471	0.3429
1114.00	55	0.0217	0.0527	0.2380
1115.00	55	0.0411	0.0596	0.1465
1116.00	55	0.0517	0.0608	0.1449
1117.00	55	0.0517	0.0608	0.1449
1118.00	55	0.0517	0.0608	0.1449
1119.00	55	0.0517	0.0608	0.1449
1120.00	56	-0.3736	0.7067	0.8254
1121.00	56	-0.4236	0.6764	0.8458
1122.00	56	-0.2883	0.5745	0.8542
1123.00	56	-0.3454	0.4859	0.8551
1124.00	56	-0.1729	0.5067	0.8464
1125.00	56	-0.0133	0.4990	0.8330
1126.00	56	-0.0456	0.3874	0.8220
1127.00	56	-0.0869	0.2817	0.8318
1128.00	56	-0.0936	0.1884	0.8353
1129.00	56	-0.0284	0.0326	0.9019
1130.00	56	-0.0149	0.0383	0.7049
1131.00	56	-0.0079	0.0397	0.5581
1132.00	56	0.0002	0.0429	0.4526
1133.00	56	0.0100	0.0471	0.3429
1134.00	56	0.0204	0.0521	0.2495
1135.00	56	0.0398	0.0589	0.1450
1136.00	56	0.0517	0.0608	0.1449
1137.00	56	0.0517	0.0608	0.1449
1138.00	56	0.0517	0.0608	0.1449
1139.00	56	0.0517	0.0608	0.1449
1140.00	57	-0.3732	0.7067	0.8257
1141.00	57	-0.4234	0.6764	0.8456
1142.00	57	-0.2859	0.5817	0.8544
1143.00	57	-0.3453	0.4860	0.8548
1144.00	57	-0.1740	0.5086	0.8469
1145.00	57	-0.0133	0.4990	0.8330
1146.00	57	-0.0472	0.3818	0.8220
1147.00	57	-0.0881	0.2755	0.8324
1148.00	57	-0.0931	0.1814	0.8357
1149.00	57	-0.0285	0.0324	0.9018
1150.00	57	-0.0143	0.0383	0.6895
1151.00	57	-0.0108	0.0389	0.6103
1152.00	57	0.0035	0.0445	0.4160
1153.00	57	0.0137	0.0487	0.3062
1154.00	57	0.0217	0.0527	0.2380
1155.00	57	0.0377	0.0575	0.1504
1156.00	57	0.0517	0.0608	0.1449
1157.00	57	0.0517	0.0608	0.1449
1158.00	57	0.0517	0.0608	0.1449
1159.00	57	0.0517	0.0608	0.1449
1160.00	58	-0.3726	0.7068	0.8259
1161.00	58	-0.4226	0.6765	0.8448
1162.00	58	-0.2895	0.5710	0.8542
1163.00	58	-0.3447	0.4862	0.8527
1164.00	58	-0.1738	0.5084	0.8467
1165.00	58	-0.0091	0.4990	0.8315
1166.00	58	-0.0480	0.3795	0.8219
1167.00	58	-0.0881	0.2755	0.8324
1168.00	58	-0.0936	0.1875	0.8353
1169.00	58	-0.0277	0.0339	0.9030
1170.00	58	-0.0149	0.0383	0.7049
1171.00	58	-0.0062	0.0403	0.5337
1172.00	58	-0.0026	0.0417	0.4851
1173.00	58	0.0085	0.0464	0.3592
1174.00	58	0.0281	0.0550	0.1942
1175.00	58	0.0384	0.0577	0.1479
1176.00	58	0.0517	0.0608	0.1449
1177.00	58	0.0517	0.0608	0.1449
1178.00	58	0.0517	0.0608	0.1449
1179.00	58	0.0517	0.0608	0.1449
1180.00	59	-0.3743	0.7066	0.8251
1181.00	59	-0.4233	0.6765	0.8455
1182.00	59	-0.2920	0.5642	0.8541
1183.00	59	-0.3452	0.4860	0.8544
1184.00	59	-0.1740	0.5086	0.8469
1185.00	59	-0.0133	0.4990	0.8330
1186.00	59	-0.0490	0.3765	0.8219
1187.00	59	-0.0877	0.2776	0.8322
1188.00	59	-0.0924	0.1726	0.8360
1189.00	59	-0.0283	0.0329	0.9022
1190.00	59	-0.0126	0.0385	0.6502
1191.00	59	-0.0091	0.0393	0.5782
1192.00	59	0.0039	0.0447	0.4119
1193.00	59	0.0096	0.0469	0.3470
1194.00	59	0.0227	0.0529	0.2306
1195.00	59	0.0423	0.0601	0.1488
1196.00	59	0.0517	0.0608	0.1449
1197.00	59	0.0517	0.0608	0.1449
1198.00	59	0.0517	0.0608	0.1449
1199.00	59	0.0517	0.0608	0.1449
1200.00	60	-0.3743	0.7066	0.8251
1201.00	60	-0.4237	0.6764	0.8459
1202.00	60	-0.2907	0.5675	0.8541
1203.00	60	-0.3446	0.4863	0.8523
1204.00	60	-0.1738	0.5084	0.8467
1205.00	60	-0.0070	0.4990	0.8306
1206.00	60	-0.0459	0.3865	0.8220
1207.00	60	-0.0867	0.2827	0.8317
1208.00	60	-0.0935	0.1865	0.8354
1209.00	60	-0.0283	0.0329	0.9022
1210.00	60	-0.0137	0.0383	0.6739
1211.00	60	-0.0071	0.0399	0.5459
1212.00	60	-0.0016	0.0421	0.4729
1213.00	60	0.0152	0.0496	0.2937
1214.00	60	0.0319	0.0559	0.1741
1215.00	60	0.0452	0.0615	0.1483
1216.00	60	0.0516	0.0608	0.1449
1217.00	60	0.0517	0.0608	0.1449
1218.00	60	0.0517	0.0608	0.1449
1219.00	60	0.0517	0.0608	0.1449
1220.00	61	-0.3749	0.7066	0.8248
1221.00	61	-0.4239	0.6763	0.8462
1222.00	61	-0.2940	0.5587	0.8542
1223.00	61	-0.3450	0.4861	0.8536
1224.00	61	-0.1744	0.5090	0.8471
1225.00	61	-0.0058	0.4991	0.8300
1226.00	61	-0.0466	0.3842	0.8220
1227.00	61	-0.0885	0.2735	0.8326
1228.00	61	-0.0921	0.1691	0.8360
1229.00	61	-0.0274	0.0347	0.9035
1230.00	61	-0.0126	0.0385	0.6502
1231.00	61	-0.0057	0.0405	0.5257
1232.00	61	0.0002	0.0429	0.4526
1233.00	61	0.0129	0.0483	0.3143
1234.00	61	0.0223	0.0529	0.2342
1235.00	61	0.0461	0.0613	0.1473
1236.00	61	0.0517	0.0608	0.1449
1237.00	61	0.0517	0.0608	0.1449
1238.00	61	0.0517	0.0608	0.1449
1239.00	61	0.0517	0.0608	0.1449
1240.00	62	-0.3733	0.7067	0.8256
1241.00	62	-0.4231	0.6765	0.8452
1242.00	62	-0.2883	0.5745	0.8542
1243.00	62	-0.3443	0.4864	0.8513
1244.00	62	-0.1741	0.5088	0.8469
1245.00	62	-0.0070	0.4990	0.8306
1246.00	62	-0.0472	0.3818	0.8220
1247.00	62	-0.0874	0.2796	0.8320
1248.00	62	-0.0917	0.1643	0.8360
1249.00	62	-0.0280	0.0334	0.9026
1250.00	62	-0.0130	0.0384	0.6581
1251.00	62	-0.0076	0.0398	0.5540
1252.00	62	0.0054	0.0454	0.3957
1253.00	62	0.0118	0.0479	0.3265
1254.00	62	0.0313	0.0557	0.1774
1255.00	62	0.0407	0.0593	0.1460
1256.00	62	0.0517	0.0608	0.1449
1257.00	62	0.0517	0.0608	0.1449
1258.00	62	0.0517	0.0608	0.1449
1259.00	62	0.0517	0.0608	0.1449
1260.00	63	-0.3733	0.7067	0.8256
1261.00	63	-0.4236	0.6764	0.8458
1262.00	63	-0.2920	0.5642	0.8541
1263.00	63	-0.3440	0.4865	0.8503
1264.00	63	-0.1734	0.5080	0.8466
1265.00	63	-0.0052	0.4991	0.8298
1266.00	63	-0.0507	0.3714	0.8217
1267.00	63	-0.0908	0.2609	0.8342
1268.00	63	-0.0924	0.1737	0.8359
1269.00	63	-0.0274	0.0347	0.9035
1270.00	63	-0.0122	0.0386	0.6383
1271.00	63	-0.0065	0.0401	0.5378
1272.00	63	-0.0005	0.0426	0.4607
1273.00	63	0.0152	0.0496	0.2937
1274.00	63	0.0319	0.0559	0.1741
1275.00	63	0.0471	0.0609	0.1461
1276.00	63	0.0517	0.0608	0.1449
1277.00	63	0.0517	0.0608	0.1449
1278.00	63	0.0518	0.0608	0.1449
1279.00	63	0.0517	0.0608	0.1449
1280.00	64	-0.3757	0.7066	0.8245
1281.00	64	-0.4242	0.6762	0.8464
1282.00	64	-0.2907	0.5675	0.8541
1283.00	64	-0.3439	0.4865	0.8501
1284.00	64	-0.1757	0.5099	0.8476
1285.00	64	-0.0079	0.4990	0.8310
1286.00	64	-0.0508	0.3707	0.8215
1287.00	64	-0.0877	0.2776	0.8322
1288.00	64	-0.0919	0.1667	0.8360
1289.00	64	-0.0275	0.0344	0.9033
1290.00	64	-0.0144	0.0383	0.6934
1291.00	64	-0.0084	0.0395	0.5661
1292.00	64	0.0043	0.0449	0.4079
1293.00	64	0.0125	0.0482	0.3183
1294.00	64	0.0243	0.0536	0.2194
1295.00	64	0.0419	0.0599	0.1482
1296.00	64	0.0517	0.0608	0.1449
1297.00	64	0.0517	0.0608	0.1449
1298.00	64	0.0517	0.0608	0.1449
1299.00	64	0.0517	0.0608	0.1449
1300.00	65	-0.3743	0.7066	0.8251
1301.00	65	-0.4235	0.6764	0.8458
1302.00	65	-0.2891	0.5721	0.8542
1303.00	65	-0.3445	0.4863	0.8519
1304.00	65	-0.1740	0.5086	0.8469
1305.00	65	-0.0099	0.4990	0.8318
1306.00	65	-0.0492	0.3758	0.8219
1307.00	65	-0.0879	0.2766	0.8323
1308.00	65	-0.0916	0.1631	0.8360
1309.00	65	-0.0271	0.0350	0.9037
1310.00	65	-0.0141	0.0383	0.6856
1311.00	65	-0.0062	0.0403	0.5337
1312.00	65	-0.0005	0.0426	0.4607
1313.00	65	0.0137	0.0487	0.3062
1314.00	65	0.0270	0.0546	0.2012
1315.00	65	0.0427	0.0603	0.1494
1316.00	65	0.0517	0.0608	0.1449
1317.00	65	0.0517	0.0608	0.1449
1318.00	65	0.0517	0.0608	0.1449
1319.00	65	0.0517	0.0608	0.1449
1320.00	66	-0.3739	0.7067	0.8253
1321.00	66	-0.4242	0.6762	0.8464
1322.00	66	-0.2903	0.5687	0.8542
1323.00	66	-0.3441	0.4864	0.8507
1324.00	66	-0.1755	0.5098	0.8476
1325.00	66	-0.0079	0.4990	0.8310
1326.00	66	-0.0504	0.3721	0.8218
1327.00	66	-0.0894	0.2686	0.8332
1328.00	66	-0.0915	0.1619	0.8359
1329.00	66	-0.0268	0.0356	0.9041
1330.00	66	-0.0130	0.0384	0.6581
1331.00	66	-0.0081	0.0396	0.5621
1332.00	66	0.0070	0.0461	0.3792
1333.00	66	0.0137	0.0487	0.3062
1334.00	66	0.0288	0.0552	0.1907
1335.00	66	0.0446	0.0615	0.1493
1336.00	66	0.0517	0.0608	0.1449
1337.00	66	0.0517	0.0608	0.1449
1338.00	66	0.0517	0.0608	0.1449
1339.00	66	0.0517	0.0608	0.1449
1340.00	67	-0.3738	0.7066	0.8254
1341.00	67	-0.4237	0.6764	0.8459
1342.00	67	-0.2907	0.5675	0.8541
1343.00	67	-0.3442	0.4864	0.8511
1344.00	67	-0.1736	0.5082	0.8467
1345.00	67	-0.0066	0.4990	0.8304
1346.00	67	-0.0474	0.3811	0.8219
1347.00	67	-0.0897	0.2666	0.8335
1348.00	67	-0.0919	0.1667	0.8360
1349.00	67	-0.0273	0.0348	0.9036
1350.00	67	-0.0123	0.0386	0.6423
1351.00	67	-0.0068	0.0400	0.5419
1352.00	67	0.0046	0.0450	0.4038
1353.00	67	0.0160	0.0499	0.2857
1354.00	67	0.0362	0.0571	0.1558
1355.00	67	0.0517	0.0608	0.1449
1356.00	67	0.0517	0.0608	0.1449
1357.00	67	0.0517	0.0608	0.1449
1358.00	67	0.0517	0.0608	0.1449
1359.00	67	0.0517	0.0608	0.1449
1360.00	68	-0.3753	0.7067	0.8246
1361.00	68	-0.4242	0.6762	0.8464
1362.00	68	-0.2891	0.5721	0.8542
1363.00	68	-0.3448	0.4862	0.8529
1364.00	68	-0.1748	0.5093	0.8472
1365.00	68	-0.0073	0.4990	0.8307
1366.00	68	-0.0482	0.3788	0.8219
1367.00	68	-0.0882	0.2745	0.8325
1368.00	68	-0.0924	0.1737	0.8359
1369.00	68	-0.0267	0.0357	0.9041
1370.00	68	-0.0139	0.0383	0.6817
1371.00	68	-0.0048	0.0408	0.5135
1372.00	68	0.0020	0.0438	0.4323
1373.00	68	0.0169	0.0502	0.2777
1374.00	68	0.0288	0.0552	0.1907
1375.00	68	0.0446	0.0615	0.1493
1376.00	68	0.0517	0.0608	0.1449
1377.00	68	0.0517	0.0608	0.1449
1378.00	68	0.0517	0.0608	0.1449
1379.00	68	0.0517	0.0608	0.1449
1380.00	69	-0.3745	0.7066	0.8250
1381.00	69	-0.4236	0.6764	0.8458
1382.00	69	-0.2924	0.5631	0.8541
1383.00	69	-0.3438	0.4865	0.8500
1384.00	69	-0.1754	0.5097	0.8475
1385.00	69	-0.0052	0.4991	0.8298
1386.00	69	-0.0497	0.3743	0.8218
1387.00	69	-0.0908	0.2609	0.8342
1388.00	69	-0.0920	0.1679	0.8360
1389.00	69	-0.0263	0.0363	0.9044
1390.00	69	-0.0133	0.0384	0.6660
1391.00	69	-0.0039	0.0412	0.5013
1392.00	69	0.0035	0.0445	0.4160
1393.00	69	0.0160	0.0499	0.2857
1394.00	69	0.0276	0.0548	0.1977
1395.00	69	0.0516	0.0608	0.1449
1396.00	69	0.0517	0.0608	0.1449
1397.00	69	0.0517	0.0608	0.1449
1398.00	69	0.0517	0.0608	0.1449
1399.00	69	0.0517	0.0608	0.1449
1400.00	70	-0.3759	0.7066	0.8245
1401.00	70	-0.4239	0.6763	0.8462
1402.00	70	-0.2920	0.5642	0.8541
1403.00	70	-0.3445	0.4863	0.8519
1404.00	70	-0.1768	0.5106	0.8480
1405.00	70	-0.0079	0.4990	0.8310
1406.00	70	-0.0482	0.3788	0.8219
1407.00	70	-0.0908	0.2609	0.8342
1408.00	70	-0.0912	0.1584	0.8359
1409.00	70	-0.0258	0.0369	0.9047
1410.00	70	-0.0108	0.0389	0.6103
1411.00	70	-0.0051	0.0407	0.5176
1412.00	70	0.0058	0.0456	0.3915
1413.00	70	0.0137	0.0487	0.3062
1414.00	70	0.0319	0.0559	0.1741
1415.00	70	0.0471	0.0609	0.1461
1416.00	70	0.0517	0.0608	0.1449
1417.00	70	0.0517	0.0608	0.1449
1418.00	70	0.0517	0.0608	0.1449
1419.00	70	0.0517	0.0608	0.1449
1420.00	71	-0.3759	0.7066	0.8245
1421.00	71	-0.4237	0.6764	0.8459
1422.00	71	-0.2968	0.5513	0.8543
1423.00	71	-0.3446	0.4863	0.8523
1424.00	71	-0.1743	0.5089	0.8470
1425.00	71	-0.0076	0.4990	0.8309
1426.00	71	-0.0514	0.3693	0.8214
1427.00	71	-0.0892	0.2696	0.8331
1428.00	71	-0.0924	0.1737	0.8359
1429.00	71	-0.0274	0.0347	0.9035
1430.00	71	-0.0122	0.0386	0.6383
1431.00	71	-0.0071	0.0399	0.5459
1432.00	71	0.0065	0.0458	0.3834
1433.00	71	0.0208	0.0523	0.2456
1434.00	71	0.0306	0.0555	0.1807
1435.00	71	0.0517	0.0608	0.1449
1436.00	71	0.0517	0.0608	0.1449
1437.00	71	0.0517	0.0608	0.1449
1438.00	71	0.0517	0.0608	0.1449
1439.00	71	0.0517	0.0608	0.1449
1440.00	72	-0.3741	0.7066	0.8252
1441.00	72	-0.4240	0.6762	0.8463
1442.00	72	-0.2944	0.5576	0.8542
1443.00	72	-0.3446	0.4863	0.8523
1444.00	72	-0.1744	0.5090	0.8471
1445.00	72	-0.0030	0.4994	0.8288
1446.00	72	-0.0514	0.3693	0.8214
1447.00	72	-0.0892	0.2696	0.8331
1448.00	72	-0.0910	0.1559	0.8358
1449.00	72	-0.0264	0.0361	0.9043
1450.00	72	-0.0125	0.0386	0.6462
1451.00	72	-0.0071	0.0399	0.5459
1452.00	72	0.0070	0.0461	0.3792
1453.00	72	0.0152	0.0496	0.2937
1454.00	72	0.0370	0.0573	0.1531
1455.00	72	0.0516	0.0608	0.1449
1456.00	72	0.0517	0.0608	0.1449
1457.00	72	0.0517	0.0608	0.1449
1458.00	72	0.0517	0.0608	0.1449
1459.00	72	0.0517	0.0608	0.1449
1460.00	73	-0.3753	0.7067	0.8246
1461.00	73	-0.4246	0.6759	0.8468
1462.00	73	-0.2956	0.5544	0.8542
1463.00	73	-0.3444	0.4864	0.8517
1464.00	73	-0.1773	0.5108	0.8481
1465.00	73	-0.0063	0.4990	0.8303
1466.00	73	-0.0507	0.3714	0.8217
1467.00	73	-0.0903	0.2638	0.8339
1468.00	73	-0.0924	0.1726	0.8360
1469.00	73	-0.0273	0.0348	0.9036
1470.00	73	-0.0132	0.0384	0.6621
1471.00	73	-0.0068	0.0400	0.5419
1472.00	73	0.0050	0.0452	0.3997
1473.00	73	0.0133	0.0485	0.3103
1474.00	73	0.0377	0.0575	0.1504
1475.00	73	0.0519	0.0608	0.1449
1476.00	73	0.0517	0.0608	0.1449
1477.00	73	0.0517	0.0608	0.1449
1478.00	73	0.0517	0.0608	0.1449
1479.00	73	0.0517	0.0608	0.1449
1480.00	74	-0.3750	0.7066	0.8248
1481.00	74	-0.4238	0.6763	0.8460
1482.00	74	-0.2991	0.5451	0.8545
1483.00	74	-0.3443	0.4864	0.8513
1484.00	74	-0.1752	0.5095	0.8474
1485.00	74	-0.0045	0.4992	0.8295
1486.00	74	-0.0492	0.3758	0.8219
1487.00	74	-0.0904	0.2628	0.8340
1488.00	74	-0.0914	0.1607	0.8359
1489.00	74	-0.0266	0.0359	0.9042
1490.00	74	-0.0112	0.0388	0.6183
1491.00	74	-0.0051	0.0407	0.5176
1492.00	74	0.0054	0.0454	0.3957
1493.00	74	0.0137	0.0487	0.3062
1494.00	74	0.0403	0.0590	0.1454
1495.00	74	0.0461	0.0613	0.1473
1496.00	74	0.0517	0.0608	0.1449
1497.00	74	0.0518	0.0608	0.1449
1498.00	74	0.0517	0.0608	0.1450
1499.00	74	0.0517	0.0608	0.1449
1500.00	75	-0.3775	0.7072	0.8238
1501.00	75	-0.4247	0.6759	0.8469
1502.00	75	-0.2944	0.5576	0.8542
1503.00	75	-0.3444	0.4864	0.8517
1504.00	75	-0.1754	0.5097	0.8475
1505.00	75	-0.0060	0.4990	0.8302
1506.00	75	-0.0530	0.3652	0.8214
1507.00	75	-0.0897	0.2666	0.8335
1508.00	75	-0.0915	0.1619	0.8359
1509.00	75	-0.0252	0.0376	0.9050
1510.00	75	-0.0100	0.0391	0.5943
1511.00	75	-0.0039	0.0412	0.5013
1512.00	75	0.0077	0.0464	0.3710
1513.00	75	0.0152	0.0496	0.2937
1514.00	75	0.0384	0.0577	0.1479
1515.00	75	0.0518	0.0607	0.1448
1516.00	75	0.0517	0.0608	0.1449
1517.00	75	0.0518	0.0608	0.1449
1518.00	75	0.0517	0.0608	0.1449
1519.00	75	0.0517	0.0608	0.1449
1520.00	76	-0.3771	0.7071	0.8239
1521.00	76	-0.4247	0.6759	0.8469
1522.00	76	-0.2975	0.5492	0.8543
1523.00	76	-0.3440	0.4865	0.8503
1524.00	76	-0.1766	0.5104	0.8479
1525.00	76	-0.0055	0.4991	0.8299
1526.00	76	-0.0522	0.3673	0.8214
1527.00	76	-0.0904	0.2628	0.8340
1528.00	76	-0.0910	0.1559	0.8358
1529.00	76	-0.0266	0.0359	0.9042
1530.00	76	-0.0128	0.0385	0.6542
1531.00	76	-0.0062	0.0403	0.5337
1532.00	76	0.0092	0.0467	0.3510
1533.00	76	0.0179	0.0509	0.2695
1534.00	76	0.0362	0.0571	0.1558
1535.00	76	0.0517	0.0608	0.1449
1536.00	76	0.0517	0.0608	0.1449
1537.00	76	0.0517	0.0608	0.1449
1538.00	76	0.0517	0.0608	0.1449
1539.00	76	0.0517	0.0608	0.1449
1540.00	77	-0.3775	0.7072	0.8238
1541.00	77	-0.4246	0.6759	0.8468
1542.00	77	-0.2972	0.5502	0.8543
1543.00	77	-0.3437	0.4866	0.8496
1544.00	77	-0.1766	0.5104	0.8479
1545.00	77	-0.0022	0.4996	0.8285
1546.00	77	-0.0536	0.3638	0.8214
1547.00	77	-0.0923	0.2523	0.8358
1548.00	77	-0.0914	0.1607	0.8359
1549.00	77	-0.0265	0.0360	0.9043
1550.00	77	-0.0106	0.0390	0.6063
1551.00	77	-0.0057	0.0405	0.5257
1552.00	77	0.0092	0.0467	0.3510
1553.00	77	0.0152	0.0496	0.2937
1554.00	77	0.0306	0.0555	0.1807
1555.00	77	0.0516	0.0608	0.1449
1556.00	77	0.0517	0.0608	0.1449
1557.00	77	0.0517	0.0608	0.1449
1558.00	77	0.0517	0.0608	0.1449
1559.00	77	0.0517	0.0608	0.1449
1560.00	78	-0.3759	0.7066	0.8245
1561.00	78	-0.4248	0.6758	0.8470
1562.00	78	-0.3003	0.5421	0.8545
1563.00	78	-0.3432	0.4867	0.8481
1564.00	78	-0.1777	0.5110	0.8482
1565.00	78	-0.0034	0.4993	0.8290
1566.00	78	-0.0517	0.3687	0.8214
1567.00	78	-0.0926	0.2505	0.8361
1568.00	78	-0.0912	0.1584	0.8359
1569.00	78	-0.0268	0.0356	0.9041
1570.00	78	-0.0112	0.0388	0.6183
1571.00	78	-0.0016	0.0421	0.4729
1572.00	78	0.0104	0.0473	0.3388
1573.00	78	0.0179	0.0509	0.2695
1574.00	78	0.0403	0.0590	0.1454
1575.00	78	0.0517	0.0608	0.1449
1576.00	78	0.0517	0.0608	0.1449
1577.00	78	0.0517	0.0608	0.1449
1578.00	78	0.0518	0.0608	0.1449
1579.00	78	0.0517	0.0608	0.1449
1580.00	79	-0.3766	0.7067	0.8242
1581.00	79	-0.4244	0.6761	0.8466
1582.00	79	-0.3010	0.5401	0.8547
1583.00	79	-0.3431	0.4867	0.8480
1584.00	79	-0.1766	0.5104	0.8479
1585.00	79	-0.0040	0.4992	0.8293
1586.00	79	-0.0508	0.3707	0.8215
1587.00	79	-0.0921	0.2532	0.8356
1588.00	79	-0.0909	0.1548	0.8358
1589.00	79	-0.0265	0.0360	0.9043
1590.00	79	-0.0123	0.0386	0.6423
1591.00	79	-0.0035	0.0413	0.4973
1592.00	79	0.0046	0.0450	0.4038
1593.00	79	0.0223	0.0529	0.2342
1594.00	79	0.0403	0.0590	0.1454
1595.00	79	0.0517	0.0608	0.1449
1596.00	79	0.0517	0.0608	0.1449
1597.00	79	0.0517	0.0608	0.1449
1598.00	79	0.0517	0.0608	0.1449
1599.00	79	0.0517	0.0608	0.1449
