0.00	0	0.8333	0.1275	0.2713
1.00	0	0.8554	0.1243	0.8150
2.00	0	0.8693	0.1214	0.8443
3.00	0	0.6900	0.0986	0.8438
4.00	0	0.6147	-0.0978	0.8527
5.00	0	0.4111	-0.1052	0.8281
6.00	0	0.3492	-0.1268	0.8296
7.00	0	0.1606	-0.1310	0.8111
8.00	0	0.0015	-0.1501	0.8337
9.00	0	-0.0920	-0.1698	0.8808
10.00	0	-0.1079	-0.1813	0.8744
11.00	0	-0.1076	-0.1816	0.8522
12.00	0	-0.1080	-0.1823	0.8171
13.00	0	-0.1081	-0.1827	0.8025
14.00	0	-0.1092	-0.1839	0.7525
15.00	0	-0.1103	-0.1851	0.6997
16.00	0	-0.1114	-0.1858	0.6434
17.00	0	-0.1125	-0.1860	0.5809
18.00	0	-0.1134	-0.1856	0.5182
19.00	0	-0.1959	-0.1921	0.0867
20.00	1	0.8333	0.1275	0.2713
21.00	1	0.8559	0.1251	0.8151
22.00	1	0.8693	0.1214	0.8443
23.00	1	0.6916	0.0986	0.8440
24.00	1	0.6147	-0.0978	0.8527
25.00	1	0.4096	-0.1064	0.8278
26.00	1	0.3393	-0.1275	0.8301
27.00	1	0.1611	-0.1308	0.8112
28.00	1	-0.0056	-0.1492	0.8342
29.00	1	-0.0930	-0.1712	0.8822
30.00	1	-0.1079	-0.1813	0.8744
31.00	1	-0.1076	-0.1814	0.8670
32.00	1	-0.1079	-0.1820	0.8399
33.00	1	-0.1081	-0.1827	0.8025
34.00	1	-0.1092	-0.1839	0.7525
35.00	1	-0.1103	-0.1851	0.6997
36.00	1	-0.1114	-0.1858	0.6434
37.00	1	-0.1127	-0.1860	0.5684
38.00	1	-0.1133	-0.1857	0.5223
39.00	1	-0.1959	-0.1921	0.0867
40.00	2	0.8370	0.1279	0.3246
41.00	2	0.8561	0.1253	0.8152
42.00	2	0.8689	0.1202	0.8452
43.00	2	0.6890	0.0987	0.8438
44.00	2	0.6119	-0.0990	0.8520
45.00	2	0.4107	-0.1056	0.8280
46.00	2	0.3393	-0.1275	0.8301
47.00	2	0.1615	-0.1306	0.8112
48.00	2	-0.0091	-0.1488	0.8344
49.00	2	-0.0927	-0.1708	0.8819
50.00	2	-0.1080	-0.1814	0.8755
51.00	2	-0.1076	-0.1814	0.8670
52.00	2	-0.1079	-0.1820	0.8399
53.00	2	-0.1084	-0.1833	0.7697
54.00	2	-0.1092	-0.1839	0.7525
55.00	2	-0.1103	-0.1851	0.6997
56.00	2	-0.1119	-0.1864	0.6395
57.00	2	-0.1129	-0.1859	0.5558
58.00	2	-0.1133	-0.1857	0.5223
59.00	2	-0.1959	-0.1921	0.0867
60.00	3	0.8333	0.1275	0.2713
61.00	3	0.8558	0.1250	0.8151
62.00	3	0.8693	0.1214	0.8443
63.00	3	0.6856	0.0988	0.8437
64.00	3	0.6147	-0.0978	0.8527
65.00	3	0.4092	-0.1068	0.8278
66.00	3	0.3422	-0.1272	0.8299
67.00	3	0.1599	-0.1314	0.8110
68.00	3	0.0039	-0.1503	0.8337
69.00	3	-0.0920	-0.1698	0.8808
70.00	3	-0.1082	-0.1813	0.8815
71.00	3	-0.1076	-0.1816	0.8522
72.00	3	-0.1079	-0.1820	0.8399
73.00	3	-0.1083	-0.1830	0.7901
74.00	3	-0.1098	-0.1846	0.7229
75.00	3	-0.1104	-0.1853	0.6795
76.00	3	-0.1122	-0.1860	0.5935
77.00	3	-0.1125	-0.1860	0.5809
78.00	3	-0.1133	-0.1857	0.5223
79.00	3	-0.1959	-0.1921	0.0867
80.00	4	0.8333	0.1275	0.2713
81.00	4	0.8558	0.1248	0.8150
82.00	4	0.8693	0.1214	0.8443
83.00	4	0.6916	0.0986	0.8440
84.00	4	0.6147	-0.0978	0.8527
85.00	4	0.4111	-0.1052	0.8281
86.00	4	0.3492	-0.1268	0.8296
87.00	4	0.1620	-0.1304	0.8113
88.00	4	0.0039	-0.1503	0.8337
89.00	4	-0.0926	-0.1707	0.8817
90.00	4	-0.1079	-0.1813	0.8744
91.00	4	-0.1076	-0.1814	0.8670
92.00	4	-0.1079	-0.1822	0.8226
93.00	4	-0.1081	-0.1827	0.8025
94.00	4	-0.1100	-0.1848	0.7152
95.00	4	-0.1103	-0.1851	0.6997
96.00	4	-0.1120	-0.1860	0.6060
97.00	4	-0.1125	-0.1860	0.5809
98.00	4	-0.1133	-0.1857	0.5223
99.00	4	-0.1959	-0.1921	0.0867
100.00	5	0.8388	0.1281	0.3516
101.00	5	0.8562	0.1254	0.8153
102.00	5	0.8693	0.1214	0.8443
103.00	5	0.6860	0.0988	0.8437
104.00	5	0.6128	-0.0986	0.8523
105.00	5	0.4109	-0.1054	0.8280
106.00	5	0.3492	-0.1268	0.8296
107.00	5	0.1605	-0.1311	0.8110
108.00	5	0.0027	-0.1502	0.8337
109.00	5	-0.0921	-0.1700	0.8809
110.00	5	-0.1082	-0.1813	0.8815
111.00	5	-0.1076	-0.1816	0.8540
112.00	5	-0.1080	-0.1823	0.8171
113.00	5	-0.1085	-0.1831	0.7836
114.00	5	-0.1102	-0.1850	0.7036
115.00	5	-0.1103	-0.1851	0.6997
116.00	5	-0.1120	-0.1860	0.6060
117.00	5	-0.1125	-0.1860	0.5809
118.00	5	-0.1137	-0.1852	0.4767
119.00	5	-0.1959	-0.1921	0.0867
120.00	6	0.8370	0.1279	0.3246
121.00	6	0.8560	0.1252	0.8152
122.00	6	0.8693	0.1214	0.8443
123.00	6	0.6856	0.0988	0.8437
124.00	6	0.6137	-0.0982	0.8524
125.00	6	0.4096	-0.1064	0.8278
126.00	6	0.3335	-0.1278	0.8304
127.00	6	0.1611	-0.1308	0.8112
128.00	6	0.0039	-0.1503	0.8337
129.00	6	-0.0921	-0.1700	0.8809
130.00	6	-0.1082	-0.1813	0.8815
131.00	6	-0.1079	-0.1819	0.8465
132.00	6	-0.1079	-0.1822	0.8226
133.00	6	-0.1082	-0.1828	0.7964
134.00	6	-0.1092	-0.1839	0.7525
135.00	6	-0.1103	-0.1851	0.6997
136.00	6	-0.1118	-0.1860	0.6270
137.00	6	-0.1125	-0.1860	0.5809
138.00	6	-0.1137	-0.1852	0.4767
139.00	6	-0.1959	-0.1921	0.0867
140.00	7	0.8338	0.1275	0.2779
141.00	7	0.8554	0.1243	0.8150
142.00	7	0.8689	0.1203	0.8451
143.00	7	0.6847	0.0988	0.8437
144.00	7	0.6111	-0.0994	0.8518
145.00	7	0.4080	-0.1078	0.8277
146.00	7	0.3492	-0.1268	0.8296
147.00	7	0.1620	-0.1304	0.8113
148.00	7	-0.0068	-0.1491	0.8342
149.00	7	-0.0938	-0.1723	0.8831
150.00	7	-0.1078	-0.1813	0.8721
151.00	7	-0.1079	-0.1820	0.8422
152.00	7	-0.1079	-0.1820	0.8399
153.00	7	-0.1087	-0.1836	0.7593
154.00	7	-0.1092	-0.1839	0.7525
155.00	7	-0.1112	-0.1857	0.6556
156.00	7	-0.1118	-0.1860	0.6353
157.00	7	-0.1134	-0.1856	0.5182
158.00	7	-0.1137	-0.1853	0.4850
159.00	7	-0.1959	-0.1921	0.0867
160.00	8	0.8365	0.1279	0.3178
161.00	8	0.8562	0.1254	0.8153
162.00	8	0.8686	0.1190	0.8460
163.00	8	0.6895	0.0987	0.8438
164.00	8	0.6147	-0.0978	0.8527
165.00	8	0.4111	-0.1052	0.8281
166.00	8	0.3408	-0.1274	0.8300
167.00	8	0.1599	-0.1314	0.8110
168.00	8	0.0015	-0.1501	0.8337
169.00	8	-0.0938	-0.1723	0.8831
170.00	8	-0.1082	-0.1813	0.8815
171.00	8	-0.1076	-0.1814	0.8656
172.00	8	-0.1080	-0.1825	0.8085
173.00	8	-0.1087	-0.1836	0.7593
174.00	8	-0.1093	-0.1842	0.7453
175.00	8	-0.1118	-0.1860	0.6353
176.00	8	-0.1118	-0.1860	0.6228
177.00	8	-0.1125	-0.1860	0.5767
178.00	8	-0.1137	-0.1851	0.4726
179.00	8	-0.1959	-0.1921	0.0867
180.00	9	0.8378	0.1280	0.3380
181.00	9	0.8556	0.1246	0.8150
182.00	9	0.8690	0.1206	0.8449
183.00	9	0.6839	0.0987	0.8437
184.00	9	0.6114	-0.0993	0.8519
185.00	9	0.4074	-0.1084	0.8276
186.00	9	0.3349	-0.1277	0.8303
187.00	9	0.1597	-0.1315	0.8109
188.00	9	-0.0158	-0.1475	0.8348
189.00	9	-0.0941	-0.1726	0.8835
190.00	9	-0.1079	-0.1813	0.8744
191.00	9	-0.1076	-0.1815	0.8559
192.00	9	-0.1081	-0.1827	0.8025
193.00	9	-0.1092	-0.1841	0.7489
194.00	9	-0.1104	-0.1852	0.6836
195.00	9	-0.1104	-0.1852	0.6836
196.00	9	-0.1119	-0.1864	0.6395
197.00	9	-0.1133	-0.1857	0.5223
198.00	9	-0.1137	-0.1851	0.4685
199.00	9	-0.1959	-0.1921	0.0867
200.00	10	0.8374	0.1280	0.3313
201.00	10	0.8554	0.1244	0.8150
202.00	10	0.8689	0.1203	0.8451
203.00	10	0.6916	0.0986	0.8440
204.00	10	0.6125	-0.0988	0.8522
205.00	10	0.4088	-0.1071	0.8277
206.00	10	0.3379	-0.1275	0.8302
207.00	10	0.1608	-0.1310	0.8111
208.00	10	-0.0103	-0.1486	0.8345
209.00	10	-0.0931	-0.1713	0.8823
210.00	10	-0.1076	-0.1814	0.8656
211.00	10	-0.1079	-0.1819	0.8444
212.00	10	-0.1079	-0.1820	0.8399
213.00	10	-0.1086	-0.1832	0.7803
214.00	10	-0.1104	-0.1853	0.6795
215.00	10	-0.1118	-0.1860	0.6270
216.00	10	-0.1122	-0.1860	0.5935
217.00	10	-0.1129	-0.1859	0.5558
218.00	10	-0.1137	-0.1853	0.4808
219.00	10	-0.1959	-0.1921	0.0867
220.00	11	0.8365	0.1279	0.3178
221.00	11	0.8573	0.1264	0.8157
222.00	11	0.8686	0.1185	0.8463
223.00	11	0.6860	0.0988	0.8437
224.00	11	0.6096	-0.1000	0.8513
225.00	11	0.4070	-0.1088	0.8275
226.00	11	0.3422	-0.1272	0.8299
227.00	11	0.1613	-0.1307	0.8112
228.00	11	-0.0044	-0.1495	0.8341
229.00	11	-0.0921	-0.1700	0.8809
230.00	11	-0.1076	-0.1814	0.8641
231.00	11	-0.1076	-0.1815	0.8559
232.00	11	-0.1080	-0.1825	0.8085
233.00	11	-0.1092	-0.1839	0.7525
234.00	11	-0.1095	-0.1843	0.7379
235.00	11	-0.1105	-0.1853	0.6756
236.00	11	-0.1127	-0.1860	0.5684
237.00	11	-0.1127	-0.1860	0.5641
238.00	11	-0.1138	-0.1848	0.4522
239.00	11	-0.1959	-0.1921	0.0867
240.00	12	0.8406	0.1282	0.3788
241.00	12	0.8562	0.1254	0.8153
242.00	12	0.8688	0.1199	0.8454
243.00	12	0.6829	0.0986	0.8437
244.00	12	0.6106	-0.0996	0.8517
245.00	12	0.4086	-0.1073	0.8277
246.00	12	0.3464	-0.1270	0.8297
247.00	12	0.1597	-0.1315	0.8109
248.00	12	-0.0158	-0.1475	0.8348
249.00	12	-0.0932	-0.1715	0.8825
250.00	12	-0.1076	-0.1815	0.8576
251.00	12	-0.1079	-0.1820	0.8422
252.00	12	-0.1080	-0.1825	0.8114
253.00	12	-0.1082	-0.1828	0.7964
254.00	12	-0.1097	-0.1846	0.7266
255.00	12	-0.1112	-0.1857	0.6556
256.00	12	-0.1119	-0.1859	0.6101
257.00	12	-0.1131	-0.1858	0.5390
258.00	12	-0.1137	-0.1846	0.4400
259.00	12	-0.1959	-0.1921	0.0867
260.00	13	0.8406	0.1282	0.3788
261.00	13	0.8568	0.1260	0.8155
262.00	13	0.8685	0.1184	0.8464
263.00	13	0.6823	0.0985	0.8437
264.00	13	0.6119	-0.0990	0.8520
265.00	13	0.4066	-0.1092	0.8275
266.00	13	0.3422	-0.1272	0.8299
267.00	13	0.1597	-0.1315	0.8109
268.00	13	-0.0180	-0.1470	0.8349
269.00	13	-0.0946	-0.1733	0.8840
270.00	13	-0.1081	-0.1813	0.8792
271.00	13	-0.1079	-0.1822	0.8226
272.00	13	-0.1081	-0.1831	0.7763
273.00	13	-0.1095	-0.1843	0.7379
274.00	13	-0.1101	-0.1849	0.7114
275.00	13	-0.1120	-0.1860	0.6146
276.00	13	-0.1122	-0.1860	0.5976
277.00	13	-0.1135	-0.1856	0.5099
278.00	13	-0.1137	-0.1847	0.4441
279.00	13	-0.1959	-0.1921	0.0867
280.00	14	0.8428	0.1284	0.4128
281.00	14	0.8563	0.1255	0.8153
282.00	14	0.8688	0.1199	0.8454
283.00	14	0.6826	0.0985	0.8437
284.00	14	0.6125	-0.0988	0.8522
285.00	14	0.4064	-0.1093	0.8275
286.00	14	0.3408	-0.1274	0.8300
287.00	14	0.1588	-0.1319	0.8109
288.00	14	-0.0021	-0.1497	0.8340
289.00	14	-0.0932	-0.1715	0.8825
290.00	14	-0.1078	-0.1814	0.8709
291.00	14	-0.1078	-0.1819	0.8485
292.00	14	-0.1084	-0.1833	0.7732
293.00	14	-0.1083	-0.1830	0.7901
294.00	14	-0.1104	-0.1852	0.6836
295.00	14	-0.1110	-0.1856	0.6596
296.00	14	-0.1119	-0.1859	0.6101
297.00	14	-0.1134	-0.1856	0.5182
298.00	14	-0.1138	-0.1849	0.4562
299.00	14	-0.1959	-0.1921	0.0867
300.00	15	0.8423	0.1284	0.4060
301.00	15	0.8558	0.1250	0.8151
302.00	15	0.8684	0.1178	0.8468
303.00	15	0.6874	0.0988	0.8437
304.00	15	0.6087	-0.1004	0.8509
305.00	15	0.4088	-0.1071	0.8277
306.00	15	0.3364	-0.1277	0.8302
307.00	15	0.1596	-0.1316	0.8109
308.00	15	-0.0044	-0.1495	0.8341
309.00	15	-0.0941	-0.1726	0.8835
310.00	15	-0.1080	-0.1813	0.8774
311.00	15	-0.1079	-0.1821	0.8376
312.00	15	-0.1081	-0.1831	0.7763
313.00	15	-0.1097	-0.1845	0.7304
314.00	15	-0.1097	-0.1845	0.7304
315.00	15	-0.1110	-0.1856	0.6596
316.00	15	-0.1129	-0.1859	0.5558
317.00	15	-0.1133	-0.1857	0.5307
318.00	15	-0.1136	-0.1855	0.5015
319.00	15	-0.1959	-0.1921	0.0867
320.00	16	0.8406	0.1282	0.3788
321.00	16	0.8563	0.1255	0.8153
322.00	16	0.8683	0.1175	0.8470
323.00	16	0.6856	0.0988	0.8437
324.00	16	0.6086	-0.1004	0.8508
325.00	16	0.4090	-0.1069	0.8278
326.00	16	0.3143	-0.1288	0.8314
327.00	16	0.1590	-0.1318	0.8109
328.00	16	-0.0091	-0.1488	0.8344
329.00	16	-0.0939	-0.1725	0.8833
330.00	16	-0.1076	-0.1815	0.8594
331.00	16	-0.1079	-0.1822	0.8226
332.00	16	-0.1079	-0.1822	0.8252
333.00	16	-0.1086	-0.1832	0.7803
334.00	16	-0.1104	-0.1853	0.6795
335.00	16	-0.1118	-0.1860	0.6353
336.00	16	-0.1131	-0.1858	0.5390
337.00	16	-0.1137	-0.1852	0.4767
338.00	16	-0.1137	-0.1846	0.4400
339.00	16	-0.1959	-0.1921	0.0867
340.00	17	0.8370	0.1279	0.3246
341.00	17	0.8559	0.1251	0.8151
342.00	17	0.8688	0.1199	0.8454
343.00	17	0.6832	0.0986	0.8437
344.00	17	0.6108	-0.0995	0.8518
345.00	17	0.4094	-0.1066	0.8278
346.00	17	0.3128	-0.1288	0.8315
347.00	17	0.1608	-0.1310	0.8111
348.00	17	-0.0223	-0.1461	0.8352
349.00	17	-0.0947	-0.1734	0.8842
350.00	17	-0.1076	-0.1815	0.8594
351.00	17	-0.1080	-0.1823	0.8171
352.00	17	-0.1083	-0.1830	0.7901
353.00	17	-0.1086	-0.1832	0.7803
354.00	17	-0.1106	-0.1854	0.6716
355.00	17	-0.1119	-0.1859	0.6101
356.00	17	-0.1122	-0.1860	0.5976
357.00	17	-0.1135	-0.1855	0.5057
358.00	17	-0.1136	-0.1844	0.4279
359.00	17	-0.1959	-0.1921	0.0867
360.00	18	0.8437	0.1285	0.4263
361.00	18	0.8560	0.1252	0.8152
362.00	18	0.8688	0.1199	0.8454
363.00	18	0.6823	0.0985	0.8437
364.00	18	0.6103	-0.0997	0.8516
365.00	18	0.4074	-0.1084	0.8276
366.00	18	0.3231	-0.1283	0.8310
367.00	18	0.1586	-0.1320	0.8109
368.00	18	-0.0068	-0.1491	0.8342
369.00	18	-0.0934	-0.1718	0.8827
370.00	18	-0.1076	-0.1814	0.8656
371.00	18	-0.1079	-0.1819	0.8465
372.00	18	-0.1079	-0.1823	0.8198
373.00	18	-0.1084	-0.1833	0.7732
374.00	18	-0.1112	-0.1857	0.6556
375.00	18	-0.1119	-0.1859	0.6101
376.00	18	-0.1127	-0.1860	0.5684
377.00	18	-0.1134	-0.1856	0.5182
378.00	18	-0.1137	-0.1846	0.4400
379.00	18	-0.1959	-0.1921	0.0867
380.00	19	0.8401	0.1282	0.3720
381.00	19	0.8562	0.1254	0.8153
382.00	19	0.8684	0.1180	0.8467
383.00	19	0.6810	0.0980	0.8438
384.00	19	0.6101	-0.0998	0.8515
385.00	19	0.4086	-0.1073	0.8277
386.00	19	0.3099	-0.1290	0.8317
387.00	19	0.1588	-0.1319	0.8109
388.00	19	-0.0125	-0.1481	0.8346
389.00	19	-0.0949	-0.1737	0.8844
390.00	19	-0.1076	-0.1814	0.8626
391.00	19	-0.1079	-0.1822	0.8278
392.00	19	-0.1086	-0.1832	0.7803
393.00	19	-0.1101	-0.1850	0.7075
394.00	19	-0.1106	-0.1854	0.6716
395.00	19	-0.1120	-0.1860	0.6060
396.00	19	-0.1123	-0.1860	0.5893
397.00	19	-0.1136	-0.1853	0.4891
398.00	19	-0.1137	-0.1846	0.4400
399.00	19	-0.1959	-0.1921	0.0867
400.00	20	0.8437	0.1285	0.4263
401.00	20	0.8572	0.1263	0.8157
402.00	20	0.8684	0.1177	0.8469
403.00	20	0.6832	0.0986	0.8437
404.00	20	0.6101	-0.0998	0.8515
405.00	20	0.4062	-0.1095	0.8275
406.00	20	0.3246	-0.1282	0.8309
407.00	20	0.1573	-0.1326	0.8108
408.00	20	-0.0261	-0.1454	0.8355
409.00	20	-0.0948	-0.1736	0.8843
410.00	20	-0.1078	-0.1813	0.8721
411.00	20	-0.1079	-0.1821	0.8328
412.00	20	-0.1083	-0.1829	0.7933
413.00	20	-0.1101	-0.1850	0.7075
414.00	20	-0.1105	-0.1853	0.6756
415.00	20	-0.1120	-0.1860	0.6060
416.00	20	-0.1127	-0.1860	0.5684
417.00	20	-0.1134	-0.1856	0.5182
418.00	20	-0.1137	-0.1843	0.4240
419.00	20	-0.1959	-0.1921	0.0867
420.00	21	0.8401	0.1282	0.3720
421.00	21	0.8568	0.1260	0.8155
422.00	21	0.8686	0.1187	0.8462
423.00	21	0.6856	0.0988	0.8437
424.00	21	0.6084	-0.1005	0.8508
425.00	21	0.4066	-0.1092	0.8275
426.00	21	0.3143	-0.1288	0.8314
427.00	21	0.1594	-0.1316	0.8109
428.00	21	-0.0280	-0.1451	0.8356
429.00	21	-0.0949	-0.1737	0.8844
430.00	21	-0.1076	-0.1815	0.8594
431.00	21	-0.1078	-0.1819	0.8485
432.00	21	-0.1087	-0.1836	0.7593
433.00	21	-0.1093	-0.1842	0.7453
434.00	21	-0.1102	-0.1850	0.7036
435.00	21	-0.1120	-0.1860	0.6060
436.00	21	-0.1125	-0.1860	0.5809
437.00	21	-0.1136	-0.1855	0.5015
438.00	21	-0.1134	-0.1838	0.4001
439.00	21	-0.1959	-0.1921	0.0867
440.00	22	0.8437	0.1285	0.4263
441.00	22	0.8588	0.1277	0.8163
442.00	22	0.8684	0.1178	0.8468
443.00	22	0.6826	0.0985	0.8437
444.00	22	0.6103	-0.0997	0.8516
445.00	22	0.4062	-0.1095	0.8275
446.00	22	0.3305	-0.1280	0.8306
447.00	22	0.1573	-0.1326	0.8108
448.00	22	-0.0125	-0.1481	0.8346
449.00	22	-0.0944	-0.1731	0.8839
450.00	22	-0.1076	-0.1815	0.8594
451.00	22	-0.1081	-0.1826	0.8055
452.00	22	-0.1084	-0.1833	0.7732
453.00	22	-0.1092	-0.1841	0.7489
454.00	22	-0.1105	-0.1853	0.6756
455.00	22	-0.1113	-0.1858	0.6474
456.00	22	-0.1133	-0.1857	0.5307
457.00	22	-0.1135	-0.1855	0.5057
458.00	22	-0.1136	-0.1841	0.4160
459.00	22	-0.1959	-0.1921	0.0867
460.00	23	0.8473	0.1288	0.4797
461.00	23	0.8585	0.1275	0.8162
462.00	23	0.8683	0.1173	0.8471
463.00	23	0.6829	0.0986	0.8437
464.00	23	0.6073	-0.1008	0.8501
465.00	23	0.4078	-0.1081	0.8277
466.00	23	0.3246	-0.1282	0.8309
467.00	23	0.1586	-0.1320	0.8109
468.00	23	-0.0223	-0.1461	0.8352
469.00	23	-0.0956	-0.1745	0.8851
470.00	23	-0.1076	-0.1814	0.8670
471.00	23	-0.1083	-0.1829	0.7933
472.00	23	-0.1093	-0.1842	0.7453
473.00	23	-0.1094	-0.1842	0.7416
474.00	23	-0.1119	-0.1864	0.6395
475.00	23	-0.1124	-0.1860	0.5851
476.00	23	-0.1127	-0.1860	0.5641
477.00	23	-0.1136	-0.1855	0.4974
478.00	23	-0.1138	-0.1847	0.4481
479.00	23	-0.1959	-0.1921	0.0867
480.00	24	0.8419	0.1284	0.3992
481.00	24	0.8588	0.1277	0.8163
482.00	24	0.8684	0.1178	0.8468
483.00	24	0.6814	0.0982	0.8438
484.00	24	0.6094	-0.1001	0.8512
485.00	24	0.4068	-0.1090	0.8275
486.00	24	0.3261	-0.1282	0.8308
487.00	24	0.1592	-0.1317	0.8109
488.00	24	-0.0261	-0.1454	0.8355
489.00	24	-0.0943	-0.1730	0.8838
490.00	24	-0.1076	-0.1816	0.8522
491.00	24	-0.1079	-0.1823	0.8198
492.00	24	-0.1087	-0.1836	0.7593
493.00	24	-0.1103	-0.1851	0.6997
494.00	24	-0.1104	-0.1852	0.6836
495.00	24	-0.1118	-0.1860	0.6270
496.00	24	-0.1124	-0.1860	0.5851
497.00	24	-0.1137	-0.1853	0.4850
498.00	24	-0.1137	-0.1846	0.4400
499.00	24	-0.1959	-0.1921	0.0867
500.00	25	0.8482	0.1289	0.4928
501.00	25	0.8591	0.1280	0.8164
502.00	25	0.8684	0.1178	0.8468
503.00	25	0.6836	0.0987	0.8437
504.00	25	0.6094	-0.1001	0.8512
505.00	25	0.4051	-0.1105	0.8275
506.00	25	0.3069	-0.1291	0.8319
507.00	25	0.1575	-0.1325	0.8108
508.00	25	-0.0223	-0.1461	0.8352
509.00	25	-0.0954	-0.1744	0.8849
510.00	25	-0.1076	-0.1815	0.8594
511.00	25	-0.1079	-0.1821	0.8303
512.00	25	-0.1088	-0.1837	0.7558
513.00	25	-0.1104	-0.1853	0.6795
514.00	25	-0.1110	-0.1856	0.6637
515.00	25	-0.1126	-0.1860	0.5725
516.00	25	-0.1131	-0.1858	0.5390
517.00	25	-0.1137	-0.1851	0.4685
518.00	25	-0.1136	-0.1841	0.4160
519.00	25	-0.1959	-0.1921	0.0867
520.00	26	0.8446	0.1286	0.4398
521.00	26	0.8573	0.1264	0.8157
522.00	26	0.8682	0.1163	0.8476
523.00	26	0.6805	0.0977	0.8439
524.00	26	0.6071	-0.1009	0.8500
525.00	26	0.4064	-0.1093	0.8275
526.00	26	0.3172	-0.1286	0.8313
527.00	26	0.1568	-0.1329	0.8109
528.00	26	-0.0242	-0.1457	0.8354
529.00	26	-0.0956	-0.1745	0.8851
530.00	26	-0.1076	-0.1815	0.8610
531.00	26	-0.1079	-0.1822	0.8252
532.00	26	-0.1083	-0.1829	0.7933
533.00	26	-0.1102	-0.1850	0.7036
534.00	26	-0.1105	-0.1853	0.6756
535.00	26	-0.1118	-0.1860	0.6270
536.00	26	-0.1128	-0.1860	0.5599
537.00	26	-0.1136	-0.1855	0.5015
538.00	26	-0.1134	-0.1837	0.3961
539.00	26	-0.1959	-0.1921	0.0867
540.00	27	0.8497	0.1290	0.5121
541.00	27	0.8575	0.1266	0.8157
542.00	27	0.8683	0.1170	0.8472
543.00	27	0.6836	0.0987	0.8437
544.00	27	0.6082	-0.1005	0.8506
545.00	27	0.4053	-0.1104	0.8275
546.00	27	0.3187	-0.1285	0.8312
547.00	27	0.1559	-0.1334	0.8110
548.00	27	-0.0323	-0.1445	0.8361
549.00	27	-0.0949	-0.1737	0.8844
550.00	27	-0.1079	-0.1821	0.8328
551.00	27	-0.1079	-0.1822	0.8226
552.00	27	-0.1097	-0.1845	0.7304
553.00	27	-0.1095	-0.1843	0.7379
554.00	27	-0.1110	-0.1856	0.6637
555.00	27	-0.1119	-0.1859	0.6101
556.00	27	-0.1133	-0.1857	0.5223
557.00	27	-0.1138	-0.1847	0.4481
558.00	27	-0.1137	-0.1847	0.4441
559.00	27	-0.1959	-0.1921	0.0867
560.00	28	0.8500	0.1289	0.5187
561.00	28	0.8590	0.1279	0.8164
562.00	28	0.8682	0.1166	0.8474
563.00	28	0.6829	0.0986	0.8437
564.00	28	0.6086	-0.1004	0.8508
565.00	28	0.4056	-0.1100	0.8275
566.00	28	0.3084	-0.1290	0.8318
567.00	28	0.1575	-0.1325	0.8108
568.00	28	-0.0323	-0.1445	0.8361
569.00	28	-0.0949	-0.1737	0.8844
570.00	28	-0.1079	-0.1820	0.8422
571.00	28	-0.1082	-0.1828	0.7964
572.00	28	-0.1084	-0.1833	0.7697
573.00	28	-0.1105	-0.1853	0.6756
574.00	28	-0.1119	-0.1864	0.6395
575.00	28	-0.1127	-0.1860	0.5641
576.00	28	-0.1134	-0.1856	0.5182
577.00	28	-0.1138	-0.1849	0.4562
578.00	28	-0.1138	-0.1847	0.4481
579.00	28	-0.1959	-0.1921	0.0867
580.00	29	0.8419	0.1284	0.3992
581.00	29	0.8591	0.1280	0.8164
582.00	29	0.8685	0.1182	0.8465
583.00	29	0.6817	0.0983	0.8437
584.00	29	0.6089	-0.1003	0.8510
585.00	29	0.4072	-0.1086	0.8276
586.00	29	0.3157	-0.1287	0.8314
587.00	29	0.1575	-0.1325	0.8108
588.00	29	-0.0242	-0.1457	0.8354
589.00	29	-0.0960	-0.1750	0.8855
590.00	29	-0.1079	-0.1818	0.8506
591.00	29	-0.1084	-0.1833	0.7732
592.00	29	-0.1086	-0.1835	0.7628
593.00	29	-0.1104	-0.1853	0.6795
594.00	29	-0.1119	-0.1859	0.6101
595.00	29	-0.1125	-0.1860	0.5767
596.00	29	-0.1131	-0.1858	0.5390
597.00	29	-0.1137	-0.1851	0.4726
598.00	29	-0.1136	-0.1842	0.4200
599.00	29	-0.1959	-0.1921	0.0867
600.00	30	0.8423	0.1284	0.4060
601.00	30	0.8601	0.1287	0.8167
602.00	30	0.8683	0.1175	0.8470
603.00	30	0.6810	0.0980	0.8438
604.00	30	0.6091	-0.1002	0.8511
605.00	30	0.4051	-0.1105	0.8275
606.00	30	0.3187	-0.1285	0.8312
607.00	30	0.1550	-0.1340	0.8111
608.00	30	-0.0297	-0.1448	0.8358
609.00	30	-0.0956	-0.1745	0.8851
610.00	30	-0.1079	-0.1819	0.8444
611.00	30	-0.1081	-0.1827	0.8025
612.00	30	-0.1095	-0.1843	0.7379
613.00	30	-0.1097	-0.1846	0.7266
614.00	30	-0.1112	-0.1858	0.6305
615.00	30	-0.1131	-0.1858	0.5390
616.00	30	-0.1136	-0.1854	0.4932
617.00	30	-0.1137	-0.1843	0.4240
618.00	30	-0.1136	-0.1841	0.4160
619.00	30	-0.1959	-0.1921	0.0867
620.00	31	0.8469	0.1288	0.4731
621.00	31	0.8578	0.1270	0.8159
622.00	31	0.8683	0.1173	0.8471
623.00	31	0.6800	0.0975	0.8440
624.00	31	0.6062	-0.1011	0.8496
625.00	31	0.4051	-0.1105	0.8275
626.00	31	0.3084	-0.1290	0.8318
627.00	31	0.1573	-0.1326	0.8108
628.00	31	-0.0374	-0.1438	0.8368
629.00	31	-0.0946	-0.1733	0.8840
630.00	31	-0.1079	-0.1822	0.8278
631.00	31	-0.1085	-0.1834	0.7663
632.00	31	-0.1084	-0.1833	0.7697
633.00	31	-0.1112	-0.1857	0.6556
634.00	31	-0.1114	-0.1858	0.6434
635.00	31	-0.1126	-0.1860	0.5725
636.00	31	-0.1129	-0.1859	0.5516
637.00	31	-0.1137	-0.1845	0.4360
638.00	31	-0.1132	-0.1834	0.3803
639.00	31	-0.1959	-0.1921	0.0867
640.00	32	0.8487	0.1289	0.4992
641.00	32	0.8588	0.1277	0.8163
642.00	32	0.8683	0.1173	0.8471
643.00	32	0.6796	0.0973	0.8440
644.00	32	0.6077	-0.1007	0.8504
645.00	32	0.4033	-0.1122	0.8274
646.00	32	0.3026	-0.1292	0.8322
647.00	32	0.1552	-0.1339	0.8110
648.00	32	-0.0242	-0.1457	0.8354
649.00	32	-0.0973	-0.1761	0.8864
650.00	32	-0.1079	-0.1822	0.8252
651.00	32	-0.1085	-0.1831	0.7836
652.00	32	-0.1100	-0.1848	0.7152
653.00	32	-0.1100	-0.1848	0.7152
654.00	32	-0.1118	-0.1860	0.6270
655.00	32	-0.1131	-0.1858	0.5390
656.00	32	-0.1131	-0.1858	0.5390
657.00	32	-0.1137	-0.1852	0.4767
658.00	32	-0.1136	-0.1841	0.4160
659.00	32	-0.1959	-0.1921	0.0867
660.00	33	0.8478	0.1289	0.4862
661.00	33	0.8606	0.1291	0.8169
662.00	33	0.8680	0.1149	0.8482
663.00	33	0.6800	0.0975	0.8440
664.00	33	0.6073	-0.1008	0.8501
665.00	33	0.4058	-0.1099	0.8275
666.00	33	0.3040	-0.1292	0.8321
667.00	33	0.1557	-0.1335	0.8110
668.00	33	-0.0390	-0.1436	0.8370
669.00	33	-0.0963	-0.1753	0.8857
670.00	33	-0.1080	-0.1825	0.8114
671.00	33	-0.1079	-0.1824	0.8142
672.00	33	-0.1097	-0.1845	0.7304
673.00	33	-0.1101	-0.1850	0.7075
674.00	33	-0.1119	-0.1860	0.6187
675.00	33	-0.1129	-0.1859	0.5516
676.00	33	-0.1137	-0.1852	0.4767
677.00	33	-0.1137	-0.1853	0.4850
678.00	33	-0.1134	-0.1837	0.3961
679.00	33	-0.1959	-0.1921	0.0867
680.00	34	0.8455	0.1287	0.4532
681.00	34	0.8612	0.1295	0.8171
682.00	34	0.8679	0.1147	0.8482
683.00	34	0.6794	0.0971	0.8440
684.00	34	0.6054	-0.1012	0.8493
685.00	34	0.4049	-0.1107	0.8275
686.00	34	0.2998	-0.1293	0.8324
687.00	34	0.1559	-0.1334	0.8110
688.00	34	-0.0382	-0.1437	0.8369
689.00	34	-0.0960	-0.1750	0.8855
690.00	34	-0.1080	-0.1823	0.8171
691.00	34	-0.1084	-0.1833	0.7732
692.00	34	-0.1085	-0.1834	0.7663
693.00	34	-0.1101	-0.1850	0.7075
694.00	34	-0.1121	-0.1860	0.6018
695.00	34	-0.1132	-0.1858	0.5349
696.00	34	-0.1136	-0.1855	0.5015
697.00	34	-0.1137	-0.1852	0.4767
698.00	34	-0.1131	-0.1832	0.3725
699.00	34	-0.1959	-0.1921	0.0867
700.00	35	0.8482	0.1289	0.4928
701.00	35	0.8585	0.1275	0.8162
702.00	35	0.8678	0.1141	0.8485
703.00	35	0.6794	0.0971	0.8440
704.00	35	0.6057	-0.1012	0.8494
705.00	35	0.4034	-0.1120	0.8274
706.00	35	0.3069	-0.1291	0.8319
707.00	35	0.1545	-0.1343	0.8111
708.00	35	-0.0323	-0.1445	0.8361
709.00	35	-0.0973	-0.1761	0.8864
710.00	35	-0.1079	-0.1820	0.8399
711.00	35	-0.1083	-0.1829	0.7933
712.00	35	-0.1086	-0.1835	0.7628
713.00	35	-0.1107	-0.1854	0.6675
714.00	35	-0.1123	-0.1860	0.5893
715.00	35	-0.1131	-0.1858	0.5390
716.00	35	-0.1133	-0.1857	0.5265
717.00	35	-0.1137	-0.1846	0.4400
718.00	35	-0.1128	-0.1828	0.3529
719.00	35	-0.1959	-0.1921	0.0867
720.00	36	0.8473	0.1288	0.4797
721.00	36	0.8615	0.1297	0.8173
722.00	36	0.8683	0.1170	0.8472
723.00	36	0.6777	0.0951	0.8445
724.00	36	0.6071	-0.1009	0.8500
725.00	36	0.4036	-0.1119	0.8274
726.00	36	0.2941	-0.1296	0.8327
727.00	36	0.1552	-0.1339	0.8110
728.00	36	-0.0398	-0.1435	0.8371
729.00	36	-0.0977	-0.1764	0.8866
730.00	36	-0.1079	-0.1822	0.8226
731.00	36	-0.1086	-0.1832	0.7803
732.00	36	-0.1100	-0.1848	0.7152
733.00	36	-0.1112	-0.1857	0.6516
734.00	36	-0.1112	-0.1857	0.6516
735.00	36	-0.1132	-0.1858	0.5349
736.00	36	-0.1138	-0.1850	0.4603
737.00	36	-0.1135	-0.1839	0.4041
738.00	36	-0.1133	-0.1836	0.3882
739.00	36	-0.1959	-0.1921	0.0867
740.00	37	0.8533	0.1293	0.5621
741.00	37	0.8614	0.1296	0.8172
742.00	37	0.8680	0.1149	0.8482
743.00	37	0.6777	0.0951	0.8445
744.00	37	0.6038	-0.1015	0.8490
745.00	37	0.4051	-0.1105	0.8275
746.00	37	0.3069	-0.1291	0.8319
747.00	37	0.1561	-0.1333	0.8109
748.00	37	-0.0323	-0.1445	0.8361
749.00	37	-0.0975	-0.1763	0.8865
750.00	37	-0.1079	-0.1823	0.8198
751.00	37	-0.1085	-0.1831	0.7836
752.00	37	-0.1087	-0.1836	0.7593
753.00	37	-0.1106	-0.1854	0.6716
754.00	37	-0.1120	-0.1860	0.6146
755.00	37	-0.1130	-0.1859	0.5474
756.00	37	-0.1136	-0.1855	0.4974
757.00	37	-0.1138	-0.1850	0.4644
758.00	37	-0.1132	-0.1834	0.3803
759.00	37	-0.1959	-0.1921	0.0867
760.00	38	0.8469	0.1288	0.4731
761.00	38	0.8588	0.1277	0.8163
762.00	38	0.8681	0.1156	0.8479
763.00	38	0.6802	0.0977	0.8440
764.00	38	0.6065	-0.1011	0.8497
765.00	38	0.4033	-0.1122	0.8274
766.00	38	0.2983	-0.1294	0.8325
767.00	38	0.1548	-0.1341	0.8111
768.00	38	-0.0280	-0.1451	0.8356
769.00	38	-0.0959	-0.1748	0.8853
770.00	38	-0.1079	-0.1822	0.8226
771.00	38	-0.1083	-0.1830	0.7901
772.00	38	-0.1092	-0.1841	0.7489
773.00	38	-0.1104	-0.1852	0.6957
774.00	38	-0.1125	-0.1860	0.5809
775.00	38	-0.1129	-0.1859	0.5558
776.00	38	-0.1138	-0.1850	0.4644
777.00	38	-0.1138	-0.1848	0.4522
778.00	38	-0.1126	-0.1825	0.3412
779.00	38	-0.1959	-0.1921	0.0867
780.00	39	0.8533	0.1293	0.5621
781.00	39	0.8588	0.1277	0.8163
782.00	39	0.8679	0.1147	0.8482
783.00	39	0.6800	0.0975	0.8440
784.00	39	0.6057	-0.1012	0.8494
785.00	39	0.4031	-0.1123	0.8274
786.00	39	0.2927	-0.1296	0.8328
787.00	39	0.1555	-0.1336	0.8110
788.00	39	-0.0297	-0.1448	0.8358
789.00	39	-0.0966	-0.1755	0.8859
790.00	39	-0.1079	-0.1820	0.8399
791.00	39	-0.1087	-0.1836	0.7593
792.00	39	-0.1104	-0.1852	0.6836
793.00	39	-0.1106	-0.1854	0.6716
794.00	39	-0.1122	-0.1860	0.5976
795.00	39	-0.1130	-0.1859	0.5474
796.00	39	-0.1136	-0.1855	0.5015
797.00	39	-0.1138	-0.1850	0.4603
798.00	39	-0.1126	-0.1825	0.3412
799.00	39	-0.1959	-0.1921	0.0867
800.00	40	0.8505	0.1290	0.5250
801.00	40	0.8601	0.1287	0.8167
802.00	40	0.8681	0.1159	0.8477
803.00	40	0.6789	0.0967	0.8442
804.00	40	0.6069	-0.1010	0.8499
805.00	40	0.4041	-0.1114	0.8274
806.00	40	0.2804	-0.1299	0.8336
807.00	40	0.1537	-0.1348	0.8113
808.00	40	-0.0405	-0.1434	0.8372
809.00	40	-0.0978	-0.1765	0.8867
810.00	40	-0.1079	-0.1822	0.8252
811.00	40	-0.1093	-0.1842	0.7453
812.00	40	-0.1101	-0.1850	0.7075
813.00	40	-0.1110	-0.1856	0.6596
814.00	40	-0.1123	-0.1860	0.5893
815.00	40	-0.1136	-0.1855	0.4974
816.00	40	-0.1134	-0.1856	0.5182
817.00	40	-0.1133	-0.1836	0.3882
818.00	40	-0.1127	-0.1827	0.3490
819.00	40	-0.1959	-0.1921	0.0867
820.00	41	0.8547	0.1296	0.5799
821.00	41	0.8619	0.1300	0.8175
822.00	41	0.8679	0.1146	0.8483
823.00	41	0.6785	0.0964	0.8443
824.00	41	0.6028	-0.1016	0.8488
825.00	41	0.4043	-0.1112	0.8275
826.00	41	0.2831	-0.1299	0.8334
827.00	41	0.1559	-0.1334	0.8110
828.00	41	-0.0405	-0.1434	0.8372
829.00	41	-0.0986	-0.1772	0.8871
830.00	41	-0.1079	-0.1824	0.8142
831.00	41	-0.1096	-0.1844	0.7342
832.00	41	-0.1101	-0.1849	0.7114
833.00	41	-0.1104	-0.1853	0.6795
834.00	41	-0.1129	-0.1859	0.5558
835.00	41	-0.1131	-0.1858	0.5390
836.00	41	-0.1136	-0.1853	0.4891
837.00	41	-0.1134	-0.1837	0.3961
838.00	41	-0.1126	-0.1825	0.3412
839.00	41	-0.1959	-0.1921	0.0867
840.00	42	0.8519	0.1291	0.5438
841.00	42	0.8608	0.1292	0.8170
842.00	42	0.8682	0.1161	0.8477
843.00	42	0.6769	0.0931	0.8446
844.00	42	0.6038	-0.1015	0.8490
845.00	42	0.4031	-0.1123	0.8274
846.00	42	0.2886	-0.1297	0.8330
847.00	42	0.1540	-0.1346	0.8113
848.00	42	-0.0441	-0.1431	0.8378
849.00	42	-0.0985	-0.1770	0.8870
850.00	42	-0.1079	-0.1822	0.8226
851.00	42	-0.1093	-0.1842	0.7453
852.00	42	-0.1106	-0.1854	0.6716
853.00	42	-0.1114	-0.1858	0.6434
854.00	42	-0.1127	-0.1860	0.5641
855.00	42	-0.1128	-0.1860	0.5599
856.00	42	-0.1137	-0.1845	0.4360
857.00	42	-0.1136	-0.1842	0.4200
858.00	42	-0.1127	-0.1827	0.3490
859.00	42	-0.1959	-0.1921	0.0867
860.00	43	0.8558	0.1299	0.5913
861.00	43	0.8595	0.1283	0.8166
862.00	43	0.8676	0.1130	0.8488
863.00	43	0.6766	0.0921	0.8446
864.00	43	0.6028	-0.1016	0.8488
865.00	43	0.4015	-0.1136	0.8275
866.00	43	0.2969	-0.1295	0.8325
867.00	43	0.1557	-0.1335	0.8110
868.00	43	-0.0427	-0.1432	0.8376
869.00	43	-0.0969	-0.1758	0.8861
870.00	43	-0.1079	-0.1822	0.8252
871.00	43	-0.1088	-0.1837	0.7558
872.00	43	-0.1097	-0.1846	0.7266
873.00	43	-0.1118	-0.1860	0.6353
874.00	43	-0.1123	-0.1860	0.5893
875.00	43	-0.1129	-0.1859	0.5516
876.00	43	-0.1137	-0.1852	0.4767
877.00	43	-0.1133	-0.1836	0.3921
878.00	43	-0.1125	-0.1822	0.3334
879.00	43	-0.1959	-0.1921	0.0867
880.00	44	0.8571	0.1301	0.6083
881.00	44	0.8612	0.1295	0.8171
882.00	44	0.8681	0.1156	0.8479
883.00	44	0.6763	0.0912	0.8446
884.00	44	0.5999	-0.1019	0.8481
885.00	44	0.4043	-0.1112	0.8275
886.00	44	0.2941	-0.1296	0.8327
887.00	44	0.1537	-0.1348	0.8113
888.00	44	-0.0427	-0.1432	0.8376
889.00	44	-0.0962	-0.1751	0.8856
890.00	44	-0.1082	-0.1828	0.7964
891.00	44	-0.1092	-0.1839	0.7525
892.00	44	-0.1103	-0.1851	0.6997
893.00	44	-0.1118	-0.1860	0.6270
894.00	44	-0.1127	-0.1860	0.5684
895.00	44	-0.1136	-0.1855	0.4974
896.00	44	-0.1138	-0.1849	0.4562
897.00	44	-0.1132	-0.1834	0.3803
898.00	44	-0.1130	-0.1830	0.3646
899.00	44	-0.1959	-0.1921	0.0867
900.00	45	0.8505	0.1290	0.5250
901.00	45	0.8633	0.1308	0.8180
902.00	45	0.8676	0.1130	0.8488
903.00	45	0.6777	0.0951	0.8445
904.00	45	0.6038	-0.1015	0.8490
905.00	45	0.4040	-0.1116	0.8274
906.00	45	0.2886	-0.1297	0.8330
907.00	45	0.1527	-0.1357	0.8117
908.00	45	-0.0374	-0.1438	0.8368
909.00	45	-0.0975	-0.1763	0.8865
910.00	45	-0.1084	-0.1833	0.7697
911.00	45	-0.1095	-0.1843	0.7379
912.00	45	-0.1107	-0.1854	0.6675
913.00	45	-0.1112	-0.1858	0.6305
914.00	45	-0.1127	-0.1860	0.5641
915.00	45	-0.1136	-0.1853	0.4891
916.00	45	-0.1138	-0.1847	0.4481
917.00	45	-0.1131	-0.1832	0.3685
918.00	45	-0.1130	-0.1830	0.3646
919.00	45	-0.1959	-0.1921	0.0867
920.00	46	0.8533	0.1293	0.5621
921.00	46	0.8637	0.1311	0.8182
922.00	46	0.8681	0.1154	0.8480
923.00	46	0.6762	0.0906	0.8446
924.00	46	0.6033	-0.1016	0.8489
925.00	46	0.4038	-0.1117	0.8274
926.00	46	0.2913	-0.1296	0.8329
927.00	46	0.1552	-0.1339	0.8110
928.00	46	-0.0382	-0.1437	0.8369
929.00	46	-0.0977	-0.1764	0.8866
930.00	46	-0.1081	-0.1831	0.7763
931.00	46	-0.1100	-0.1848	0.7152
932.00	46	-0.1104	-0.1852	0.6957
933.00	46	-0.1110	-0.1856	0.6637
934.00	46	-0.1128	-0.1860	0.5599
935.00	46	-0.1137	-0.1853	0.4850
936.00	46	-0.1137	-0.1845	0.4360
937.00	46	-0.1131	-0.1832	0.3725
938.00	46	-0.1121	-0.1815	0.3065
939.00	46	-0.1959	-0.1921	0.0867
940.00	47	0.8505	0.1290	0.5250
941.00	47	0.8617	0.1298	0.8174
942.00	47	0.8677	0.1136	0.8486
943.00	47	0.6764	0.0916	0.8446
944.00	47	0.6038	-0.1015	0.8490
945.00	47	0.4038	-0.1117	0.8274
946.00	47	0.2955	-0.1295	0.8326
947.00	47	0.1533	-0.1352	0.8115
948.00	47	-0.0479	-0.1430	0.8385
949.00	47	-0.0975	-0.1763	0.8865
950.00	47	-0.1085	-0.1834	0.7663
951.00	47	-0.1101	-0.1850	0.7075
952.00	47	-0.1101	-0.1849	0.7114
953.00	47	-0.1118	-0.1860	0.6228
954.00	47	-0.1131	-0.1858	0.5390
955.00	47	-0.1137	-0.1851	0.4685
956.00	47	-0.1137	-0.1853	0.4808
957.00	47	-0.1136	-0.1841	0.4160
958.00	47	-0.1128	-0.1828	0.3529
959.00	47	-0.1959	-0.1921	0.0867
960.00	48	0.8538	0.1294	0.5681
961.00	48	0.8606	0.1291	0.8169
962.00	48	0.8673	0.1121	0.8492
963.00	48	0.6782	0.0960	0.8444
964.00	48	0.5977	-0.1022	0.8476
965.00	48	0.4028	-0.1126	0.8274
966.00	48	0.2804	-0.1299	0.8336
967.00	48	0.1529	-0.1356	0.8116
968.00	48	-0.0366	-0.1439	0.8367
969.00	48	-0.0993	-0.1776	0.8873
970.00	48	-0.1084	-0.1830	0.7868
971.00	48	-0.1092	-0.1839	0.7525
972.00	48	-0.1113	-0.1858	0.6474
973.00	48	-0.1118	-0.1860	0.6270
974.00	48	-0.1124	-0.1860	0.5851
975.00	48	-0.1133	-0.1857	0.5223
976.00	48	-0.1135	-0.1841	0.4120
977.00	48	-0.1130	-0.1830	0.3646
978.00	48	-0.1122	-0.1819	0.3179
979.00	48	-0.1959	-0.1921	0.0867
980.00	49	0.8584	0.1302	0.6249
981.00	49	0.8631	0.1307	0.8179
982.00	49	0.8675	0.1129	0.8489
983.00	49	0.6766	0.0921	0.8446
984.00	49	0.5977	-0.1022	0.8476
985.00	49	0.4025	-0.1129	0.8274
986.00	49	0.2689	-0.1297	0.8341
987.00	49	0.1534	-0.1351	0.8114
988.00	49	-0.0497	-0.1430	0.8388
989.00	49	-0.0973	-0.1761	0.8864
990.00	49	-0.1085	-0.1834	0.7663
991.00	49	-0.1084	-0.1833	0.7697
992.00	49	-0.1104	-0.1852	0.6957
993.00	49	-0.1123	-0.1860	0.5893
994.00	49	-0.1122	-0.1860	0.5976
995.00	49	-0.1138	-0.1850	0.4644
996.00	49	-0.1137	-0.1851	0.4685
997.00	49	-0.1133	-0.1835	0.3843
998.00	49	-0.1126	-0.1825	0.3451
999.00	49	-0.1959	-0.1921	0.0867
1000.00	50	0.8593	0.1304	0.6355
1001.00	50	0.8608	0.1292	0.8170
1002.00	50	0.8677	0.1138	0.8486
1003.00	50	0.6767	0.0926	0.8446
1004.00	50	0.5983	-0.1021	0.8478
1005.00	50	0.4028	-0.1126	0.8274
1006.00	50	0.2689	-0.1297	0.8341
1007.00	50	0.1522	-0.1361	0.8119
1008.00	50	-0.0390	-0.1436	0.8370
1009.00	50	-0.0985	-0.1770	0.8870
1010.00	50	-0.1082	-0.1827	0.7995
1011.00	50	-0.1096	-0.1844	0.7342
1012.00	50	-0.1118	-0.1860	0.6353
1013.00	50	-0.1113	-0.1858	0.6474
1014.00	50	-0.1129	-0.1859	0.5558
1015.00	50	-0.1135	-0.1856	0.5140
1016.00	50	-0.1136	-0.1844	0.4279
1017.00	50	-0.1127	-0.1827	0.3490
1018.00	50	-0.1125	-0.1822	0.3334
1019.00	50	-0.1959	-0.1921	0.0867
1020.00	51	0.8552	0.1296	0.5857
1021.00	51	0.8631	0.1307	0.8179
1022.00	51	0.8678	0.1140	0.8485
1023.00	51	0.6759	0.0894	0.8446
1024.00	51	0.6020	-0.1017	0.8485
1025.00	51	0.4020	-0.1133	0.8274
1026.00	51	0.2751	-0.1300	0.8339
1027.00	51	0.1540	-0.1346	0.8113
1028.00	51	-0.0427	-0.1432	0.8376
1029.00	51	-0.0985	-0.1770	0.8870
1030.00	51	-0.1093	-0.1842	0.7453
1031.00	51	-0.1092	-0.1839	0.7525
1032.00	51	-0.1103	-0.1851	0.6997
1033.00	51	-0.1114	-0.1858	0.6434
1034.00	51	-0.1134	-0.1856	0.5182
1035.00	51	-0.1138	-0.1850	0.4603
1036.00	51	-0.1135	-0.1841	0.4120
1037.00	51	-0.1132	-0.1834	0.3803
1038.00	51	-0.1122	-0.1819	0.3179
1039.00	51	-0.1959	-0.1921	0.0867
1040.00	52	0.8593	0.1304	0.6355
1041.00	52	0.8625	0.1304	0.8177
1042.00	52	0.8676	0.1132	0.8488
1043.00	52	0.6751	0.0854	0.8447
1044.00	52	0.6024	-0.1016	0.8487
1045.00	52	0.4007	-0.1141	0.8276
1046.00	52	0.2652	-0.1295	0.8343
1047.00	52	0.1537	-0.1348	0.8113
1048.00	52	-0.0473	-0.1430	0.8384
1049.00	52	-0.0975	-0.1763	0.8865
1050.00	52	-0.1081	-0.1826	0.8055
1051.00	52	-0.1101	-0.1850	0.7075
1052.00	52	-0.1110	-0.1856	0.6596
1053.00	52	-0.1123	-0.1860	0.5893
1054.00	52	-0.1127	-0.1860	0.5641
1055.00	52	-0.1135	-0.1855	0.5057
1056.00	52	-0.1137	-0.1845	0.4360
1057.00	52	-0.1131	-0.1832	0.3725
1058.00	52	-0.1128	-0.1828	0.3529
1059.00	52	-0.1959	-0.1921	0.0867
1060.00	53	0.8584	0.1302	0.6249
1061.00	53	0.8639	0.1312	0.8183
1062.00	53	0.8673	0.1121	0.8492
1063.00	53	0.6772	0.0940	0.8446
1064.00	53	0.5999	-0.1019	0.8481
1065.00	53	0.4009	-0.1139	0.8276
1066.00	53	0.2689	-0.1297	0.8341
1067.00	53	0.1536	-0.1350	0.8114
1068.00	53	-0.0513	-0.1431	0.8391
1069.00	53	-0.1002	-0.1781	0.8877
1070.00	53	-0.1086	-0.1835	0.7628
1071.00	53	-0.1096	-0.1844	0.7342
1072.00	53	-0.1110	-0.1856	0.6637
1073.00	53	-0.1122	-0.1860	0.5976
1074.00	53	-0.1133	-0.1857	0.5307
1075.00	53	-0.1138	-0.1848	0.4522
1076.00	53	-0.1135	-0.1839	0.4041
1077.00	53	-0.1124	-0.1822	0.3296
1078.00	53	-0.1126	-0.1825	0.3412
1079.00	53	-0.1959	-0.1921	0.0867
1080.00	54	0.8562	0.1300	0.5970
1081.00	54	0.8617	0.1298	0.8174
1082.00	54	0.8673	0.1120	0.8492
1083.00	54	0.6773	0.0944	0.8446
1084.00	54	0.5926	-0.1027	0.8468
1085.00	54	0.4003	-0.1144	0.8276
1086.00	54	0.2665	-0.1295	0.8342
1087.00	54	0.1531	-0.1353	0.8115
1088.00	54	-0.0460	-0.1430	0.8381
1089.00	54	-0.0991	-0.1775	0.8873
1090.00	54	-0.1083	-0.1830	0.7901
1091.00	54	-0.1104	-0.1852	0.6957
1092.00	54	-0.1112	-0.1857	0.6556
1093.00	54	-0.1119	-0.1859	0.6101
1094.00	54	-0.1135	-0.1855	0.5057
1095.00	54	-0.1137	-0.1847	0.4441
1096.00	54	-0.1134	-0.1837	0.3961
1097.00	54	-0.1132	-0.1834	0.3803
1098.00	54	-0.1118	-0.1809	0.2798
1099.00	54	-0.1959	-0.1921	0.0867
1100.00	55	0.8566	0.1301	0.6027
1101.00	55	0.8633	0.1308	0.8180
1102.00	55	0.8671	0.1116	0.8493
1103.00	55	0.6758	0.0888	0.8446
1104.00	55	0.5916	-0.1028	0.8467
1105.00	55	0.4022	-0.1131	0.8274
1106.00	55	0.2604	-0.1291	0.8344
1107.00	55	0.1536	-0.1350	0.8114
1108.00	55	-0.0441	-0.1431	0.8378
1109.00	55	-0.1005	-0.1783	0.8878
1110.00	55	-0.1092	-0.1839	0.7525
1111.00	55	-0.1100	-0.1848	0.7152
1112.00	55	-0.1120	-0.1860	0.6146
1113.00	55	-0.1127	-0.1860	0.5641
1114.00	55	-0.1135	-0.1856	0.5099
1115.00	55	-0.1136	-0.1855	0.5015
1116.00	55	-0.1132	-0.1834	0.3803
1117.00	55	-0.1123	-0.1820	0.3257
1118.00	55	-0.1123	-0.1820	0.3218
1119.00	55	-0.1959	-0.1921	0.0867
1120.00	56	0.8547	0.1296	0.5799
1121.00	56	0.8637	0.1311	0.8182
1122.00	56	0.8669	0.1112	0.8494
1123.00	56	0.6754	0.0868	0.8446
1124.00	56	0.6010	-0.1018	0.8483
1125.00	56	0.4023	-0.1130	0.8274
1126.00	56	0.2616	-0.1292	0.8343
1127.00	56	0.1531	-0.1353	0.8115
1128.00	56	-0.0497	-0.1430	0.8388
1129.00	56	-0.1010	-0.1785	0.8879
1130.00	56	-0.1085	-0.1831	0.7836
1131.00	56	-0.1105	-0.1853	0.6756
1132.00	56	-0.1106	-0.1854	0.6716
1133.00	56	-0.1128	-0.1860	0.5599
1134.00	56	-0.1135	-0.1856	0.5099
1135.00	56	-0.1137	-0.1844	0.4320
1136.00	56	-0.1137	-0.1845	0.4360
1137.00	56	-0.1132	-0.1833	0.3764
1138.00	56	-0.1118	-0.1809	0.2798
1139.00	56	-0.1959	-0.1921	0.0867
1140.00	57	0.8579	0.1301	0.6194
1141.00	57	0.8631	0.1307	0.8179
1142.00	57	0.8671	0.1116	0.8493
1143.00	57	0.6751	0.0854	0.8447
1144.00	57	0.5964	-0.1023	0.8474
1145.00	57	0.4009	-0.1139	0.8276
1146.00	57	0.2665	-0.1295	0.8342
1147.00	57	0.1518	-0.1365	0.8121
1148.00	57	-0.0519	-0.1431	0.8392
1149.00	57	-0.0983	-0.1769	0.8869
1150.00	57	-0.1097	-0.1845	0.7304
1151.00	57	-0.1098	-0.1846	0.7229
1152.00	57	-0.1118	-0.1860	0.6228
1153.00	57	-0.1127	-0.1860	0.5641
1154.00	57	-0.1128	-0.1860	0.5599
1155.00	57	-0.1137	-0.1847	0.4441
1156.00	57	-0.1136	-0.1844	0.4279
1157.00	57	-0.1124	-0.1822	0.3296
1158.00	57	-0.1118	-0.1810	0.2836
1159.00	57	-0.1959	-0.1921	0.0867
1160.00	58	0.8615	0.1309	0.6607
1161.00	58	0.8623	0.1302	0.8176
1162.00	58	0.8672	0.1119	0.8493
1163.00	58	0.6758	0.0888	0.8446
1164.00	58	0.5916	-0.1028	0.8467
1165.00	58	0.4003	-0.1144	0.8276
1166.00	58	0.2579	-0.1290	0.8344
1167.00	58	0.1529	-0.1356	0.8116
1168.00	58	-0.0460	-0.1430	0.8381
1169.00	58	-0.1001	-0.1780	0.8877
1170.00	58	-0.1088	-0.1837	0.7558
1171.00	58	-0.1101	-0.1850	0.7075
1172.00	58	-0.1121	-0.1860	0.6018
1173.00	58	-0.1122	-0.1860	0.5935
1174.00	58	-0.1136	-0.1854	0.4932
1175.00	58	-0.1137	-0.1853	0.4850
1176.00	58	-0.1131	-0.1832	0.3725
1177.00	58	-0.1126	-0.1825	0.3451
1178.00	58	-0.1115	-0.1804	0.2574
1179.00	58	-0.1959	-0.1921	0.0867
1180.00	59	0.8571	0.1301	0.6083
1181.00	59	0.8653	0.1319	0.8189
1182.00	59	0.8671	0.1116	0.8493
1183.00	59	0.6751	0.0854	0.8447
1184.00	59	0.5941	-0.1026	0.8470
1185.00	59	0.4008	-0.1140	0.8276
1186.00	59	0.2701	-0.1298	0.8341
1187.00	59	0.1520	-0.1364	0.8121
1188.00	59	-0.0513	-0.1431	0.8391
1189.00	59	-0.0986	-0.1772	0.8871
1190.00	59	-0.1100	-0.1848	0.7152
1191.00	59	-0.1104	-0.1852	0.6836
1192.00	59	-0.1107	-0.1854	0.6675
1193.00	59	-0.1124	-0.1860	0.5851
1194.00	59	-0.1136	-0.1855	0.4974
1195.00	59	-0.1137	-0.1851	0.4685
1196.00	59	-0.1132	-0.1834	0.3803
1197.00	59	-0.1121	-0.1816	0.3103
1198.00	59	-0.1117	-0.1808	0.2761
1199.00	59	-0.1959	-0.1921	0.0867
1200.00	60	0.8566	0.1301	0.6027
1201.00	60	0.8653	0.1319	0.8189
1202.00	60	0.8674	0.1126	0.8490
1203.00	60	0.6764	0.0916	0.8446
1204.00	60	0.5989	-0.1020	0.8479
1205.00	60	0.3999	-0.1146	0.8277
1206.00	60	0.2751	-0.1300	0.8339
1207.00	60	0.1533	-0.1352	0.8115
1208.00	60	-0.0485	-0.1430	0.8386
1209.00	60	-0.1014	-0.1787	0.8880
1210.00	60	-0.1086	-0.1832	0.7803
1211.00	60	-0.1104	-0.1853	0.6795
1212.00	60	-0.1121	-0.1860	0.6018
1213.00	60	-0.1132	-0.1858	0.5349
1214.00	60	-0.1135	-0.1856	0.5140
1215.00	60	-0.1138	-0.1847	0.4481
1216.00	60	-0.1130	-0.1830	0.3646
1217.00	60	-0.1121	-0.1817	0.3141
1218.00	60	-0.1115	-0.1804	0.2574
1219.00	60	-0.1959	-0.1921	0.0867
1220.00	61	0.8593	0.1304	0.6355
1221.00	61	0.8655	0.1320	0.8190
1222.00	61	0.8667	0.1106	0.8495
1223.00	61	0.6744	0.0795	0.8446
1224.00	61	0.5878	-0.1032	0.8462
1225.00	61	0.4004	-0.1143	0.8276
1226.00	61	0.2689	-0.1297	0.8341
1227.00	61	0.1527	-0.1357	0.8117
1228.00	61	-0.0525	-0.1432	0.8393
1229.00	61	-0.1004	-0.1782	0.8878
1230.00	61	-0.1095	-0.1843	0.7379
1231.00	61	-0.1104	-0.1852	0.6957
1232.00	61	-0.1118	-0.1860	0.6270
1233.00	61	-0.1127	-0.1860	0.5684
1234.00	61	-0.1135	-0.1856	0.5099
1235.00	61	-0.1137	-0.1843	0.4240
1236.00	61	-0.1131	-0.1832	0.3685
1237.00	61	-0.1125	-0.1824	0.3373
1238.00	61	-0.1119	-0.1812	0.2912
1239.00	61	-0.1959	-0.1921	0.0867
1240.00	62	0.8641	0.1314	0.6974
1241.00	62	0.8660	0.1321	0.8192
1242.00	62	0.8672	0.1119	0.8493
1243.00	62	0.6744	0.0786	0.8445
1244.00	62	0.5999	-0.1019	0.8481
1245.00	62	0.4004	-0.1143	0.8276
1246.00	62	0.2701	-0.1298	0.8341
1247.00	62	0.1518	-0.1365	0.8121
1248.00	62	-0.0567	-0.1436	0.8401
1249.00	62	-0.1012	-0.1786	0.8880
1250.00	62	-0.1100	-0.1848	0.7152
1251.00	62	-0.1110	-0.1856	0.6596
1252.00	62	-0.1114	-0.1858	0.6434
1253.00	62	-0.1122	-0.1860	0.5935
1254.00	62	-0.1135	-0.1856	0.5140
1255.00	62	-0.1137	-0.1851	0.4726
1256.00	62	-0.1129	-0.1829	0.3607
1257.00	62	-0.1129	-0.1829	0.3607
1258.00	62	-0.1116	-0.1806	0.2686
1259.00	62	-0.1959	-0.1921	0.0867
1260.00	63	0.8606	0.1307	0.6508
1261.00	63	0.8633	0.1308	0.8180
1262.00	63	0.8674	0.1126	0.8490
1263.00	63	0.6755	0.0875	0.8446
1264.00	63	0.5847	-0.1035	0.8458
1265.00	63	0.3996	-0.1147	0.8278
1266.00	63	0.2652	-0.1295	0.8343
1267.00	63	0.1513	-0.1370	0.8126
1268.00	63	-0.0473	-0.1430	0.8384
1269.00	63	-0.1020	-0.1790	0.8882
1270.00	63	-0.1097	-0.1845	0.7304
1271.00	63	-0.1103	-0.1851	0.6997
1272.00	63	-0.1121	-0.1860	0.6018
1273.00	63	-0.1132	-0.1858	0.5349
1274.00	63	-0.1136	-0.1853	0.4891
1275.00	63	-0.1138	-0.1848	0.4522
1276.00	63	-0.1128	-0.1828	0.3529
1277.00	63	-0.1129	-0.1828	0.3568
1278.00	63	-0.1116	-0.1805	0.2648
1279.00	63	-0.1959	-0.1921	0.0867
1280.00	64	0.8622	0.1311	0.6703
1281.00	64	0.8653	0.1319	0.8189
1282.00	64	0.8669	0.1112	0.8494
1283.00	64	0.6742	0.0766	0.8445
1284.00	64	0.5916	-0.1028	0.8467
1285.00	64	0.3997	-0.1146	0.8277
1286.00	64	0.2496	-0.1282	0.8343
1287.00	64	0.1516	-0.1367	0.8123
1288.00	64	-0.0479	-0.1430	0.8385
1289.00	64	-0.1004	-0.1782	0.8878
1290.00	64	-0.1087	-0.1836	0.7593
1291.00	64	-0.1101	-0.1849	0.7114
1292.00	64	-0.1119	-0.1864	0.6395
1293.00	64	-0.1125	-0.1860	0.5767
1294.00	64	-0.1133	-0.1857	0.5223
1295.00	64	-0.1138	-0.1847	0.4481
1296.00	64	-0.1132	-0.1833	0.3764
1297.00	64	-0.1121	-0.1816	0.3103
1298.00	64	-0.1114	-0.1801	0.2462
1299.00	64	-0.1959	-0.1921	0.0867
1300.00	65	0.8619	0.1310	0.6656
1301.00	65	0.8665	0.1323	0.8194
1302.00	65	0.8665	0.1104	0.8495
1303.00	65	0.6750	0.0846	0.8446
1304.00	65	0.5868	-0.1032	0.8461
1305.00	65	0.4001	-0.1144	0.8277
1306.00	65	0.2485	-0.1281	0.8343
1307.00	65	0.1514	-0.1369	0.8125
1308.00	65	-0.0556	-0.1435	0.8399
1309.00	65	-0.1012	-0.1786	0.8880
1310.00	65	-0.1088	-0.1837	0.7558
1311.00	65	-0.1103	-0.1851	0.6875
1312.00	65	-0.1120	-0.1860	0.6146
1313.00	65	-0.1131	-0.1858	0.5390
1314.00	65	-0.1135	-0.1856	0.5099
1315.00	65	-0.1137	-0.1851	0.4726
1316.00	65	-0.1128	-0.1828	0.3529
1317.00	65	-0.1123	-0.1820	0.3218
1318.00	65	-0.1118	-0.1810	0.2836
1319.00	65	-0.1959	-0.1921	0.0867
1320.00	66	0.8622	0.1311	0.6703
1321.00	66	0.8683	0.1329	0.8203
1322.00	66	0.8670	0.1113	0.8494
1323.00	66	0.6742	0.0766	0.8445
1324.00	66	0.5812	-0.1037	0.8455
1325.00	66	0.4004	-0.1143	0.8276
1326.00	66	0.2604	-0.1291	0.8344
1327.00	66	0.1511	-0.1372	0.8128
1328.00	66	-0.0490	-0.1430	0.8387
1329.00	66	-0.1002	-0.1781	0.8877
1330.00	66	-0.1104	-0.1852	0.6957
1331.00	66	-0.1110	-0.1856	0.6637
1332.00	66	-0.1125	-0.1860	0.5809
1333.00	66	-0.1124	-0.1860	0.5851
1334.00	66	-0.1136	-0.1855	0.4974
1335.00	66	-0.1137	-0.1846	0.4400
1336.00	66	-0.1135	-0.1839	0.4041
1337.00	66	-0.1126	-0.1825	0.3451
1338.00	66	-0.1117	-0.1808	0.2761
1339.00	66	-0.1959	-0.1921	0.0867
1340.00	67	0.8644	0.1314	0.7017
1341.00	67	0.8669	0.1324	0.8195
1342.00	67	0.8673	0.1121	0.8492
1343.00	67	0.6737	0.0720	0.8448
1344.00	67	0.5956	-0.1024	0.8473
1345.00	67	0.3986	-0.1152	0.8280
1346.00	67	0.2640	-0.1294	0.8343
1347.00	67	0.1506	-0.1378	0.8133
1348.00	67	-0.0577	-0.1437	0.8403
1349.00	67	-0.1012	-0.1786	0.8880
1350.00	67	-0.1099	-0.1847	0.7191
1351.00	67	-0.1102	-0.1850	0.7036
1352.00	67	-0.1127	-0.1860	0.5684
1353.00	67	-0.1134	-0.1856	0.5182
1354.00	67	-0.1136	-0.1853	0.4891
1355.00	67	-0.1135	-0.1839	0.4041
1356.00	67	-0.1129	-0.1828	0.3568
1357.00	67	-0.1119	-0.1811	0.2874
1358.00	67	-0.1119	-0.1812	0.2912
1359.00	67	-0.1959	-0.1921	0.0867
1360.00	68	0.8611	0.1308	0.6558
1361.00	68	0.8663	0.1322	0.8193
1362.00	68	0.8669	0.1111	0.8495
1363.00	68	0.6744	0.0786	0.8445
1364.00	68	0.5964	-0.1023	0.8474
1365.00	68	0.3993	-0.1149	0.8278
1366.00	68	0.2485	-0.1281	0.8343
1367.00	68	0.1510	-0.1373	0.8129
1368.00	68	-0.0586	-0.1438	0.8405
1369.00	68	-0.1014	-0.1787	0.8880
1370.00	68	-0.1105	-0.1853	0.6919
1371.00	68	-0.1106	-0.1854	0.6716
1372.00	68	-0.1127	-0.1860	0.5684
1373.00	68	-0.1135	-0.1856	0.5099
1374.00	68	-0.1136	-0.1853	0.4891
1375.00	68	-0.1137	-0.1845	0.4360
1376.00	68	-0.1129	-0.1828	0.3568
1377.00	68	-0.1120	-0.1814	0.2988
1378.00	68	-0.1116	-0.1806	0.2686
1379.00	68	-0.1959	-0.1921	0.0867
1380.00	69	0.8663	0.1317	0.7294
1381.00	69	0.8653	0.1319	0.8189
1382.00	69	0.8670	0.1114	0.8494
1383.00	69	0.6748	0.0830	0.8447
1384.00	69	0.5949	-0.1025	0.8472
1385.00	69	0.4001	-0.1144	0.8277
1386.00	69	0.2532	-0.1285	0.8344
1387.00	69	0.1517	-0.1366	0.8122
1388.00	69	-0.0591	-0.1439	0.8407
1389.00	69	-0.1010	-0.1785	0.8879
1390.00	69	-0.1101	-0.1849	0.7114
1391.00	69	-0.1119	-0.1864	0.6395
1392.00	69	-0.1118	-0.1860	0.6228
1393.00	69	-0.1130	-0.1858	0.5432
1394.00	69	-0.1135	-0.1856	0.5140
1395.00	69	-0.1137	-0.1846	0.4400
1396.00	69	-0.1131	-0.1832	0.3725
1397.00	69	-0.1118	-0.1810	0.2836
1398.00	69	-0.1115	-0.1803	0.2536
1399.00	69	-0.1959	-0.1921	0.0867
1400.00	70	0.8641	0.1314	0.6974
1401.00	70	0.8657	0.1320	0.8191
1402.00	70	0.8663	0.1100	0.8495
1403.00	70	0.6739	0.0743	0.8448
1404.00	70	0.5888	-0.1031	0.8463
1405.00	70	0.3991	-0.1150	0.8279
1406.00	70	0.2462	-0.1278	0.8342
1407.00	70	0.1511	-0.1372	0.8128
1408.00	70	-0.0582	-0.1438	0.8404
1409.00	70	-0.1017	-0.1788	0.8881
1410.00	70	-0.1098	-0.1846	0.7229
1411.00	70	-0.1118	-0.1860	0.6270
1412.00	70	-0.1126	-0.1860	0.5725
1413.00	70	-0.1136	-0.1854	0.4932
1414.00	70	-0.1137	-0.1844	0.4320
1415.00	70	-0.1135	-0.1841	0.4120
1416.00	70	-0.1126	-0.1825	0.3451
1417.00	70	-0.1122	-0.1819	0.3179
1418.00	70	-0.1118	-0.1809	0.2798
1419.00	70	-0.1959	-0.1921	0.0867
1420.00	71	0.8638	0.1313	0.6931
1421.00	71	0.8655	0.1320	0.8190
1422.00	71	0.8665	0.1104	0.8495
1423.00	71	0.6734	0.0683	0.8449
1424.00	71	0.5788	-0.1039	0.8452
1425.00	71	0.3986	-0.1152	0.8280
1426.00	71	0.2417	-0.1272	0.8341
1427.00	71	0.1510	-0.1373	0.8129
1428.00	71	-0.0551	-0.1434	0.8398
1429.00	71	-0.1010	-0.1785	0.8879
1430.00	71	-0.1105	-0.1853	0.6756
1431.00	71	-0.1110	-0.1856	0.6596
1432.00	71	-0.1119	-0.1860	0.6187
1433.00	71	-0.1136	-0.1854	0.4932
1434.00	71	-0.1137	-0.1845	0.4360
1435.00	71	-0.1135	-0.1839	0.4041
1436.00	71	-0.1133	-0.1836	0.3882
1437.00	71	-0.1118	-0.1810	0.2836
1438.00	71	-0.1113	-0.1800	0.2426
1439.00	71	-0.1959	-0.1921	0.0867
1440.00	72	0.8615	0.1309	0.6607
1441.00	72	0.8669	0.1324	0.8195
1442.00	72	0.8662	0.1099	0.8495
1443.00	72	0.6744	0.0786	0.8445
1444.00	72	0.5934	-0.1026	0.8469
1445.00	72	0.3982	-0.1154	0.8282
1446.00	72	0.2616	-0.1292	0.8343
1447.00	72	0.1510	-0.1373	0.8129
1448.00	72	-0.0530	-0.1432	0.8394
1449.00	72	-0.1036	-0.1795	0.8886
1450.00	72	-0.1105	-0.1853	0.6919
1451.00	72	-0.1112	-0.1857	0.6516
1452.00	72	-0.1120	-0.1860	0.6146
1453.00	72	-0.1127	-0.1860	0.5641
1454.00	72	-0.1136	-0.1855	0.4974
1455.00	72	-0.1134	-0.1837	0.3961
1456.00	72	-0.1129	-0.1829	0.3607
1457.00	72	-0.1122	-0.1819	0.3179
1458.00	72	-0.1113	-0.1798	0.2104
1459.00	72	-0.1959	-0.1921	0.0867
1460.00	73	0.8619	0.1310	0.6656
1461.00	73	0.8665	0.1323	0.8194
1462.00	73	0.8668	0.1109	0.8495
1463.00	73	0.6739	0.0743	0.8448
1464.00	73	0.5712	-0.1045	0.8445
1465.00	73	0.3986	-0.1152	0.8280
1466.00	73	0.2485	-0.1281	0.8343
1467.00	73	0.1514	-0.1369	0.8125
1468.00	73	-0.0591	-0.1439	0.8407
1469.00	73	-0.1035	-0.1795	0.8886
1470.00	73	-0.1100	-0.1848	0.7152
1471.00	73	-0.1119	-0.1864	0.6395
1472.00	73	-0.1123	-0.1860	0.5893
1473.00	73	-0.1135	-0.1856	0.5140
1474.00	73	-0.1137	-0.1853	0.4808
1475.00	73	-0.1133	-0.1836	0.3921
1476.00	73	-0.1126	-0.1825	0.3451
1477.00	73	-0.1116	-0.1807	0.2723
1478.00	73	-0.1114	-0.1802	0.2499
1479.00	73	-0.1959	-0.1921	0.0867
1480.00	74	0.8654	0.1315	0.7180
1481.00	74	0.8692	0.1331	0.8208
1482.00	74	0.8667	0.1106	0.8495
1483.00	74	0.6739	0.0743	0.8448
1484.00	74	0.5725	-0.1044	0.8446
1485.00	74	0.3981	-0.1154	0.8283
1486.00	74	0.2396	-0.1268	0.8340
1487.00	74	0.1507	-0.1376	0.8131
1488.00	74	-0.0541	-0.1433	0.8396
1489.00	74	-0.1027	-0.1792	0.8884
1490.00	74	-0.1103	-0.1851	0.6997
1491.00	74	-0.1112	-0.1857	0.6556
1492.00	74	-0.1119	-0.1859	0.6101
1493.00	74	-0.1136	-0.1854	0.4932
1494.00	74	-0.1137	-0.1851	0.4726
1495.00	74	-0.1135	-0.1840	0.4080
1496.00	74	-0.1126	-0.1825	0.3412
1497.00	74	-0.1116	-0.1807	0.2723
1498.00	74	-0.1116	-0.1805	0.2611
1499.00	74	-0.1959	-0.1921	0.0867
1500.00	75	0.8657	0.1316	0.7218
1501.00	75	0.8690	0.1331	0.8206
1502.00	75	0.8669	0.1111	0.8495
1503.00	75	0.6733	0.0671	0.8450
1504.00	75	0.5898	-0.1029	0.8464
1505.00	75	0.3996	-0.1147	0.8278
1506.00	75	0.2462	-0.1278	0.8342
1507.00	75	0.1513	-0.1370	0.8126
1508.00	75	-0.0624	-0.1444	0.8416
1509.00	75	-0.1018	-0.1789	0.8882
1510.00	75	-0.1104	-0.1853	0.6795
1511.00	75	-0.1122	-0.1860	0.5935
1512.00	75	-0.1127	-0.1860	0.5684
1513.00	75	-0.1133	-0.1857	0.5307
1514.00	75	-0.1137	-0.1853	0.4850
1515.00	75	-0.1135	-0.1839	0.4041
1516.00	75	-0.1131	-0.1832	0.3685
1517.00	75	-0.1121	-0.1816	0.3103
1518.00	75	-0.1114	-0.1797	0.1999
1519.00	75	-0.1959	-0.1921	0.0867
1520.00	76	0.8651	0.1315	0.7140
1521.00	76	0.8694	0.1332	0.8209
1522.00	76	0.8665	0.1104	0.8495
1523.00	76	0.6731	0.0631	0.8451
1524.00	76	0.5699	-0.1046	0.8444
1525.00	76	0.3980	-0.1155	0.8283
1526.00	76	0.2439	-0.1275	0.8341
1527.00	76	0.1512	-0.1371	0.8127
1528.00	76	-0.0541	-0.1433	0.8396
1529.00	76	-0.1018	-0.1789	0.8882
1530.00	76	-0.1110	-0.1856	0.6596
1531.00	76	-0.1122	-0.1860	0.5976
1532.00	76	-0.1123	-0.1860	0.5893
1533.00	76	-0.1135	-0.1855	0.5057
1534.00	76	-0.1136	-0.1844	0.4279
1535.00	76	-0.1137	-0.1843	0.4240
1536.00	76	-0.1125	-0.1824	0.3373
1537.00	76	-0.1116	-0.1805	0.2611
1538.00	76	-0.1113	-0.1800	0.2426
1539.00	76	-0.1959	-0.1921	0.0867
1540.00	77	0.8644	0.1314	0.7017
1541.00	77	0.8676	0.1326	0.8199
1542.00	77	0.8668	0.1109	0.8495
1543.00	77	0.6739	0.0743	0.8448
1544.00	77	0.5847	-0.1035	0.8458
1545.00	77	0.3977	-0.1156	0.8284
1546.00	77	0.2543	-0.1287	0.8344
1547.00	77	0.1498	-0.1387	0.8141
1548.00	77	-0.0610	-0.1442	0.8412
1549.00	77	-0.1023	-0.1791	0.8883
1550.00	77	-0.1113	-0.1858	0.6474
1551.00	77	-0.1112	-0.1858	0.6305
1552.00	77	-0.1133	-0.1857	0.5265
1553.00	77	-0.1131	-0.1858	0.5390
1554.00	77	-0.1138	-0.1848	0.4522
1555.00	77	-0.1133	-0.1836	0.3882
1556.00	77	-0.1125	-0.1822	0.3334
1557.00	77	-0.1117	-0.1808	0.2761
1558.00	77	-0.1114	-0.1799	0.2140
1559.00	77	-0.1959	-0.1921	0.0867
1560.00	78	0.8679	0.1319	0.7502
1561.00	78	0.8667	0.1324	0.8194
1562.00	78	0.8665	0.1103	0.8496
1563.00	78	0.6734	0.0696	0.8449
1564.00	78	0.5812	-0.1037	0.8455
1565.00	78	0.3983	-0.1153	0.8281
1566.00	78	0.2519	-0.1285	0.8344
1567.00	78	0.1505	-0.1379	0.8134
1568.00	78	-0.0596	-0.1440	0.8408
1569.00	78	-0.1027	-0.1792	0.8884
1570.00	78	-0.1104	-0.1852	0.6836
1571.00	78	-0.1120	-0.1860	0.6060
1572.00	78	-0.1123	-0.1860	0.5893
1573.00	78	-0.1132	-0.1858	0.5349
1574.00	78	-0.1137	-0.1843	0.4240
1575.00	78	-0.1128	-0.1828	0.3529
1576.00	78	-0.1122	-0.1819	0.3179
1577.00	78	-0.1118	-0.1809	0.2798
1578.00	78	-0.1113	-0.1797	0.2208
1579.00	78	-0.1959	-0.1921	0.0867
1580.00	79	0.8666	0.1317	0.7330
1581.00	79	0.8692	0.1331	0.8208
1582.00	79	0.8651	0.1088	0.8491
1583.00	79	0.6744	0.0786	0.8445
1584.00	79	0.5685	-0.1047	0.8444
1585.00	79	0.3984	-0.1153	0.8281
1586.00	79	0.2473	-0.1280	0.8343
1587.00	79	0.1504	-0.1380	0.8135
1588.00	79	-0.0624	-0.1444	0.8416
1589.00	79	-0.1047	-0.1798	0.8889
1590.00	79	-0.1114	-0.1858	0.6434
1591.00	79	-0.1120	-0.1860	0.6060
1592.00	79	-0.1129	-0.1859	0.5516
1593.00	79	-0.1133	-0.1857	0.5307
1594.00	79	-0.1135	-0.1841	0.4120
1595.00	79	-0.1132	-0.1834	0.3803
1596.00	79	-0.1125	-0.1822	0.3334
1597.00	79	-0.1115	-0.1803	0.2536
1598.00	79	-0.1113	-0.1798	0.2104
1599.00	79	-0.1959	-0.1921	0.0867
