0.00	0	0.9617	0.5784	0.8304
1.00	0	0.8242	0.5672	0.8307
2.00	0	0.7792	0.3864	0.8885
3.00	0	0.6437	0.1868	0.8332
4.00	0	0.4825	0.2209	0.8208
5.00	0	0.3007	0.2713	0.8028
6.00	0	0.1055	0.3231	0.8168
7.00	0	-0.0295	0.3324	0.8367
8.00	0	-0.0824	0.2854	0.8387
9.00	0	-0.0065	0.1326	0.8723
10.00	0	-0.0088	-0.0544	0.9067
11.00	0	-0.0074	-0.0531	0.9068
12.00	0	-0.0054	-0.0515	0.9051
13.00	0	-0.0036	-0.0501	0.8909
14.00	0	-0.0019	-0.0493	0.8550
15.00	0	-0.0001	-0.0483	0.8004
16.00	0	0.0017	-0.0470	0.7268
17.00	0	0.0035	-0.0455	0.6434
18.00	0	0.0050	-0.0427	0.5196
19.00	0	0.0292	-0.0106	0.1456
20.00	1	0.9602	0.5769	0.8300
21.00	1	0.8218	0.5673	0.8308
22.00	1	0.7767	0.3864	0.8884
23.00	1	0.6432	0.1876	0.8332
24.00	1	0.4827	0.2208	0.8195
25.00	1	0.3005	0.2709	0.8027
26.00	1	0.1045	0.3243	0.8163
27.00	1	-0.0326	0.3327	0.8365
28.00	1	-0.0824	0.2783	0.8382
29.00	1	-0.0064	0.1324	0.8715
30.00	1	-0.0093	-0.0548	0.9067
31.00	1	-0.0074	-0.0531	0.9068
32.00	1	-0.0049	-0.0510	0.9026
33.00	1	-0.0036	-0.0501	0.8909
34.00	1	-0.0016	-0.0491	0.8451
35.00	1	-0.0003	-0.0483	0.8038
36.00	1	0.0021	-0.0468	0.7107
37.00	1	0.0036	-0.0451	0.6140
38.00	1	0.0049	-0.0428	0.5239
39.00	1	0.0292	-0.0106	0.1456
40.00	2	0.9602	0.5769	0.8300
41.00	2	0.8242	0.5672	0.8307
42.00	2	0.7667	0.3863	0.8879
43.00	2	0.6432	0.1876	0.8332
44.00	2	0.4827	0.2207	0.8193
45.00	2	0.3005	0.2707	0.8027
46.00	2	0.1053	0.3234	0.8167
47.00	2	-0.0295	0.3324	0.8367
48.00	2	-0.0824	0.2854	0.8387
49.00	2	-0.0064	0.1324	0.8715
50.00	2	-0.0093	-0.0548	0.9067
51.00	2	-0.0063	-0.0522	0.9066
52.00	2	-0.0054	-0.0515	0.9051
53.00	2	-0.0036	-0.0501	0.8909
54.00	2	-0.0015	-0.0491	0.8425
55.00	2	-0.0003	-0.0483	0.8038
56.00	2	0.0017	-0.0470	0.7268
57.00	2	0.0035	-0.0455	0.6434
58.00	2	0.0047	-0.0432	0.5324
59.00	2	0.0292	-0.0106	0.1456
60.00	3	0.9617	0.5784	0.8304
61.00	3	0.8218	0.5673	0.8308
62.00	3	0.7792	0.3864	0.8885
63.00	3	0.6432	0.1876	0.8332
64.00	3	0.4823	0.2210	0.8219
65.00	3	0.3004	0.2704	0.8026
66.00	3	0.1038	0.3252	0.8158
67.00	3	-0.0316	0.3326	0.8366
68.00	3	-0.0823	0.2807	0.8384
69.00	3	-0.0064	0.1324	0.8715
70.00	3	-0.0093	-0.0548	0.9067
71.00	3	-0.0074	-0.0531	0.9068
72.00	3	-0.0051	-0.0512	0.9035
73.00	3	-0.0036	-0.0501	0.8909
74.00	3	-0.0010	-0.0488	0.8286
75.00	3	-0.0003	-0.0483	0.8038
76.00	3	0.0017	-0.0470	0.7268
77.00	3	0.0034	-0.0454	0.6310
78.00	3	0.0048	-0.0430	0.5281
79.00	3	0.0292	-0.0106	0.1456
80.00	4	0.9610	0.5776	0.8302
81.00	4	0.8242	0.5672	0.8307
82.00	4	0.7629	0.3862	0.8876
83.00	4	0.6434	0.1873	0.8332
84.00	4	0.4827	0.2207	0.8193
85.00	4	0.3004	0.2704	0.8026
86.00	4	0.1047	0.3241	0.8164
87.00	4	-0.0399	0.3336	0.8358
88.00	4	-0.0823	0.2707	0.8378
89.00	4	-0.0065	0.1328	0.8728
90.00	4	-0.0090	-0.0546	0.9067
91.00	4	-0.0064	-0.0523	0.9066
92.00	4	-0.0054	-0.0515	0.9051
93.00	4	-0.0038	-0.0502	0.8931
94.00	4	-0.0015	-0.0491	0.8425
95.00	4	0.0007	-0.0476	0.7689
96.00	4	0.0026	-0.0464	0.6860
97.00	4	0.0038	-0.0448	0.5969
98.00	4	0.0045	-0.0436	0.5453
99.00	4	0.0292	-0.0106	0.1456
100.00	5	0.9617	0.5784	0.8304
101.00	5	0.8242	0.5672	0.8307
102.00	5	0.7792	0.3864	0.8885
103.00	5	0.6437	0.1866	0.8333
104.00	5	0.4823	0.2210	0.8216
105.00	5	0.3006	0.2712	0.8028
106.00	5	0.1055	0.3231	0.8168
107.00	5	-0.0357	0.3333	0.8358
108.00	5	-0.0823	0.2720	0.8378
109.00	5	-0.0065	0.1326	0.8723
110.00	5	-0.0086	-0.0542	0.9068
111.00	5	-0.0069	-0.0527	0.9067
112.00	5	-0.0052	-0.0513	0.9042
113.00	5	-0.0038	-0.0502	0.8931
114.00	5	-0.0012	-0.0489	0.8344
115.00	5	-0.0003	-0.0483	0.8038
116.00	5	0.0017	-0.0470	0.7268
117.00	5	0.0033	-0.0455	0.6353
118.00	5	0.0045	-0.0437	0.5537
119.00	5	0.0292	-0.0106	0.1456
120.00	6	0.9600	0.5767	0.8300
121.00	6	0.8242	0.5672	0.8307
122.00	6	0.7730	0.3864	0.8882
123.00	6	0.6438	0.1865	0.8333
124.00	6	0.4825	0.2209	0.8206
125.00	6	0.3009	0.2720	0.8029
126.00	6	0.1036	0.3254	0.8157
127.00	6	-0.0419	0.3338	0.8356
128.00	6	-0.0824	0.2795	0.8383
129.00	6	-0.0068	0.1338	0.8768
130.00	6	-0.0086	-0.0542	0.9068
131.00	6	-0.0070	-0.0529	0.9068
132.00	6	-0.0048	-0.0509	0.9016
133.00	6	-0.0028	-0.0498	0.8786
134.00	6	-0.0017	-0.0492	0.8477
135.00	6	0.0005	-0.0478	0.7761
136.00	6	0.0017	-0.0470	0.7268
137.00	6	0.0037	-0.0450	0.6054
138.00	6	0.0045	-0.0437	0.5537
139.00	6	0.0292	-0.0106	0.1456
140.00	7	0.9602	0.5769	0.8300
141.00	7	0.8118	0.5674	0.8310
142.00	7	0.7591	0.3861	0.8873
143.00	7	0.6440	0.1861	0.8334
144.00	7	0.4823	0.2210	0.8219
145.00	7	0.3006	0.2711	0.8028
146.00	7	0.1055	0.3231	0.8168
147.00	7	-0.0447	0.3341	0.8354
148.00	7	-0.0823	0.2682	0.8376
149.00	7	-0.0064	0.1324	0.8715
150.00	7	-0.0089	-0.0545	0.9067
151.00	7	-0.0074	-0.0531	0.9068
152.00	7	-0.0048	-0.0509	0.9016
153.00	7	-0.0038	-0.0502	0.8931
154.00	7	-0.0006	-0.0486	0.8166
155.00	7	0.0011	-0.0473	0.7501
156.00	7	0.0025	-0.0464	0.6901
157.00	7	0.0035	-0.0453	0.6225
158.00	7	0.0055	-0.0418	0.4982
159.00	7	0.0292	-0.0106	0.1456
160.00	8	0.9617	0.5784	0.8304
161.00	8	0.8233	0.5672	0.8307
162.00	8	0.7591	0.3861	0.8873
163.00	8	0.6437	0.1867	0.8333
164.00	8	0.4826	0.2209	0.8203
165.00	8	0.3007	0.2713	0.8028
166.00	8	0.1027	0.3269	0.8150
167.00	8	-0.0409	0.3336	0.8357
168.00	8	-0.0824	0.2854	0.8387
169.00	8	-0.0070	0.1342	0.8784
170.00	8	-0.0091	-0.0546	0.9067
171.00	8	-0.0060	-0.0520	0.9063
172.00	8	-0.0041	-0.0504	0.8967
173.00	8	-0.0026	-0.0497	0.8734
174.00	8	-0.0010	-0.0488	0.8286
175.00	8	-0.0003	-0.0483	0.8038
176.00	8	0.0024	-0.0467	0.6779
177.00	8	0.0039	-0.0447	0.5883
178.00	8	0.0053	-0.0422	0.5068
179.00	8	0.0292	-0.0106	0.1456
180.00	9	0.9587	0.5755	0.8294
181.00	9	0.8140	0.5674	0.8310
182.00	9	0.7755	0.3864	0.8884
183.00	9	0.6434	0.1873	0.8332
184.00	9	0.4826	0.2209	0.8201
185.00	9	0.3004	0.2704	0.8026
186.00	9	0.1055	0.3231	0.8168
187.00	9	-0.0379	0.3334	0.8359
188.00	9	-0.0824	0.2770	0.8381
189.00	9	-0.0067	0.1334	0.8750
190.00	9	-0.0082	-0.0539	0.9068
191.00	9	-0.0069	-0.0528	0.9067
192.00	9	-0.0054	-0.0514	0.9048
193.00	9	-0.0030	-0.0499	0.8817
194.00	9	-0.0005	-0.0485	0.8134
195.00	9	0.0007	-0.0476	0.7652
196.00	9	0.0028	-0.0461	0.6610
197.00	9	0.0035	-0.0453	0.6225
198.00	9	0.0046	-0.0434	0.5410
199.00	9	0.0292	-0.0106	0.1456
200.00	10	0.9591	0.5759	0.8296
201.00	10	0.8187	0.5673	0.8309
202.00	10	0.7705	0.3863	0.8881
203.00	10	0.6436	0.1870	0.8332
204.00	10	0.4825	0.2209	0.8206
205.00	10	0.3010	0.2721	0.8029
206.00	10	0.1024	0.3273	0.8149
207.00	10	-0.0428	0.3339	0.8355
208.00	10	-0.0822	0.2657	0.8372
209.00	10	-0.0065	0.1330	0.8738
210.00	10	-0.0075	-0.0532	0.9068
211.00	10	-0.0057	-0.0517	0.9058
212.00	10	-0.0051	-0.0512	0.9035
213.00	10	-0.0026	-0.0497	0.8734
214.00	10	-0.0018	-0.0492	0.8502
215.00	10	0.0010	-0.0474	0.7540
216.00	10	0.0024	-0.0466	0.6984
217.00	10	0.0040	-0.0445	0.5797
218.00	10	0.0053	-0.0422	0.5068
219.00	10	0.0292	-0.0106	0.1456
220.00	11	0.9603	0.5771	0.8301
221.00	11	0.8140	0.5674	0.8310
222.00	11	0.7591	0.3861	0.8873
223.00	11	0.6436	0.1870	0.8332
224.00	11	0.4818	0.2209	0.8233
225.00	11	0.3005	0.2709	0.8027
226.00	11	0.1030	0.3264	0.8152
227.00	11	-0.0477	0.3344	0.8352
228.00	11	-0.0818	0.2602	0.8373
229.00	11	-0.0067	0.1335	0.8755
230.00	11	-0.0080	-0.0537	0.9068
231.00	11	-0.0069	-0.0528	0.9067
232.00	11	-0.0046	-0.0507	0.8998
233.00	11	-0.0023	-0.0495	0.8659
234.00	11	-0.0018	-0.0492	0.8502
235.00	11	0.0007	-0.0476	0.7652
236.00	11	0.0025	-0.0464	0.6901
237.00	11	0.0037	-0.0451	0.6097
238.00	11	0.0051	-0.0424	0.5111
239.00	11	0.0292	-0.0106	0.1456
240.00	12	0.9586	0.5753	0.8293
241.00	12	0.8209	0.5673	0.8308
242.00	12	0.7629	0.3862	0.8876
243.00	12	0.6439	0.1864	0.8334
244.00	12	0.4825	0.2209	0.8208
245.00	12	0.3011	0.2724	0.8029
246.00	12	0.1039	0.3250	0.8159
247.00	12	-0.0316	0.3326	0.8366
248.00	12	-0.0822	0.2657	0.8372
249.00	12	-0.0065	0.1326	0.8723
250.00	12	-0.0091	-0.0546	0.9067
251.00	12	-0.0064	-0.0523	0.9066
252.00	12	-0.0052	-0.0513	0.9039
253.00	12	-0.0035	-0.0501	0.8885
254.00	12	-0.0008	-0.0487	0.8227
255.00	12	0.0006	-0.0477	0.7725
256.00	12	0.0021	-0.0467	0.7066
257.00	12	0.0038	-0.0448	0.5925
258.00	12	0.0051	-0.0424	0.5111
259.00	12	0.0292	-0.0106	0.1456
260.00	13	0.9582	0.5750	0.8292
261.00	13	0.8171	0.5673	0.8309
262.00	13	0.7667	0.3863	0.8879
263.00	13	0.6440	0.1863	0.8334
264.00	13	0.4826	0.2209	0.8203
265.00	13	0.3008	0.2718	0.8028
266.00	13	0.1045	0.3243	0.8163
267.00	13	-0.0447	0.3341	0.8354
268.00	13	-0.0818	0.2576	0.8372
269.00	13	-0.0070	0.1342	0.8784
270.00	13	-0.0076	-0.0533	0.9068
271.00	13	-0.0063	-0.0522	0.9066
272.00	13	-0.0051	-0.0512	0.9035
273.00	13	-0.0027	-0.0498	0.8769
274.00	13	-0.0004	-0.0484	0.8070
275.00	13	0.0006	-0.0477	0.7725
276.00	13	0.0033	-0.0456	0.6395
277.00	13	0.0039	-0.0447	0.5883
278.00	13	0.0047	-0.0433	0.5367
279.00	13	0.0292	-0.0106	0.1456
280.00	14	0.9603	0.5771	0.8301
281.00	14	0.8202	0.5673	0.8308
282.00	14	0.7540	0.3860	0.8868
283.00	14	0.6438	0.1865	0.8333
284.00	14	0.4818	0.2209	0.8233
285.00	14	0.3006	0.2711	0.8028
286.00	14	0.1034	0.3257	0.8156
287.00	14	-0.0379	0.3334	0.8359
288.00	14	-0.0824	0.2770	0.8381
289.00	14	-0.0070	0.1344	0.8792
290.00	14	-0.0075	-0.0532	0.9068
291.00	14	-0.0053	-0.0514	0.9045
292.00	14	-0.0040	-0.0503	0.8959
293.00	14	-0.0021	-0.0495	0.8617
294.00	14	-0.0015	-0.0491	0.8425
295.00	14	0.0002	-0.0480	0.7867
296.00	14	0.0026	-0.0463	0.6736
297.00	14	0.0038	-0.0448	0.5969
298.00	14	0.0060	-0.0411	0.4812
299.00	14	0.0292	-0.0106	0.1456
300.00	15	0.9582	0.5750	0.8292
301.00	15	0.8111	0.5674	0.8310
302.00	15	0.7730	0.3864	0.8882
303.00	15	0.6443	0.1857	0.8336
304.00	15	0.4817	0.2209	0.8234
305.00	15	0.3009	0.2720	0.8029
306.00	15	0.1016	0.3286	0.8145
307.00	15	-0.0447	0.3341	0.8354
308.00	15	-0.0817	0.2562	0.8371
309.00	15	-0.0071	0.1346	0.8800
310.00	15	-0.0069	-0.0528	0.9067
311.00	15	-0.0060	-0.0520	0.9062
312.00	15	-0.0039	-0.0503	0.8950
313.00	15	-0.0026	-0.0497	0.8734
314.00	15	-0.0012	-0.0489	0.8344
315.00	15	0.0005	-0.0478	0.7761
316.00	15	0.0033	-0.0455	0.6353
317.00	15	0.0042	-0.0441	0.5625
318.00	15	0.0048	-0.0430	0.5281
319.00	15	0.0292	-0.0106	0.1456
320.00	16	0.9584	0.5751	0.8293
321.00	16	0.8059	0.5674	0.8311
322.00	16	0.7540	0.3860	0.8868
323.00	16	0.6440	0.1863	0.8334
324.00	16	0.4824	0.2209	0.8212
325.00	16	0.3007	0.2716	0.8028
326.00	16	0.1023	0.3275	0.8148
327.00	16	-0.0447	0.3341	0.8354
328.00	16	-0.0823	0.2667	0.8372
329.00	16	-0.0068	0.1336	0.8764
330.00	16	-0.0075	-0.0532	0.9068
331.00	16	-0.0059	-0.0519	0.9061
332.00	16	-0.0039	-0.0503	0.8950
333.00	16	-0.0025	-0.0497	0.8717
334.00	16	-0.0010	-0.0488	0.8286
335.00	16	0.0019	-0.0468	0.7188
336.00	16	0.0026	-0.0463	0.6736
337.00	16	0.0040	-0.0444	0.5754
338.00	16	0.0051	-0.0425	0.5153
339.00	16	0.0292	-0.0106	0.1456
340.00	17	0.9573	0.5742	0.8288
341.00	17	0.8059	0.5674	0.8311
342.00	17	0.7654	0.3862	0.8878
343.00	17	0.6444	0.1856	0.8336
344.00	17	0.4825	0.2209	0.8210
345.00	17	0.3009	0.2720	0.8029
346.00	17	0.1031	0.3262	0.8153
347.00	17	-0.0428	0.3339	0.8355
348.00	17	-0.0824	0.2770	0.8381
349.00	17	-0.0068	0.1336	0.8764
350.00	17	-0.0082	-0.0539	0.9068
351.00	17	-0.0063	-0.0522	0.9066
352.00	17	-0.0037	-0.0502	0.8920
353.00	17	-0.0029	-0.0498	0.8801
354.00	17	-0.0009	-0.0488	0.8257
355.00	17	0.0008	-0.0475	0.7615
356.00	17	0.0029	-0.0460	0.6568
357.00	17	0.0042	-0.0441	0.5668
358.00	17	0.0053	-0.0422	0.5068
359.00	17	0.0292	-0.0106	0.1456
360.00	18	0.9597	0.5764	0.8298
361.00	18	0.8052	0.5674	0.8311
362.00	18	0.7629	0.3862	0.8876
363.00	18	0.6445	0.1855	0.8337
364.00	18	0.4818	0.2209	0.8233
365.00	18	0.3015	0.2730	0.8029
366.00	18	0.1012	0.3293	0.8143
367.00	18	-0.0485	0.3345	0.8351
368.00	18	-0.0817	0.2562	0.8371
369.00	18	-0.0072	0.1348	0.8808
370.00	18	-0.0067	-0.0526	0.9067
371.00	18	-0.0055	-0.0516	0.9054
372.00	18	-0.0039	-0.0503	0.8950
373.00	18	-0.0022	-0.0495	0.8638
374.00	18	-0.0010	-0.0488	0.8286
375.00	18	0.0017	-0.0470	0.7268
376.00	18	0.0027	-0.0463	0.6818
377.00	18	0.0044	-0.0438	0.5580
378.00	18	0.0059	-0.0413	0.4855
379.00	18	0.0292	-0.0106	0.1456
380.00	19	0.9579	0.5747	0.8291
381.00	19	0.8052	0.5674	0.8311
382.00	19	0.7489	0.3858	0.8863
383.00	19	0.6442	0.1849	0.8341
384.00	19	0.4819	0.2209	0.8231
385.00	19	0.3007	0.2714	0.8028
386.00	19	0.1015	0.3289	0.8144
387.00	19	-0.0545	0.3354	0.8349
388.00	19	-0.0818	0.2576	0.8372
389.00	19	-0.0067	0.1335	0.8759
390.00	19	-0.0077	-0.0534	0.9068
391.00	19	-0.0060	-0.0520	0.9063
392.00	19	-0.0040	-0.0503	0.8959
393.00	19	-0.0015	-0.0491	0.8425
394.00	19	0.0005	-0.0478	0.7761
395.00	19	0.0017	-0.0470	0.7268
396.00	19	0.0028	-0.0461	0.6610
397.00	19	0.0048	-0.0430	0.5281
398.00	19	0.0053	-0.0422	0.5068
399.00	19	0.0292	-0.0106	0.1456
400.00	20	0.9590	0.5757	0.8295
401.00	20	0.8125	0.5674	0.8310
402.00	20	0.7502	0.3858	0.8864
403.00	20	0.6440	0.1863	0.8334
404.00	20	0.4822	0.2210	0.8221
405.00	20	0.3012	0.2725	0.8029
406.00	20	0.1030	0.3264	0.8152
407.00	20	-0.0526	0.3352	0.8349
408.00	20	-0.0814	0.2483	0.8366
409.00	20	-0.0070	0.1344	0.8792
410.00	20	-0.0083	-0.0540	0.9068
411.00	20	-0.0056	-0.0517	0.9056
412.00	20	-0.0033	-0.0500	0.8859
413.00	20	-0.0014	-0.0490	0.8399
414.00	20	-0.0010	-0.0488	0.8286
415.00	20	0.0014	-0.0471	0.7386
416.00	20	0.0033	-0.0455	0.6353
417.00	20	0.0039	-0.0447	0.5883
418.00	20	0.0068	-0.0397	0.4556
419.00	20	0.0292	-0.0106	0.1456
420.00	21	0.9582	0.5750	0.8292
421.00	21	0.8095	0.5674	0.8311
422.00	21	0.7414	0.3856	0.8853
423.00	21	0.6445	0.1854	0.8337
424.00	21	0.4813	0.2209	0.8242
425.00	21	0.3012	0.2726	0.8029
426.00	21	0.1011	0.3295	0.8142
427.00	21	-0.0581	0.3358	0.8347
428.00	21	-0.0815	0.2523	0.8368
429.00	21	-0.0076	0.1354	0.8829
430.00	21	-0.0081	-0.0538	0.9068
431.00	21	-0.0060	-0.0520	0.9062
432.00	21	-0.0036	-0.0501	0.8897
433.00	21	-0.0021	-0.0495	0.8617
434.00	21	0.0002	-0.0480	0.7867
435.00	21	0.0009	-0.0474	0.7577
436.00	21	0.0027	-0.0461	0.6652
437.00	21	0.0042	-0.0441	0.5668
438.00	21	0.0060	-0.0411	0.4812
439.00	21	0.0292	-0.0106	0.1456
440.00	22	0.9586	0.5753	0.8293
441.00	22	0.8059	0.5674	0.8311
442.00	22	0.7514	0.3859	0.8866
443.00	22	0.6444	0.1856	0.8336
444.00	22	0.4808	0.2208	0.8249
445.00	22	0.3013	0.2727	0.8029
446.00	22	0.1024	0.3273	0.8149
447.00	22	-0.0498	0.3348	0.8351
448.00	22	-0.0815	0.2509	0.8368
449.00	22	-0.0068	0.1338	0.8768
450.00	22	-0.0080	-0.0537	0.9068
451.00	22	-0.0058	-0.0518	0.9060
452.00	22	-0.0029	-0.0498	0.8801
453.00	22	-0.0020	-0.0494	0.8573
454.00	22	0.0007	-0.0476	0.7689
455.00	22	0.0013	-0.0472	0.7425
456.00	22	0.0037	-0.0451	0.6097
457.00	22	0.0046	-0.0434	0.5410
458.00	22	0.0068	-0.0397	0.4556
459.00	22	0.0292	-0.0106	0.1456
460.00	23	0.9575	0.5743	0.8289
461.00	23	0.8088	0.5674	0.8311
462.00	23	0.7514	0.3859	0.8866
463.00	23	0.6445	0.1854	0.8337
464.00	23	0.4821	0.2210	0.8222
465.00	23	0.3010	0.2722	0.8029
466.00	23	0.1015	0.3289	0.8144
467.00	23	-0.0507	0.3349	0.8351
468.00	23	-0.0818	0.2589	0.8373
469.00	23	-0.0069	0.1340	0.8776
470.00	23	-0.0080	-0.0537	0.9068
471.00	23	-0.0048	-0.0509	0.9016
472.00	23	-0.0041	-0.0504	0.8967
473.00	23	-0.0025	-0.0497	0.8717
474.00	23	0.0003	-0.0479	0.7832
475.00	23	0.0010	-0.0474	0.7540
476.00	23	0.0037	-0.0451	0.6097
477.00	23	0.0045	-0.0436	0.5453
478.00	23	0.0060	-0.0411	0.4812
479.00	23	0.0292	-0.0106	0.1456
480.00	24	0.9588	0.5756	0.8295
481.00	24	0.8118	0.5674	0.8310
482.00	24	0.7616	0.3862	0.8875
483.00	24	0.6431	0.1846	0.8343
484.00	24	0.4821	0.2210	0.8224
485.00	24	0.3013	0.2728	0.8029
486.00	24	0.1008	0.3300	0.8141
487.00	24	-0.0563	0.3356	0.8347
488.00	24	-0.0813	0.2470	0.8366
489.00	24	-0.0080	0.1357	0.8846
490.00	24	-0.0066	-0.0525	0.9067
491.00	24	-0.0054	-0.0515	0.9051
492.00	24	-0.0031	-0.0499	0.8832
493.00	24	-0.0013	-0.0489	0.8371
494.00	24	-0.0007	-0.0486	0.8197
495.00	24	0.0011	-0.0473	0.7501
496.00	24	0.0037	-0.0450	0.6054
497.00	24	0.0051	-0.0424	0.5111
498.00	24	0.0066	-0.0402	0.4640
499.00	24	0.0292	-0.0106	0.1456
500.00	25	0.9571	0.5739	0.8288
501.00	25	0.8038	0.5674	0.8311
502.00	25	0.7565	0.3861	0.8871
503.00	25	0.6436	0.1847	0.8342
504.00	25	0.4817	0.2209	0.8234
505.00	25	0.3013	0.2728	0.8029
506.00	25	0.1008	0.3300	0.8141
507.00	25	-0.0581	0.3358	0.8347
508.00	25	-0.0818	0.2589	0.8373
509.00	25	-0.0070	0.1342	0.8784
510.00	25	-0.0071	-0.0530	0.9068
511.00	25	-0.0047	-0.0508	0.9004
512.00	25	-0.0027	-0.0498	0.8769
513.00	25	-0.0009	-0.0488	0.8257
514.00	25	0.0001	-0.0481	0.7936
515.00	25	0.0014	-0.0471	0.7386
516.00	25	0.0033	-0.0455	0.6353
517.00	25	0.0045	-0.0436	0.5494
518.00	25	0.0063	-0.0407	0.4727
519.00	25	0.0292	-0.0106	0.1456
520.00	26	0.9566	0.5735	0.8285
521.00	26	0.8066	0.5674	0.8311
522.00	26	0.7489	0.3858	0.8863
523.00	26	0.6444	0.1851	0.8339
524.00	26	0.4819	0.2209	0.8229
525.00	26	0.3012	0.2725	0.8029
526.00	26	0.1011	0.3295	0.8142
527.00	26	-0.0599	0.3361	0.8345
528.00	26	-0.0818	0.2602	0.8373
529.00	26	-0.0070	0.1342	0.8784
530.00	26	-0.0067	-0.0526	0.9067
531.00	26	-0.0056	-0.0517	0.9056
532.00	26	-0.0039	-0.0503	0.8950
533.00	26	-0.0015	-0.0491	0.8425
534.00	26	0.0007	-0.0476	0.7689
535.00	26	0.0025	-0.0464	0.6901
536.00	26	0.0039	-0.0447	0.5883
537.00	26	0.0053	-0.0422	0.5068
538.00	26	0.0066	-0.0402	0.4640
539.00	26	0.0292	-0.0106	0.1456
540.00	27	0.9573	0.5742	0.8288
541.00	27	0.8059	0.5674	0.8311
542.00	27	0.7389	0.3855	0.8849
543.00	27	0.6419	0.1845	0.8346
544.00	27	0.4811	0.2209	0.8245
545.00	27	0.3017	0.2735	0.8030
546.00	27	0.1020	0.3280	0.8147
547.00	27	-0.0507	0.3349	0.8351
548.00	27	-0.0813	0.2470	0.8366
549.00	27	-0.0081	0.1358	0.8849
550.00	27	-0.0071	-0.0530	0.9068
551.00	27	-0.0046	-0.0507	0.8998
552.00	27	-0.0039	-0.0503	0.8940
553.00	27	-0.0014	-0.0490	0.8399
554.00	27	0.0011	-0.0473	0.7501
555.00	27	0.0027	-0.0463	0.6818
556.00	27	0.0037	-0.0450	0.6054
557.00	27	0.0049	-0.0428	0.5239
558.00	27	0.0060	-0.0411	0.4812
559.00	27	0.0292	-0.0106	0.1456
560.00	28	0.9568	0.5737	0.8286
561.00	28	0.8073	0.5674	0.8311
562.00	28	0.7489	0.3858	0.8863
563.00	28	0.6423	0.1845	0.8345
564.00	28	0.4812	0.2209	0.8244
565.00	28	0.3021	0.2741	0.8030
566.00	28	0.1023	0.3275	0.8148
567.00	28	-0.0642	0.3366	0.8345
568.00	28	-0.0817	0.2562	0.8371
569.00	28	-0.0083	0.1359	0.8855
570.00	28	-0.0064	-0.0523	0.9066
571.00	28	-0.0050	-0.0511	0.9031
572.00	28	-0.0026	-0.0498	0.8752
573.00	28	-0.0023	-0.0495	0.8659
574.00	28	-0.0003	-0.0483	0.8038
575.00	28	0.0026	-0.0464	0.6860
576.00	28	0.0037	-0.0451	0.6097
577.00	28	0.0049	-0.0428	0.5239
578.00	28	0.0073	-0.0389	0.4386
579.00	28	0.0292	-0.0106	0.1456
580.00	29	0.9580	0.5749	0.8292
581.00	29	0.8018	0.5674	0.8310
582.00	29	0.7477	0.3858	0.8861
583.00	29	0.6413	0.1845	0.8347
584.00	29	0.4811	0.2209	0.8245
585.00	29	0.3022	0.2742	0.8030
586.00	29	0.1021	0.3278	0.8147
587.00	29	-0.0526	0.3352	0.8349
588.00	29	-0.0813	0.2470	0.8366
589.00	29	-0.0073	0.1350	0.8815
590.00	29	-0.0069	-0.0527	0.9067
591.00	29	-0.0048	-0.0510	0.9021
592.00	29	-0.0024	-0.0496	0.8679
593.00	29	-0.0015	-0.0491	0.8425
594.00	29	-0.0003	-0.0483	0.8038
595.00	29	0.0018	-0.0469	0.7228
596.00	29	0.0036	-0.0451	0.6140
597.00	29	0.0053	-0.0422	0.5068
598.00	29	0.0075	-0.0387	0.4344
599.00	29	0.0292	-0.0106	0.1456
600.00	30	0.9558	0.5729	0.8282
601.00	30	0.7970	0.5674	0.8308
602.00	30	0.7377	0.3854	0.8847
603.00	30	0.6410	0.1845	0.8348
604.00	30	0.4801	0.2208	0.8256
605.00	30	0.3016	0.2732	0.8029
606.00	30	0.1012	0.3293	0.8143
607.00	30	-0.0507	0.3349	0.8351
608.00	30	-0.0813	0.2457	0.8365
609.00	30	-0.0081	0.1358	0.8849
610.00	30	-0.0057	-0.0517	0.9058
611.00	30	-0.0048	-0.0510	0.9021
612.00	30	-0.0033	-0.0500	0.8859
613.00	30	-0.0018	-0.0492	0.8502
614.00	30	0.0013	-0.0472	0.7425
615.00	30	0.0026	-0.0464	0.6860
616.00	30	0.0042	-0.0441	0.5625
617.00	30	0.0060	-0.0411	0.4812
618.00	30	0.0075	-0.0387	0.4344
619.00	30	0.0292	-0.0106	0.1456
620.00	31	0.9579	0.5747	0.8291
621.00	31	0.7954	0.5674	0.8306
622.00	31	0.7439	0.3857	0.8857
623.00	31	0.6443	0.1850	0.8340
624.00	31	0.4814	0.2209	0.8241
625.00	31	0.3022	0.2742	0.8030
626.00	31	0.1006	0.3306	0.8139
627.00	31	-0.0545	0.3354	0.8349
628.00	31	-0.0806	0.2365	0.8357
629.00	31	-0.0082	0.1358	0.8852
630.00	31	-0.0060	-0.0520	0.9062
631.00	31	-0.0045	-0.0507	0.8991
632.00	31	-0.0025	-0.0497	0.8717
633.00	31	-0.0020	-0.0494	0.8595
634.00	31	0.0013	-0.0472	0.7425
635.00	31	0.0024	-0.0467	0.6779
636.00	31	0.0036	-0.0452	0.6183
637.00	31	0.0053	-0.0422	0.5068
638.00	31	0.0068	-0.0397	0.4556
639.00	31	0.0292	-0.0106	0.1456
640.00	32	0.9573	0.5742	0.8288
641.00	32	0.8004	0.5674	0.8309
642.00	32	0.7377	0.3854	0.8847
643.00	32	0.6398	0.1845	0.8350
644.00	32	0.4814	0.2209	0.8241
645.00	32	0.3023	0.2745	0.8030
646.00	32	0.1014	0.3291	0.8143
647.00	32	-0.0680	0.3373	0.8346
648.00	32	-0.0816	0.2536	0.8369
649.00	32	-0.0082	0.1358	0.8852
650.00	32	-0.0066	-0.0525	0.9067
651.00	32	-0.0047	-0.0508	0.9004
652.00	32	-0.0028	-0.0498	0.8786
653.00	32	-0.0008	-0.0487	0.8227
654.00	32	0.0002	-0.0480	0.7902
655.00	32	0.0027	-0.0463	0.6818
656.00	32	0.0034	-0.0454	0.6268
657.00	32	0.0051	-0.0425	0.5153
658.00	32	0.0082	-0.0373	0.4093
659.00	32	0.0292	-0.0106	0.1456
660.00	33	0.9565	0.5734	0.8284
661.00	33	0.7948	0.5673	0.8306
662.00	33	0.7352	0.3853	0.8843
663.00	33	0.6385	0.1847	0.8351
664.00	33	0.4796	0.2207	0.8261
665.00	33	0.3020	0.2740	0.8030
666.00	33	0.1012	0.3293	0.8143
667.00	33	-0.0599	0.3361	0.8345
668.00	33	-0.0813	0.2457	0.8365
669.00	33	-0.0088	0.1361	0.8869
670.00	33	-0.0069	-0.0527	0.9067
671.00	33	-0.0037	-0.0502	0.8920
672.00	33	-0.0032	-0.0499	0.8846
673.00	33	-0.0006	-0.0486	0.8166
674.00	33	0.0016	-0.0470	0.7307
675.00	33	0.0024	-0.0466	0.6984
676.00	33	0.0045	-0.0436	0.5494
677.00	33	0.0051	-0.0425	0.5153
678.00	33	0.0083	-0.0371	0.4051
679.00	33	0.0292	-0.0106	0.1456
680.00	34	0.9557	0.5728	0.8281
681.00	34	0.8018	0.5674	0.8310
682.00	34	0.7256	0.3848	0.8827
683.00	34	0.6394	0.1846	0.8350
684.00	34	0.4795	0.2207	0.8262
685.00	34	0.3018	0.2737	0.8030
686.00	34	0.1008	0.3300	0.8141
687.00	34	-0.0651	0.3369	0.8346
688.00	34	-0.0802	0.2327	0.8355
689.00	34	-0.0087	0.1361	0.8866
690.00	34	-0.0060	-0.0520	0.9062
691.00	34	-0.0045	-0.0507	0.8991
692.00	34	-0.0027	-0.0498	0.8769
693.00	34	-0.0010	-0.0488	0.8286
694.00	34	0.0018	-0.0469	0.7228
695.00	34	0.0026	-0.0463	0.6736
696.00	34	0.0042	-0.0441	0.5625
697.00	34	0.0047	-0.0433	0.5367
698.00	34	0.0072	-0.0391	0.4429
699.00	34	0.0292	-0.0106	0.1456
700.00	35	0.9568	0.5737	0.8286
701.00	35	0.7939	0.5673	0.8304
702.00	35	0.7244	0.3847	0.8825
703.00	35	0.6398	0.1845	0.8350
704.00	35	0.4800	0.2207	0.8257
705.00	35	0.3024	0.2746	0.8030
706.00	35	0.1006	0.3304	0.8140
707.00	35	-0.0591	0.3359	0.8347
708.00	35	-0.0811	0.2430	0.8363
709.00	35	-0.0089	0.1361	0.8872
710.00	35	-0.0054	-0.0515	0.9051
711.00	35	-0.0037	-0.0502	0.8920
712.00	35	-0.0032	-0.0499	0.8846
713.00	35	-0.0004	-0.0484	0.8070
714.00	35	0.0007	-0.0476	0.7652
715.00	35	0.0024	-0.0465	0.6942
716.00	35	0.0039	-0.0447	0.5883
717.00	35	0.0047	-0.0433	0.5367
718.00	35	0.0077	-0.0382	0.4260
719.00	35	0.0292	-0.0106	0.1456
720.00	36	0.9572	0.5740	0.8288
721.00	36	0.8045	0.5674	0.8311
722.00	36	0.7389	0.3855	0.8849
723.00	36	0.6385	0.1847	0.8351
724.00	36	0.4813	0.2209	0.8242
725.00	36	0.3024	0.2746	0.8029
726.00	36	0.1007	0.3302	0.8140
727.00	36	-0.0616	0.3363	0.8345
728.00	36	-0.0811	0.2430	0.8363
729.00	36	-0.0086	0.1360	0.8863
730.00	36	-0.0066	-0.0525	0.9067
731.00	36	-0.0046	-0.0507	0.8998
732.00	36	-0.0027	-0.0498	0.8769
733.00	36	-0.0001	-0.0483	0.8004
734.00	36	0.0005	-0.0478	0.7761
735.00	36	0.0034	-0.0454	0.6310
736.00	36	0.0039	-0.0446	0.5840
737.00	36	0.0063	-0.0405	0.4684
738.00	36	0.0082	-0.0373	0.4093
739.00	36	0.0292	-0.0106	0.1456
740.00	37	0.9568	0.5737	0.8286
741.00	37	0.8031	0.5674	0.8311
742.00	37	0.7232	0.3847	0.8823
743.00	37	0.6416	0.1845	0.8346
744.00	37	0.4794	0.2207	0.8263
745.00	37	0.3021	0.2741	0.8030
746.00	37	0.1005	0.3308	0.8139
747.00	37	-0.0700	0.3376	0.8347
748.00	37	-0.0810	0.2418	0.8362
749.00	37	-0.0081	0.1358	0.8849
750.00	37	-0.0063	-0.0522	0.9066
751.00	37	-0.0036	-0.0501	0.8897
752.00	37	-0.0026	-0.0497	0.8734
753.00	37	-0.0014	-0.0490	0.8399
754.00	37	0.0019	-0.0468	0.7188
755.00	37	0.0027	-0.0461	0.6652
756.00	37	0.0038	-0.0448	0.5925
757.00	37	0.0063	-0.0405	0.4684
758.00	37	0.0083	-0.0371	0.4051
759.00	37	0.0292	-0.0106	0.1456
760.00	38	0.9571	0.5739	0.8288
761.00	38	0.7990	0.5674	0.8309
762.00	38	0.7340	0.3852	0.8841
763.00	38	0.6419	0.1845	0.8346
764.00	38	0.4808	0.2208	0.8249
765.00	38	0.3024	0.2746	0.8029
766.00	38	0.1003	0.3313	0.8138
767.00	38	-0.0624	0.3364	0.8344
768.00	38	-0.0798	0.2277	0.8351
769.00	38	-0.0082	0.1358	0.8852
770.00	38	-0.0060	-0.0520	0.9063
771.00	38	-0.0039	-0.0503	0.8940
772.00	38	-0.0028	-0.0498	0.8786
773.00	38	-0.0009	-0.0488	0.8257
774.00	38	0.0007	-0.0476	0.7652
775.00	38	0.0028	-0.0461	0.6610
776.00	38	0.0046	-0.0434	0.5410
777.00	38	0.0057	-0.0415	0.4897
778.00	38	0.0076	-0.0384	0.4302
779.00	38	0.0292	-0.0106	0.1456
780.00	39	0.9556	0.5727	0.8281
781.00	39	0.7954	0.5674	0.8306
782.00	39	0.7427	0.3856	0.8855
783.00	39	0.6423	0.1845	0.8345
784.00	39	0.4791	0.2207	0.8267
785.00	39	0.3020	0.2741	0.8030
786.00	39	0.1002	0.3314	0.8138
787.00	39	-0.0634	0.3365	0.8345
788.00	39	-0.0804	0.2352	0.8356
789.00	39	-0.0089	0.1361	0.8872
790.00	39	-0.0060	-0.0520	0.9062
791.00	39	-0.0046	-0.0507	0.8998
792.00	39	-0.0020	-0.0494	0.8573
793.00	39	0.0003	-0.0479	0.7832
794.00	39	0.0007	-0.0476	0.7652
795.00	39	0.0027	-0.0462	0.6694
796.00	39	0.0045	-0.0436	0.5453
797.00	39	0.0063	-0.0407	0.4727
798.00	39	0.0077	-0.0382	0.4260
799.00	39	0.0292	-0.0106	0.1456
800.00	40	0.9554	0.5726	0.8280
801.00	40	0.7990	0.5674	0.8309
802.00	40	0.7328	0.3852	0.8839
803.00	40	0.6429	0.1845	0.8344
804.00	40	0.4797	0.2207	0.8260
805.00	40	0.3018	0.2736	0.8030
806.00	40	0.0999	0.3320	0.8136
807.00	40	-0.0680	0.3373	0.8346
808.00	40	-0.0795	0.2240	0.8348
809.00	40	-0.0082	0.1358	0.8852
810.00	40	-0.0051	-0.0512	0.9035
811.00	40	-0.0047	-0.0508	0.9004
812.00	40	-0.0027	-0.0498	0.8769
813.00	40	0.0002	-0.0480	0.7867
814.00	40	0.0012	-0.0473	0.7464
815.00	40	0.0026	-0.0464	0.6860
816.00	40	0.0050	-0.0427	0.5196
817.00	40	0.0055	-0.0418	0.4982
818.00	40	0.0081	-0.0375	0.4135
819.00	40	0.0292	-0.0106	0.1456
820.00	41	0.9549	0.5722	0.8278
821.00	41	0.7983	0.5674	0.8309
822.00	41	0.7389	0.3855	0.8849
823.00	41	0.6339	0.1850	0.8357
824.00	41	0.4798	0.2207	0.8259
825.00	41	0.3024	0.2746	0.8030
826.00	41	0.1003	0.3313	0.8138
827.00	41	-0.0607	0.3362	0.8345
828.00	41	-0.0813	0.2457	0.8365
829.00	41	-0.0092	0.1355	0.8888
830.00	41	-0.0056	-0.0517	0.9056
831.00	41	-0.0035	-0.0501	0.8885
832.00	41	-0.0014	-0.0490	0.8399
833.00	41	-0.0012	-0.0489	0.8344
834.00	41	0.0012	-0.0473	0.7464
835.00	41	0.0030	-0.0458	0.6483
836.00	41	0.0045	-0.0436	0.5494
837.00	41	0.0071	-0.0393	0.4471
838.00	41	0.0084	-0.0369	0.4010
839.00	41	0.0292	-0.0106	0.1456
840.00	42	0.9556	0.5727	0.8281
841.00	42	0.7997	0.5674	0.8309
842.00	42	0.7340	0.3852	0.8841
843.00	42	0.6345	0.1850	0.8356
844.00	42	0.4793	0.2207	0.8265
845.00	42	0.3025	0.2747	0.8030
846.00	42	0.1007	0.3302	0.8140
847.00	42	-0.0634	0.3365	0.8345
848.00	42	-0.0812	0.2444	0.8364
849.00	42	-0.0091	0.1358	0.8884
850.00	42	-0.0057	-0.0517	0.9058
851.00	42	-0.0038	-0.0502	0.8931
852.00	42	-0.0020	-0.0494	0.8595
853.00	42	-0.0010	-0.0488	0.8286
854.00	42	0.0021	-0.0467	0.7066
855.00	42	0.0027	-0.0463	0.6818
856.00	42	0.0047	-0.0432	0.5324
857.00	42	0.0063	-0.0405	0.4684
858.00	42	0.0094	-0.0348	0.3602
859.00	42	0.0292	-0.0106	0.1456
860.00	43	0.9548	0.5722	0.8278
861.00	43	0.7997	0.5674	0.8309
862.00	43	0.7316	0.3851	0.8837
863.00	43	0.6416	0.1845	0.8346
864.00	43	0.4790	0.2207	0.8267
865.00	43	0.3019	0.2738	0.8030
866.00	43	0.0996	0.3328	0.8136
867.00	43	-0.0624	0.3364	0.8344
868.00	43	-0.0806	0.2390	0.8359
869.00	43	-0.0081	0.1358	0.8849
870.00	43	-0.0049	-0.0510	0.9026
871.00	43	-0.0044	-0.0506	0.8984
872.00	43	-0.0021	-0.0495	0.8617
873.00	43	-0.0001	-0.0483	0.8004
874.00	43	0.0012	-0.0473	0.7464
875.00	43	0.0029	-0.0459	0.6525
876.00	43	0.0053	-0.0422	0.5068
877.00	43	0.0057	-0.0415	0.4897
878.00	43	0.0096	-0.0345	0.3562
879.00	43	0.0292	-0.0106	0.1456
880.00	44	0.9558	0.5729	0.8282
881.00	44	0.7910	0.5671	0.8297
882.00	44	0.7185	0.3844	0.8815
883.00	44	0.6352	0.1849	0.8355
884.00	44	0.4790	0.2207	0.8267
885.00	44	0.3020	0.2740	0.8030
886.00	44	0.1001	0.3316	0.8137
887.00	44	-0.0693	0.3375	0.8346
888.00	44	-0.0800	0.2290	0.8352
889.00	44	-0.0089	0.1361	0.8872
890.00	44	-0.0057	-0.0517	0.9058
891.00	44	-0.0038	-0.0502	0.8931
892.00	44	-0.0025	-0.0497	0.8717
893.00	44	-0.0001	-0.0483	0.8004
894.00	44	0.0011	-0.0473	0.7501
895.00	44	0.0038	-0.0448	0.5925
896.00	44	0.0041	-0.0443	0.5711
897.00	44	0.0061	-0.0409	0.4770
898.00	44	0.0084	-0.0369	0.4010
899.00	44	0.0292	-0.0106	0.1456
900.00	45	0.9543	0.5718	0.8276
901.00	45	0.7918	0.5671	0.8299
902.00	45	0.7151	0.3842	0.8809
903.00	45	0.6317	0.1853	0.8359
904.00	45	0.4803	0.2208	0.8254
905.00	45	0.3025	0.2747	0.8030
906.00	45	0.0999	0.3320	0.8136
907.00	45	-0.0700	0.3376	0.8347
908.00	45	-0.0789	0.2180	0.8344
909.00	45	-0.0095	0.1345	0.8896
910.00	45	-0.0050	-0.0511	0.9031
911.00	45	-0.0028	-0.0498	0.8786
912.00	45	-0.0015	-0.0491	0.8425
913.00	45	-0.0001	-0.0483	0.8004
914.00	45	0.0015	-0.0471	0.7347
915.00	45	0.0029	-0.0460	0.6568
916.00	45	0.0040	-0.0445	0.5797
917.00	45	0.0068	-0.0397	0.4556
918.00	45	0.0095	-0.0349	0.3680
919.00	45	0.0292	-0.0106	0.1456
920.00	46	0.9555	0.5726	0.8280
921.00	46	0.7906	0.5670	0.8296
922.00	46	0.7162	0.3843	0.8811
923.00	46	0.6389	0.1846	0.8351
924.00	46	0.4793	0.2207	0.8265
925.00	46	0.3024	0.2746	0.8029
926.00	46	0.0999	0.3320	0.8136
927.00	46	-0.0714	0.3377	0.8348
928.00	46	-0.0791	0.2204	0.8346
929.00	46	-0.0090	0.1361	0.8874
930.00	46	-0.0049	-0.0510	0.9026
931.00	46	-0.0037	-0.0502	0.8920
932.00	46	-0.0019	-0.0493	0.8526
933.00	46	-0.0005	-0.0485	0.8134
934.00	46	0.0025	-0.0464	0.6901
935.00	46	0.0035	-0.0453	0.6225
936.00	46	0.0045	-0.0436	0.5453
937.00	46	0.0071	-0.0393	0.4471
938.00	46	0.0086	-0.0366	0.3968
939.00	46	0.0292	-0.0106	0.1456
940.00	47	0.9548	0.5722	0.8278
941.00	47	0.7914	0.5671	0.8298
942.00	47	0.7256	0.3848	0.8827
943.00	47	0.6389	0.1846	0.8351
944.00	47	0.4794	0.2207	0.8263
945.00	47	0.3021	0.2741	0.8030
946.00	47	0.1001	0.3316	0.8137
947.00	47	-0.0666	0.3371	0.8347
948.00	47	-0.0792	0.2216	0.8346
949.00	47	-0.0094	0.1350	0.8892
950.00	47	-0.0058	-0.0518	0.9060
951.00	47	-0.0030	-0.0499	0.8817
952.00	47	-0.0008	-0.0487	0.8227
953.00	47	0.0006	-0.0477	0.7725
954.00	47	0.0013	-0.0472	0.7425
955.00	47	0.0029	-0.0460	0.6568
956.00	47	0.0047	-0.0433	0.5367
957.00	47	0.0061	-0.0409	0.4770
958.00	47	0.0094	-0.0352	0.3721
959.00	47	0.0292	-0.0106	0.1456
960.00	48	0.9553	0.5725	0.8279
961.00	48	0.7882	0.5667	0.8290
962.00	48	0.7256	0.3848	0.8827
963.00	48	0.6364	0.1848	0.8354
964.00	48	0.4795	0.2207	0.8262
965.00	48	0.3029	0.2755	0.8030
966.00	48	0.0994	0.3332	0.8137
967.00	48	-0.0758	0.3383	0.8351
968.00	48	-0.0802	0.2314	0.8354
969.00	48	-0.0091	0.1360	0.8881
970.00	48	-0.0054	-0.0515	0.9051
971.00	48	-0.0040	-0.0503	0.8959
972.00	48	-0.0014	-0.0490	0.8399
973.00	48	0.0002	-0.0480	0.7902
974.00	48	0.0017	-0.0470	0.7268
975.00	48	0.0038	-0.0448	0.5925
976.00	48	0.0046	-0.0434	0.5410
977.00	48	0.0073	-0.0389	0.4386
978.00	48	0.0095	-0.0349	0.3680
979.00	48	0.0292	-0.0106	0.1456
980.00	49	0.9542	0.5718	0.8275
981.00	49	0.7954	0.5674	0.8306
982.00	49	0.7197	0.3845	0.8817
983.00	49	0.6389	0.1846	0.8351
984.00	49	0.4785	0.2207	0.8273
985.00	49	0.3028	0.2751	0.8029
986.00	49	0.0992	0.3336	0.8139
987.00	49	-0.0752	0.3383	0.8350
988.00	49	-0.0800	0.2290	0.8352
989.00	49	-0.0092	0.1357	0.8886
990.00	49	-0.0047	-0.0508	0.9004
991.00	49	-0.0029	-0.0498	0.8801
992.00	49	-0.0021	-0.0495	0.8617
993.00	49	0.0008	-0.0475	0.7615
994.00	49	0.0027	-0.0461	0.6652
995.00	49	0.0038	-0.0448	0.5969
996.00	49	0.0054	-0.0420	0.5025
997.00	49	0.0063	-0.0407	0.4727
998.00	49	0.0094	-0.0348	0.3602
999.00	49	0.0292	-0.0106	0.1456
1000.00	50	0.9555	0.5726	0.8280
1001.00	50	0.7890	0.5668	0.8292
1002.00	50	0.7256	0.3848	0.8827
1003.00	50	0.6364	0.1848	0.8354
1004.00	50	0.4797	0.2207	0.8260
1005.00	50	0.3031	0.2757	0.8030
1006.00	50	0.0999	0.3320	0.8136
1007.00	50	-0.0771	0.3385	0.8352
1008.00	50	-0.0781	0.2109	0.8338
1009.00	50	-0.0091	0.1358	0.8884
1010.00	50	-0.0041	-0.0505	0.8975
1011.00	50	-0.0037	-0.0502	0.8920
1012.00	50	-0.0006	-0.0486	0.8166
1013.00	50	0.0005	-0.0478	0.7761
1014.00	50	0.0019	-0.0468	0.7188
1015.00	50	0.0038	-0.0448	0.5925
1016.00	50	0.0053	-0.0422	0.5068
1017.00	50	0.0078	-0.0380	0.4218
1018.00	50	0.0107	-0.0323	0.3241
1019.00	50	0.0292	-0.0106	0.1456
1020.00	51	0.9550	0.5723	0.8278
1021.00	51	0.7872	0.5666	0.8287
1022.00	51	0.7174	0.3843	0.8813
1023.00	51	0.6345	0.1850	0.8356
1024.00	51	0.4788	0.2207	0.8270
1025.00	51	0.3024	0.2746	0.8030
1026.00	51	0.0996	0.3328	0.8136
1027.00	51	-0.0707	0.3376	0.8347
1028.00	51	-0.0800	0.2290	0.8352
1029.00	51	-0.0094	0.1350	0.8892
1030.00	51	-0.0046	-0.0507	0.8998
1031.00	51	-0.0036	-0.0501	0.8909
1032.00	51	-0.0017	-0.0492	0.8477
1033.00	51	0.0010	-0.0474	0.7540
1034.00	51	0.0026	-0.0464	0.6860
1035.00	51	0.0034	-0.0454	0.6310
1036.00	51	0.0049	-0.0428	0.5239
1037.00	51	0.0067	-0.0399	0.4597
1038.00	51	0.0107	-0.0323	0.3241
1039.00	51	0.0292	-0.0106	0.1456
1040.00	52	0.9549	0.5722	0.8278
1041.00	52	0.7890	0.5668	0.8292
1042.00	52	0.7118	0.3840	0.8803
1043.00	52	0.6358	0.1849	0.8355
1044.00	52	0.4787	0.2207	0.8271
1045.00	52	0.3028	0.2753	0.8030
1046.00	52	0.0995	0.3329	0.8136
1047.00	52	-0.0794	0.3389	0.8355
1048.00	52	-0.0781	0.2109	0.8338
1049.00	52	-0.0092	0.1355	0.8888
1050.00	52	-0.0046	-0.0507	0.8998
1051.00	52	-0.0024	-0.0496	0.8679
1052.00	52	-0.0007	-0.0486	0.8197
1053.00	52	0.0002	-0.0480	0.7867
1054.00	52	0.0021	-0.0468	0.7107
1055.00	52	0.0035	-0.0453	0.6225
1056.00	52	0.0061	-0.0409	0.4770
1057.00	52	0.0076	-0.0384	0.4302
1058.00	52	0.0096	-0.0345	0.3562
1059.00	52	0.0292	-0.0106	0.1456
1060.00	53	0.9546	0.5720	0.8277
1061.00	53	0.7894	0.5669	0.8293
1062.00	53	0.7096	0.3838	0.8799
1063.00	53	0.6364	0.1848	0.8354
1064.00	53	0.4778	0.2206	0.8279
1065.00	53	0.3028	0.2752	0.8029
1066.00	53	0.0992	0.3340	0.8141
1067.00	53	-0.0765	0.3384	0.8351
1068.00	53	-0.0790	0.2192	0.8345
1069.00	53	-0.0094	0.1348	0.8894
1070.00	53	-0.0041	-0.0504	0.8967
1071.00	53	-0.0026	-0.0498	0.8752
1072.00	53	-0.0006	-0.0486	0.8166
1073.00	53	0.0006	-0.0477	0.7725
1074.00	53	0.0030	-0.0458	0.6483
1075.00	53	0.0045	-0.0437	0.5537
1076.00	53	0.0055	-0.0418	0.4982
1077.00	53	0.0075	-0.0387	0.4344
1078.00	53	0.0094	-0.0352	0.3721
1079.00	53	0.0292	-0.0106	0.1456
1080.00	54	0.9546	0.5720	0.8277
1081.00	54	0.7879	0.5667	0.8289
1082.00	54	0.7107	0.3839	0.8801
1083.00	54	0.6274	0.1858	0.8363
1084.00	54	0.4789	0.2207	0.8269
1085.00	54	0.3025	0.2748	0.8030
1086.00	54	0.0992	0.3338	0.8139
1087.00	54	-0.0794	0.3389	0.8355
1088.00	54	-0.0798	0.2277	0.8351
1089.00	54	-0.0098	0.1325	0.8906
1090.00	54	-0.0039	-0.0503	0.8950
1091.00	54	-0.0023	-0.0495	0.8659
1092.00	54	-0.0004	-0.0484	0.8070
1093.00	54	0.0010	-0.0474	0.7540
1094.00	54	0.0024	-0.0467	0.6779
1095.00	54	0.0039	-0.0446	0.5840
1096.00	54	0.0047	-0.0432	0.5324
1097.00	54	0.0087	-0.0364	0.3927
1098.00	54	0.0099	-0.0340	0.3480
1099.00	54	0.0292	-0.0106	0.1456
1100.00	55	0.9539	0.5716	0.8274
1101.00	55	0.7867	0.5665	0.8285
1102.00	55	0.7053	0.3835	0.8792
1103.00	55	0.6332	0.1851	0.8357
1104.00	55	0.4789	0.2207	0.8269
1105.00	55	0.3026	0.2750	0.8029
1106.00	55	0.0992	0.3340	0.8141
1107.00	55	-0.0771	0.3385	0.8352
1108.00	55	-0.0789	0.2180	0.8344
1109.00	55	-0.0096	0.1336	0.8902
1110.00	55	-0.0047	-0.0508	0.9010
1111.00	55	-0.0031	-0.0499	0.8832
1112.00	55	-0.0006	-0.0486	0.8166
1113.00	55	0.0009	-0.0474	0.7577
1114.00	55	0.0023	-0.0467	0.7025
1115.00	55	0.0035	-0.0453	0.6225
1116.00	55	0.0061	-0.0409	0.4770
1117.00	55	0.0075	-0.0387	0.4344
1118.00	55	0.0113	-0.0311	0.3084
1119.00	55	0.0292	-0.0106	0.1456
1120.00	56	0.9542	0.5718	0.8275
1121.00	56	0.7870	0.5665	0.8286
1122.00	56	0.7064	0.3836	0.8794
1123.00	56	0.6284	0.1857	0.8362
1124.00	56	0.4787	0.2207	0.8271
1125.00	56	0.3029	0.2754	0.8030
1126.00	56	0.0992	0.3340	0.8141
1127.00	56	-0.0783	0.3387	0.8353
1128.00	56	-0.0795	0.2240	0.8348
1129.00	56	-0.0098	0.1329	0.8905
1130.00	56	-0.0045	-0.0507	0.8991
1131.00	56	-0.0026	-0.0498	0.8752
1132.00	56	-0.0015	-0.0491	0.8425
1133.00	56	0.0007	-0.0476	0.7652
1134.00	56	0.0024	-0.0467	0.6779
1135.00	56	0.0041	-0.0443	0.5711
1136.00	56	0.0061	-0.0409	0.4770
1137.00	56	0.0076	-0.0384	0.4302
1138.00	56	0.0099	-0.0340	0.3480
1139.00	56	0.0292	-0.0106	0.1456
1140.00	57	0.9548	0.5721	0.8277
1141.00	57	0.7901	0.5670	0.8295
1142.00	57	0.7208	0.3845	0.8819
1143.00	57	0.6217	0.1865	0.8368
1144.00	57	0.4777	0.2206	0.8280
1145.00	57	0.3030	0.2757	0.8030
1146.00	57	0.0996	0.3328	0.8136
1147.00	57	-0.0783	0.3387	0.8353
1148.00	57	-0.0775	0.2064	0.8335
1149.00	57	-0.0095	0.1342	0.8898
1150.00	57	-0.0041	-0.0505	0.8975
1151.00	57	-0.0026	-0.0497	0.8734
1152.00	57	-0.0003	-0.0483	0.8038
1153.00	57	0.0018	-0.0469	0.7228
1154.00	57	0.0026	-0.0464	0.6860
1155.00	57	0.0038	-0.0448	0.5969
1156.00	57	0.0071	-0.0393	0.4471
1157.00	57	0.0090	-0.0359	0.3844
1158.00	57	0.0107	-0.0323	0.3241
1159.00	57	0.0292	-0.0106	0.1456
1160.00	58	0.9543	0.5718	0.8276
1161.00	58	0.7894	0.5669	0.8293
1162.00	58	0.7043	0.3834	0.8790
1163.00	58	0.6274	0.1858	0.8363
1164.00	58	0.4779	0.2206	0.8278
1165.00	58	0.3028	0.2752	0.8029
1166.00	58	0.0992	0.3340	0.8141
1167.00	58	-0.0758	0.3383	0.8351
1168.00	58	-0.0770	0.2031	0.8333
1169.00	58	-0.0093	0.1353	0.8890
1170.00	58	-0.0036	-0.0501	0.8909
1171.00	58	-0.0025	-0.0497	0.8717
1172.00	58	0.0002	-0.0480	0.7902
1173.00	58	0.0019	-0.0468	0.7188
1174.00	58	0.0030	-0.0458	0.6483
1175.00	58	0.0047	-0.0432	0.5324
1176.00	58	0.0070	-0.0395	0.4513
1177.00	58	0.0084	-0.0369	0.4010
1178.00	58	0.0123	-0.0289	0.2812
1179.00	58	0.0292	-0.0106	0.1456
1180.00	59	0.9543	0.5718	0.8276
1181.00	59	0.7870	0.5665	0.8286
1182.00	59	0.6991	0.3830	0.8782
1183.00	59	0.6284	0.1857	0.8362
1184.00	59	0.4773	0.2206	0.8284
1185.00	59	0.3031	0.2761	0.8031
1186.00	59	0.0995	0.3329	0.8136
1187.00	59	-0.0813	0.3391	0.8357
1188.00	59	-0.0791	0.2204	0.8346
1189.00	59	-0.0102	0.1294	0.8918
1190.00	59	-0.0048	-0.0509	0.9016
1191.00	59	-0.0025	-0.0497	0.8717
1192.00	59	0.0002	-0.0480	0.7867
1193.00	59	0.0014	-0.0471	0.7386
1194.00	59	0.0030	-0.0458	0.6483
1195.00	59	0.0045	-0.0436	0.5494
1196.00	59	0.0071	-0.0393	0.4471
1197.00	59	0.0080	-0.0378	0.4176
1198.00	59	0.0109	-0.0320	0.3201
1199.00	59	0.0292	-0.0106	0.1456
1200.00	60	0.9535	0.5714	0.8271
1201.00	60	0.7875	0.5667	0.8288
1202.00	60	0.7162	0.3843	0.8811
1203.00	60	0.6284	0.1857	0.8362
1204.00	60	0.4772	0.2206	0.8284
1205.00	60	0.3029	0.2755	0.8030
1206.00	60	0.0990	0.3343	0.8143
1207.00	60	-0.0838	0.3395	0.8362
1208.00	60	-0.0789	0.2180	0.8344
1209.00	60	-0.0103	0.1282	0.8920
1210.00	60	-0.0041	-0.0504	0.8967
1211.00	60	-0.0020	-0.0494	0.8573
1212.00	60	-0.0012	-0.0489	0.8344
1213.00	60	0.0012	-0.0473	0.7464
1214.00	60	0.0036	-0.0452	0.6183
1215.00	60	0.0041	-0.0443	0.5711
1216.00	60	0.0053	-0.0422	0.5068
1217.00	60	0.0089	-0.0362	0.3885
1218.00	60	0.0112	-0.0314	0.3123
1219.00	60	0.0292	-0.0106	0.1456
1220.00	61	0.9535	0.5714	0.8271
1221.00	61	0.7854	0.5660	0.8276
1222.00	61	0.7022	0.3832	0.8787
1223.00	61	0.6237	0.1863	0.8366
1224.00	61	0.4777	0.2206	0.8280
1225.00	61	0.3031	0.2765	0.8033
1226.00	61	0.0992	0.3337	0.8139
1227.00	61	-0.0809	0.3391	0.8356
1228.00	61	-0.0790	0.2192	0.8345
1229.00	61	-0.0099	0.1300	0.8913
1230.00	61	-0.0040	-0.0503	0.8959
1231.00	61	-0.0026	-0.0497	0.8734
1232.00	61	-0.0009	-0.0488	0.8257
1233.00	61	0.0017	-0.0470	0.7268
1234.00	61	0.0024	-0.0467	0.6779
1235.00	61	0.0038	-0.0449	0.6011
1236.00	61	0.0072	-0.0391	0.4429
1237.00	61	0.0081	-0.0375	0.4135
1238.00	61	0.0103	-0.0332	0.3361
1239.00	61	0.0292	-0.0106	0.1456
1240.00	62	0.9544	0.5719	0.8277
1241.00	62	0.7857	0.5661	0.8278
1242.00	62	0.6960	0.3827	0.8777
1243.00	62	0.6309	0.1854	0.8360
1244.00	62	0.4775	0.2206	0.8282
1245.00	62	0.3031	0.2765	0.8033
1246.00	62	0.0994	0.3333	0.8137
1247.00	62	-0.0752	0.3383	0.8350
1248.00	62	-0.0766	0.1998	0.8331
1249.00	62	-0.0099	0.1317	0.8910
1250.00	62	-0.0032	-0.0499	0.8846
1251.00	62	-0.0014	-0.0490	0.8399
1252.00	62	-0.0009	-0.0488	0.8257
1253.00	62	0.0009	-0.0474	0.7577
1254.00	62	0.0037	-0.0451	0.6097
1255.00	62	0.0041	-0.0443	0.5711
1256.00	62	0.0056	-0.0416	0.4940
1257.00	62	0.0096	-0.0345	0.3562
1258.00	62	0.0116	-0.0305	0.3006
1259.00	62	0.0292	-0.0106	0.1456
1260.00	63	0.9537	0.5715	0.8273
1261.00	63	0.7851	0.5658	0.8273
1262.00	63	0.7118	0.3840	0.8803
1263.00	63	0.6207	0.1866	0.8369
1264.00	63	0.4783	0.2207	0.8275
1265.00	63	0.3030	0.2766	0.8034
1266.00	63	0.0989	0.3347	0.8149
1267.00	63	-0.0818	0.3392	0.8358
1268.00	63	-0.0781	0.2109	0.8338
1269.00	63	-0.0103	0.1264	0.8924
1270.00	63	-0.0038	-0.0502	0.8931
1271.00	63	-0.0016	-0.0491	0.8451
1272.00	63	-0.0006	-0.0486	0.8166
1273.00	63	0.0012	-0.0473	0.7464
1274.00	63	0.0026	-0.0463	0.6736
1275.00	63	0.0045	-0.0436	0.5494
1276.00	63	0.0066	-0.0402	0.4640
1277.00	63	0.0096	-0.0345	0.3562
1278.00	63	0.0123	-0.0289	0.2812
1279.00	63	0.0292	-0.0106	0.1456
1280.00	64	0.9535	0.5714	0.8270
1281.00	64	0.7870	0.5665	0.8286
1282.00	64	0.7011	0.3832	0.8785
1283.00	64	0.6217	0.1865	0.8368
1284.00	64	0.4777	0.2206	0.8280
1285.00	64	0.3031	0.2765	0.8033
1286.00	64	0.0990	0.3345	0.8145
1287.00	64	-0.0822	0.3393	0.8359
1288.00	64	-0.0785	0.2155	0.8341
1289.00	64	-0.0098	0.1329	0.8905
1290.00	64	-0.0039	-0.0503	0.8940
1291.00	64	-0.0013	-0.0489	0.8371
1292.00	64	0.0005	-0.0478	0.7761
1293.00	64	0.0021	-0.0467	0.7066
1294.00	64	0.0033	-0.0456	0.6395
1295.00	64	0.0053	-0.0422	0.5068
1296.00	64	0.0077	-0.0382	0.4260
1297.00	64	0.0090	-0.0359	0.3844
1298.00	64	0.0125	-0.0286	0.2775
1299.00	64	0.0292	-0.0106	0.1456
1300.00	65	0.9536	0.5715	0.8272
1301.00	65	0.7879	0.5667	0.8289
1302.00	65	0.7074	0.3837	0.8796
1303.00	65	0.6266	0.1859	0.8363
1304.00	65	0.4773	0.2206	0.8284
1305.00	65	0.3031	0.2761	0.8031
1306.00	65	0.0993	0.3335	0.8138
1307.00	65	-0.0830	0.3394	0.8360
1308.00	65	-0.0771	0.2042	0.8334
1309.00	65	-0.0102	0.1288	0.8919
1310.00	65	-0.0036	-0.0501	0.8897
1311.00	65	-0.0010	-0.0488	0.8286
1312.00	65	-0.0003	-0.0483	0.8038
1313.00	65	0.0015	-0.0471	0.7347
1314.00	65	0.0029	-0.0459	0.6525
1315.00	65	0.0051	-0.0424	0.5111
1316.00	65	0.0059	-0.0413	0.4855
1317.00	65	0.0101	-0.0337	0.3440
1318.00	65	0.0134	-0.0264	0.2583
1319.00	65	0.0292	-0.0106	0.1456
1320.00	66	0.9536	0.5715	0.8271
1321.00	66	0.7850	0.5657	0.8271
1322.00	66	0.6960	0.3827	0.8777
1323.00	66	0.6176	0.1870	0.8371
1324.00	66	0.4771	0.2206	0.8285
1325.00	66	0.3030	0.2768	0.8036
1326.00	66	0.0987	0.3348	0.8153
1327.00	66	-0.0838	0.3395	0.8362
1328.00	66	-0.0782	0.2121	0.8339
1329.00	66	-0.0096	0.1336	0.8902
1330.00	66	-0.0039	-0.0503	0.8940
1331.00	66	-0.0020	-0.0494	0.8595
1332.00	66	0.0003	-0.0479	0.7832
1333.00	66	0.0018	-0.0469	0.7228
1334.00	66	0.0027	-0.0461	0.6652
1335.00	66	0.0047	-0.0433	0.5367
1336.00	66	0.0068	-0.0397	0.4556
1337.00	66	0.0091	-0.0356	0.3803
1338.00	66	0.0135	-0.0260	0.2546
1339.00	66	0.0292	-0.0106	0.1456
1340.00	67	0.9535	0.5714	0.8270
1341.00	67	0.7863	0.5664	0.8282
1342.00	67	0.7085	0.3838	0.8797
1343.00	67	0.6207	0.1866	0.8369
1344.00	67	0.4773	0.2206	0.8284
1345.00	67	0.3031	0.2761	0.8031
1346.00	67	0.0992	0.3337	0.8139
1347.00	67	-0.0845	0.3396	0.8363
1348.00	67	-0.0777	0.2087	0.8336
1349.00	67	-0.0100	0.1312	0.8911
1350.00	67	-0.0032	-0.0499	0.8846
1351.00	67	-0.0012	-0.0489	0.8344
1352.00	67	0.0008	-0.0475	0.7615
1353.00	67	0.0021	-0.0468	0.7107
1354.00	67	0.0035	-0.0453	0.6225
1355.00	67	0.0047	-0.0432	0.5324
1356.00	67	0.0078	-0.0380	0.4218
1357.00	67	0.0091	-0.0356	0.3803
1358.00	67	0.0135	-0.0260	0.2546
1359.00	67	0.0292	-0.0106	0.1456
1360.00	68	0.9533	0.5713	0.8266
1361.00	68	0.7879	0.5667	0.8289
1362.00	68	0.7053	0.3835	0.8792
1363.00	68	0.6144	0.1871	0.8373
1364.00	68	0.4765	0.2205	0.8289
1365.00	68	0.3031	0.2763	0.8032
1366.00	68	0.0989	0.3347	0.8149
1367.00	68	-0.0864	0.3398	0.8368
1368.00	68	-0.0753	0.1923	0.8329
1369.00	68	-0.0103	0.1282	0.8920
1370.00	68	-0.0030	-0.0499	0.8817
1371.00	68	-0.0019	-0.0493	0.8526
1372.00	68	-0.0005	-0.0484	0.8103
1373.00	68	0.0017	-0.0470	0.7268
1374.00	68	0.0029	-0.0459	0.6525
1375.00	68	0.0057	-0.0415	0.4897
1376.00	68	0.0072	-0.0391	0.4429
1377.00	68	0.0103	-0.0332	0.3361
1378.00	68	0.0134	-0.0264	0.2583
1379.00	68	0.0292	-0.0106	0.1456
1380.00	69	0.9534	0.5714	0.8270
1381.00	69	0.7857	0.5661	0.8278
1382.00	69	0.6912	0.3823	0.8769
1383.00	69	0.6155	0.1872	0.8373
1384.00	69	0.4772	0.2206	0.8284
1385.00	69	0.3031	0.2763	0.8032
1386.00	69	0.0990	0.3343	0.8143
1387.00	69	-0.0851	0.3397	0.8365
1388.00	69	-0.0762	0.1966	0.8329
1389.00	69	-0.0103	0.1270	0.8923
1390.00	69	-0.0025	-0.0497	0.8717
1391.00	69	-0.0022	-0.0495	0.8638
1392.00	69	0.0011	-0.0473	0.7501
1393.00	69	0.0025	-0.0464	0.6901
1394.00	69	0.0030	-0.0458	0.6483
1395.00	69	0.0059	-0.0413	0.4855
1396.00	69	0.0083	-0.0371	0.4051
1397.00	69	0.0095	-0.0349	0.3680
1398.00	69	0.0128	-0.0277	0.2697
1399.00	69	0.0292	-0.0106	0.1456
1400.00	70	0.9535	0.5714	0.8271
1401.00	70	0.7857	0.5661	0.8278
1402.00	70	0.6960	0.3827	0.8777
1403.00	70	0.6090	0.1880	0.8377
1404.00	70	0.4770	0.2206	0.8285
1405.00	70	0.3029	0.2771	0.8039
1406.00	70	0.0990	0.3345	0.8145
1407.00	70	-0.0860	0.3398	0.8368
1408.00	70	-0.0779	0.2098	0.8337
1409.00	70	-0.0103	0.1234	0.8927
1410.00	70	-0.0034	-0.0500	0.8872
1411.00	70	-0.0019	-0.0493	0.8526
1412.00	70	0.0007	-0.0476	0.7652
1413.00	70	0.0029	-0.0460	0.6568
1414.00	70	0.0038	-0.0449	0.6011
1415.00	70	0.0057	-0.0415	0.4897
1416.00	70	0.0076	-0.0384	0.4302
1417.00	70	0.0096	-0.0345	0.3562
1418.00	70	0.0130	-0.0273	0.2659
1419.00	70	0.0292	-0.0106	0.1456
1420.00	71	0.9535	0.5714	0.8271
1421.00	71	0.7849	0.5656	0.8270
1422.00	71	0.6971	0.3828	0.8778
1423.00	71	0.6227	0.1864	0.8367
1424.00	71	0.4768	0.2205	0.8287
1425.00	71	0.3031	0.2762	0.8031
1426.00	71	0.0986	0.3350	0.8158
1427.00	71	-0.0830	0.3394	0.8360
1428.00	71	-0.0758	0.1935	0.8328
1429.00	71	-0.0103	0.1218	0.8929
1430.00	71	-0.0037	-0.0502	0.8920
1431.00	71	-0.0019	-0.0493	0.8526
1432.00	71	0.0008	-0.0475	0.7615
1433.00	71	0.0027	-0.0461	0.6652
1434.00	71	0.0039	-0.0447	0.5883
1435.00	71	0.0044	-0.0438	0.5580
1436.00	71	0.0081	-0.0375	0.4135
1437.00	71	0.0111	-0.0317	0.3162
1438.00	71	0.0117	-0.0302	0.2966
1439.00	71	0.0292	-0.0106	0.1456
1440.00	72	0.9537	0.5715	0.8273
1441.00	72	0.7854	0.5660	0.8276
1442.00	72	0.6874	0.3819	0.8764
1443.00	72	0.6101	0.1879	0.8376
1444.00	72	0.4763	0.2205	0.8290
1445.00	72	0.3029	0.2771	0.8039
1446.00	72	0.0988	0.3348	0.8152
1447.00	72	-0.0851	0.3397	0.8365
1448.00	72	-0.0763	0.1977	0.8330
1449.00	72	-0.0103	0.1270	0.8923
1450.00	72	-0.0036	-0.0501	0.8909
1451.00	72	-0.0020	-0.0494	0.8595
1452.00	72	0.0013	-0.0472	0.7425
1453.00	72	0.0026	-0.0463	0.6736
1454.00	72	0.0036	-0.0452	0.6183
1455.00	72	0.0046	-0.0434	0.5410
1456.00	72	0.0075	-0.0387	0.4344
1457.00	72	0.0104	-0.0329	0.3321
1458.00	72	0.0123	-0.0289	0.2812
1459.00	72	0.0292	-0.0106	0.1456
1460.00	73	0.9537	0.5715	0.8273
1461.00	73	0.7863	0.5664	0.8282
1462.00	73	0.6971	0.3828	0.8778
1463.00	73	0.6101	0.1879	0.8376
1464.00	73	0.4768	0.2205	0.8286
1465.00	73	0.3028	0.2771	0.8040
1466.00	73	0.0988	0.3348	0.8151
1467.00	73	-0.0869	0.3399	0.8370
1468.00	73	-0.0760	0.1956	0.8329
1469.00	73	-0.0103	0.1270	0.8923
1470.00	73	-0.0033	-0.0500	0.8859
1471.00	73	-0.0007	-0.0486	0.8197
1472.00	73	0.0006	-0.0477	0.7725
1473.00	73	0.0024	-0.0467	0.6779
1474.00	73	0.0039	-0.0446	0.5840
1475.00	73	0.0059	-0.0413	0.4855
1476.00	73	0.0078	-0.0380	0.4218
1477.00	73	0.0092	-0.0354	0.3762
1478.00	73	0.0123	-0.0289	0.2812
1479.00	73	0.0292	-0.0106	0.1456
1480.00	74	0.9534	0.5714	0.8269
1481.00	74	0.7849	0.5656	0.8270
1482.00	74	0.6981	0.3829	0.8780
1483.00	74	0.6090	0.1880	0.8377
1484.00	74	0.4763	0.2205	0.8290
1485.00	74	0.3029	0.2771	0.8039
1486.00	74	0.0989	0.3346	0.8147
1487.00	74	-0.0830	0.3394	0.8360
1488.00	74	-0.0747	0.1881	0.8327
1489.00	74	-0.0103	0.1282	0.8920
1490.00	74	-0.0024	-0.0496	0.8679
1491.00	74	-0.0009	-0.0488	0.8257
1492.00	74	0.0003	-0.0479	0.7832
1493.00	74	0.0026	-0.0463	0.6736
1494.00	74	0.0038	-0.0448	0.5969
1495.00	74	0.0050	-0.0427	0.5196
1496.00	74	0.0081	-0.0375	0.4135
1497.00	74	0.0114	-0.0309	0.3045
1498.00	74	0.0135	-0.0260	0.2546
1499.00	74	0.0292	-0.0106	0.1456
1500.00	75	0.9533	0.5713	0.8266
1501.00	75	0.7850	0.5657	0.8271
1502.00	75	0.6951	0.3826	0.8776
1503.00	75	0.6010	0.1888	0.8383
1504.00	75	0.4759	0.2205	0.8293
1505.00	75	0.3029	0.2771	0.8039
1506.00	75	0.0990	0.3344	0.8144
1507.00	75	-0.0874	0.3399	0.8372
1508.00	75	-0.0764	0.1988	0.8331
1509.00	75	-0.0103	0.1209	0.8930
1510.00	75	-0.0020	-0.0494	0.8573
1511.00	75	-0.0018	-0.0492	0.8502
1512.00	75	0.0006	-0.0477	0.7725
1513.00	75	0.0029	-0.0459	0.6525
1514.00	75	0.0039	-0.0446	0.5840
1515.00	75	0.0057	-0.0415	0.4897
1516.00	75	0.0072	-0.0391	0.4429
1517.00	75	0.0107	-0.0323	0.3241
1518.00	75	0.0153	-0.0221	0.2157
1519.00	75	0.0292	-0.0106	0.1456
1520.00	76	0.9529	0.5711	0.8257
1521.00	76	0.7847	0.5644	0.8260
1522.00	76	0.6991	0.3830	0.8782
1523.00	76	0.6044	0.1884	0.8381
1524.00	76	0.4772	0.2206	0.8284
1525.00	76	0.3028	0.2771	0.8040
1526.00	76	0.0990	0.3344	0.8144
1527.00	76	-0.0864	0.3398	0.8368
1528.00	76	-0.0762	0.1966	0.8329
1529.00	76	-0.0104	0.1242	0.8927
1530.00	76	-0.0019	-0.0493	0.8526
1531.00	76	-0.0015	-0.0491	0.8425
1532.00	76	0.0010	-0.0474	0.7540
1533.00	76	0.0021	-0.0467	0.7066
1534.00	76	0.0045	-0.0437	0.5537
1535.00	76	0.0059	-0.0413	0.4855
1536.00	76	0.0071	-0.0393	0.4471
1537.00	76	0.0121	-0.0296	0.2889
1538.00	76	0.0130	-0.0273	0.2659
1539.00	76	0.0292	-0.0106	0.1456
1540.00	77	0.9533	0.5713	0.8267
1541.00	77	0.7847	0.5647	0.8262
1542.00	77	0.6811	0.3813	0.8756
1543.00	77	0.6077	0.1880	0.8379
1544.00	77	0.4770	0.2206	0.8285
1545.00	77	0.3031	0.2765	0.8033
1546.00	77	0.0989	0.3347	0.8149
1547.00	77	-0.0851	0.3397	0.8365
1548.00	77	-0.0742	0.1851	0.8327
1549.00	77	-0.0102	0.1153	0.8933
1550.00	77	-0.0031	-0.0499	0.8832
1551.00	77	-0.0013	-0.0489	0.8371
1552.00	77	0.0003	-0.0479	0.7832
1553.00	77	0.0027	-0.0463	0.6818
1554.00	77	0.0042	-0.0441	0.5625
1555.00	77	0.0070	-0.0395	0.4513
1556.00	77	0.0073	-0.0389	0.4386
1557.00	77	0.0114	-0.0309	0.3045
1558.00	77	0.0133	-0.0268	0.2620
1559.00	77	0.0292	-0.0106	0.1456
1560.00	78	0.9533	0.5713	0.8267
1561.00	78	0.7847	0.5647	0.8262
1562.00	78	0.6801	0.3811	0.8755
1563.00	78	0.6101	0.1879	0.8376
1564.00	78	0.4761	0.2205	0.8292
1565.00	78	0.3028	0.2772	0.8040
1566.00	78	0.0989	0.3346	0.8148
1567.00	78	-0.0888	0.3400	0.8378
1568.00	78	-0.0762	0.1966	0.8329
1569.00	78	-0.0103	0.1209	0.8930
1570.00	78	-0.0019	-0.0493	0.8550
1571.00	78	-0.0004	-0.0484	0.8070
1572.00	78	0.0013	-0.0472	0.7425
1573.00	78	0.0027	-0.0462	0.6694
1574.00	78	0.0037	-0.0450	0.6054
1575.00	78	0.0051	-0.0424	0.5111
1576.00	78	0.0090	-0.0359	0.3844
1577.00	78	0.0107	-0.0323	0.3241
1578.00	78	0.0133	-0.0268	0.2620
1579.00	78	0.0292	-0.0106	0.1456
1580.00	79	0.9527	0.5709	0.8250
1581.00	79	0.7853	0.5659	0.8275
1582.00	79	0.6811	0.3813	0.8756
1583.00	79	0.6054	0.1882	0.8381
1584.00	79	0.4768	0.2205	0.8287
1585.00	79	0.3027	0.2772	0.8042
1586.00	79	0.0987	0.3349	0.8156
1587.00	79	-0.0848	0.3396	0.8364
1588.00	79	-0.0764	0.1988	0.8331
1589.00	79	-0.0102	0.1133	0.8933
1590.00	79	-0.0019	-0.0493	0.8550
1591.00	79	-0.0010	-0.0488	0.8286
1592.00	79	0.0009	-0.0474	0.7577
1593.00	79	0.0030	-0.0458	0.6483
1594.00	79	0.0037	-0.0451	0.6097
1595.00	79	0.0068	-0.0397	0.4556
1596.00	79	0.0096	-0.0345	0.3562
1597.00	79	0.0119	-0.0299	0.2928
1598.00	79	0.0159	-0.0211	0.2059
1599.00	79	0.0292	-0.0106	0.1456
