0.00	0	-1.0224	0.4567	0.8250
1.00	0	-1.1440	0.0276	0.8381
2.00	0	-0.9603	-0.1171	0.8185
3.00	0	-0.7467	-0.2789	0.8278
4.00	0	-0.5442	-0.4218	0.7918
5.00	0	-0.3960	-0.5441	0.8204
6.00	0	-0.2278	-0.6559	0.8196
7.00	0	-0.0270	-0.6204	0.8327
8.00	0	-0.0544	-0.4712	0.8095
9.00	0	-0.0813	-0.2433	0.8273
10.00	0	0.0340	-0.1294	0.9058
11.00	0	0.0337	-0.1287	0.9093
12.00	0	0.0325	-0.1260	0.8914
13.00	0	0.0332	-0.1246	0.7532
14.00	0	0.0377	-0.1274	0.5941
15.00	0	0.0529	-0.1313	0.4016
16.00	0	0.0693	-0.1322	0.2226
17.00	0	0.1089	-0.1661	0.1403
18.00	0	0.1724	-0.2513	0.0780
19.00	0	0.1712	-0.2558	0.0761
20.00	1	-1.0224	0.4567	0.8250
21.00	1	-1.1470	0.0263	0.8386
22.00	1	-0.9605	-0.1169	0.8183
23.00	1	-0.7467	-0.2789	0.8278
24.00	1	-0.5434	-0.4220	0.7921
25.00	1	-0.3960	-0.5441	0.8204
26.00	1	-0.2278	-0.6559	0.8196
27.00	1	-0.0276	-0.6202	0.8315
28.00	1	-0.0541	-0.4717	0.8094
29.00	1	-0.0811	-0.2423	0.8263
30.00	1	0.0340	-0.1294	0.9054
31.00	1	0.0336	-0.1286	0.9094
32.00	1	0.0322	-0.1258	0.8859
33.00	1	0.0334	-0.1247	0.7378
34.00	1	0.0388	-0.1279	0.5732
35.00	1	0.0529	-0.1313	0.4016
36.00	1	0.0693	-0.1322	0.2226
37.00	1	0.1044	-0.1613	0.1418
38.00	1	0.1724	-0.2513	0.0780
39.00	1	0.1712	-0.2558	0.0761
40.00	2	-1.0224	0.4567	0.8250
41.00	2	-1.1473	0.0262	0.8386
42.00	2	-0.9603	-0.1171	0.8185
43.00	2	-0.7473	-0.2780	0.8285
44.00	2	-0.5405	-0.4229	0.7929
45.00	2	-0.3960	-0.5441	0.8204
46.00	2	-0.2263	-0.6579	0.8197
47.00	2	-0.0278	-0.6201	0.8312
48.00	2	-0.0544	-0.4712	0.8095
49.00	2	-0.0811	-0.2423	0.8263
50.00	2	0.0340	-0.1294	0.9059
51.00	2	0.0336	-0.1282	0.9098
52.00	2	0.0325	-0.1260	0.8914
53.00	2	0.0332	-0.1246	0.7570
54.00	2	0.0377	-0.1274	0.5941
55.00	2	0.0559	-0.1314	0.3688
56.00	2	0.0724	-0.1328	0.1910
57.00	2	0.1044	-0.1613	0.1418
58.00	2	0.1653	-0.2341	0.0906
59.00	2	0.1712	-0.2558	0.0761
60.00	3	-1.0214	0.4552	0.8250
61.00	3	-1.1467	0.0263	0.8385
62.00	3	-0.9603	-0.1171	0.8185
63.00	3	-0.7467	-0.2789	0.8278
64.00	3	-0.5405	-0.4229	0.7929
65.00	3	-0.3887	-0.5512	0.8214
66.00	3	-0.2252	-0.6593	0.8198
67.00	3	-0.0270	-0.6204	0.8327
68.00	3	-0.0544	-0.4712	0.8095
69.00	3	-0.0811	-0.2423	0.8263
70.00	3	0.0340	-0.1293	0.9066
71.00	3	0.0336	-0.1285	0.9095
72.00	3	0.0323	-0.1258	0.8843
73.00	3	0.0332	-0.1246	0.7570
74.00	3	0.0403	-0.1285	0.5479
75.00	3	0.0529	-0.1313	0.4016
76.00	3	0.0714	-0.1325	0.2012
77.00	3	0.1044	-0.1613	0.1418
78.00	3	0.1799	-0.2539	0.0772
79.00	3	0.1712	-0.2558	0.0761
80.00	4	-1.0224	0.4567	0.8250
81.00	4	-1.1470	0.0263	0.8386
82.00	4	-0.9603	-0.1171	0.8185
83.00	4	-0.7469	-0.2787	0.8280
84.00	4	-0.5442	-0.4218	0.7918
85.00	4	-0.3931	-0.5470	0.8208
86.00	4	-0.2278	-0.6559	0.8196
87.00	4	-0.0275	-0.6202	0.8319
88.00	4	-0.0544	-0.4712	0.8095
89.00	4	-0.0811	-0.2423	0.8263
90.00	4	0.0340	-0.1294	0.9055
91.00	4	0.0335	-0.1281	0.9099
92.00	4	0.0323	-0.1259	0.8901
93.00	4	0.0330	-0.1246	0.7755
94.00	4	0.0393	-0.1282	0.5648
95.00	4	0.0529	-0.1313	0.4016
96.00	4	0.0728	-0.1329	0.1877
97.00	4	0.1074	-0.1645	0.1408
98.00	4	0.1673	-0.2353	0.0866
99.00	4	0.1712	-0.2558	0.0761
100.00	5	-1.0202	0.4536	0.8249
101.00	5	-1.1473	0.0262	0.8386
102.00	5	-0.9612	-0.1158	0.8175
103.00	5	-0.7475	-0.2779	0.8285
104.00	5	-0.5442	-0.4218	0.7918
105.00	5	-0.3946	-0.5455	0.8206
106.00	5	-0.2278	-0.6559	0.8196
107.00	5	-0.0270	-0.6204	0.8327
108.00	5	-0.0535	-0.4731	0.8090
109.00	5	-0.0811	-0.2424	0.8264
110.00	5	0.0340	-0.1294	0.9054
111.00	5	0.0337	-0.1284	0.9096
112.00	5	0.0322	-0.1257	0.8827
113.00	5	0.0334	-0.1247	0.7378
114.00	5	0.0396	-0.1283	0.5605
115.00	5	0.0552	-0.1314	0.3770
116.00	5	0.0700	-0.1322	0.2153
117.00	5	0.1044	-0.1613	0.1418
118.00	5	0.1653	-0.2341	0.0906
119.00	5	0.1712	-0.2558	0.0761
120.00	6	-1.0135	0.4440	0.8254
121.00	6	-1.1454	0.0268	0.8384
122.00	6	-0.9603	-0.1171	0.8185
123.00	6	-0.7467	-0.2789	0.8278
124.00	6	-0.5417	-0.4225	0.7925
125.00	6	-0.3960	-0.5441	0.8204
126.00	6	-0.2278	-0.6559	0.8196
127.00	6	-0.0280	-0.6200	0.8308
128.00	6	-0.0528	-0.4748	0.8085
129.00	6	-0.0813	-0.2429	0.8269
130.00	6	0.0340	-0.1294	0.9055
131.00	6	0.0336	-0.1282	0.9098
132.00	6	0.0321	-0.1255	0.8738
133.00	6	0.0334	-0.1247	0.7456
134.00	6	0.0388	-0.1279	0.5732
135.00	6	0.0529	-0.1313	0.4016
136.00	6	0.0717	-0.1326	0.1978
137.00	6	0.1132	-0.1708	0.1389
138.00	6	0.1696	-0.2370	0.0832
139.00	6	0.1712	-0.2558	0.0761
140.00	7	-1.0129	0.4431	0.8254
141.00	7	-1.1440	0.0276	0.8381
142.00	7	-0.9612	-0.1158	0.8175
143.00	7	-0.7476	-0.2777	0.8286
144.00	7	-0.5421	-0.4224	0.7923
145.00	7	-0.3894	-0.5505	0.8213
146.00	7	-0.2270	-0.6570	0.8196
147.00	7	-0.0272	-0.6204	0.8324
148.00	7	-0.0544	-0.4712	0.8095
149.00	7	-0.0811	-0.2423	0.8263
150.00	7	0.0339	-0.1294	0.9067
151.00	7	0.0333	-0.1277	0.9097
152.00	7	0.0323	-0.1259	0.8887
153.00	7	0.0334	-0.1246	0.7494
154.00	7	0.0391	-0.1280	0.5689
155.00	7	0.0556	-0.1314	0.3728
156.00	7	0.0707	-0.1324	0.2082
157.00	7	0.1232	-0.1813	0.1361
158.00	7	0.1653	-0.2341	0.0906
159.00	7	0.1712	-0.2558	0.0761
160.00	8	-1.0191	0.4519	0.8250
161.00	8	-1.1451	0.0270	0.8383
162.00	8	-0.9606	-0.1167	0.8182
163.00	8	-0.7484	-0.2767	0.8292
164.00	8	-0.5378	-0.4235	0.7939
165.00	8	-0.3836	-0.5556	0.8221
166.00	8	-0.2252	-0.6593	0.8198
167.00	8	-0.0274	-0.6203	0.8320
168.00	8	-0.0528	-0.4748	0.8085
169.00	8	-0.0814	-0.2441	0.8283
170.00	8	0.0339	-0.1294	0.9067
171.00	8	0.0334	-0.1278	0.9098
172.00	8	0.0321	-0.1255	0.8698
173.00	8	0.0337	-0.1249	0.7221
174.00	8	0.0381	-0.1276	0.5858
175.00	8	0.0536	-0.1313	0.3934
176.00	8	0.0747	-0.1338	0.1686
177.00	8	0.1161	-0.1738	0.1381
178.00	8	0.1696	-0.2370	0.0832
179.00	8	0.1712	-0.2558	0.0761
180.00	9	-1.0148	0.4458	0.8252
181.00	9	-1.1479	0.0261	0.8387
182.00	9	-0.9607	-0.1166	0.8180
183.00	9	-0.7472	-0.2782	0.8283
184.00	9	-0.5429	-0.4222	0.7922
185.00	9	-0.3953	-0.5448	0.8205
186.00	9	-0.2275	-0.6562	0.8196
187.00	9	-0.0276	-0.6202	0.8317
188.00	9	-0.0544	-0.4712	0.8095
189.00	9	-0.0811	-0.2423	0.8263
190.00	9	0.0340	-0.1294	0.9054
191.00	9	0.0333	-0.1277	0.9097
192.00	9	0.0321	-0.1255	0.8698
193.00	9	0.0331	-0.1246	0.7682
194.00	9	0.0377	-0.1274	0.5941
195.00	9	0.0567	-0.1315	0.3605
196.00	9	0.0703	-0.1323	0.2118
197.00	9	0.1277	-0.1858	0.1351
198.00	9	0.1729	-0.2524	0.0792
199.00	9	0.1712	-0.2558	0.0761
200.00	10	-1.0122	0.4421	0.8255
201.00	10	-1.1461	0.0266	0.8385
202.00	10	-0.9607	-0.1166	0.8180
203.00	10	-0.7482	-0.2770	0.8290
204.00	10	-0.5409	-0.4227	0.7927
205.00	10	-0.3960	-0.5441	0.8204
206.00	10	-0.2267	-0.6574	0.8196
207.00	10	-0.0272	-0.6204	0.8324
208.00	10	-0.0536	-0.4728	0.8091
209.00	10	-0.0812	-0.2428	0.8267
210.00	10	0.0340	-0.1293	0.9071
211.00	10	0.0336	-0.1285	0.9095
212.00	10	0.0325	-0.1260	0.8914
213.00	10	0.0342	-0.1252	0.7020
214.00	10	0.0391	-0.1280	0.5689
215.00	10	0.0582	-0.1315	0.3441
216.00	10	0.0734	-0.1332	0.1811
217.00	10	0.1189	-0.1768	0.1373
218.00	10	0.1653	-0.2341	0.0906
219.00	10	0.1712	-0.2558	0.0761
220.00	11	-1.0186	0.4511	0.8251
221.00	11	-1.1461	0.0266	0.8385
222.00	11	-0.9604	-0.1170	0.8184
223.00	11	-0.7472	-0.2782	0.8283
224.00	11	-0.5417	-0.4225	0.7925
225.00	11	-0.3931	-0.5470	0.8208
226.00	11	-0.2229	-0.6621	0.8200
227.00	11	-0.0286	-0.6197	0.8295
228.00	11	-0.0541	-0.4717	0.8094
229.00	11	-0.0813	-0.2429	0.8269
230.00	11	0.0340	-0.1293	0.9066
231.00	11	0.0336	-0.1285	0.9095
232.00	11	0.0321	-0.1253	0.8587
233.00	11	0.0334	-0.1246	0.7494
234.00	11	0.0381	-0.1276	0.5858
235.00	11	0.0556	-0.1314	0.3728
236.00	11	0.0724	-0.1328	0.1910
237.00	11	0.1118	-0.1692	0.1394
238.00	11	0.1712	-0.2501	0.0782
239.00	11	0.1712	-0.2558	0.0761
240.00	12	-1.0197	0.4528	0.8249
241.00	12	-1.1496	0.0258	0.8387
242.00	12	-0.9605	-0.1169	0.8183
243.00	12	-0.7473	-0.2780	0.8285
244.00	12	-0.5405	-0.4229	0.7929
245.00	12	-0.3872	-0.5526	0.8216
246.00	12	-0.2256	-0.6588	0.8197
247.00	12	-0.0286	-0.6197	0.8295
248.00	12	-0.0522	-0.4763	0.8081
249.00	12	-0.0812	-0.2427	0.8266
250.00	12	0.0340	-0.1294	0.9059
251.00	12	0.0335	-0.1281	0.9099
252.00	12	0.0322	-0.1257	0.8827
253.00	12	0.0337	-0.1249	0.7221
254.00	12	0.0396	-0.1283	0.5605
255.00	12	0.0585	-0.1315	0.3401
256.00	12	0.0761	-0.1345	0.1567
257.00	12	0.1277	-0.1858	0.1351
258.00	12	0.1716	-0.2569	0.0763
259.00	12	0.1712	-0.2558	0.0761
260.00	13	-1.0208	0.4544	0.8250
261.00	13	-1.1467	0.0263	0.8385
262.00	13	-0.9619	-0.1143	0.8161
263.00	13	-0.7479	-0.2774	0.8288
264.00	13	-0.5385	-0.4234	0.7936
265.00	13	-0.3916	-0.5484	0.8210
266.00	13	-0.2202	-0.6654	0.8204
267.00	13	-0.0282	-0.6198	0.8303
268.00	13	-0.0529	-0.4746	0.8085
269.00	13	-0.0814	-0.2436	0.8276
270.00	13	0.0339	-0.1293	0.9065
271.00	13	0.0336	-0.1285	0.9095
272.00	13	0.0321	-0.1251	0.8485
273.00	13	0.0335	-0.1247	0.7417
274.00	13	0.0398	-0.1284	0.5563
275.00	13	0.0547	-0.1313	0.3811
276.00	13	0.0747	-0.1338	0.1686
277.00	13	0.1338	-0.1919	0.1338
278.00	13	0.1716	-0.2569	0.0763
279.00	13	0.1712	-0.2558	0.0761
280.00	14	-1.0186	0.4511	0.8251
281.00	14	-1.1507	0.0258	0.8386
282.00	14	-0.9619	-0.1143	0.8161
283.00	14	-0.7479	-0.2774	0.8288
284.00	14	-0.5425	-0.4223	0.7922
285.00	14	-0.3799	-0.5582	0.8226
286.00	14	-0.2263	-0.6579	0.8197
287.00	14	-0.0287	-0.6196	0.8292
288.00	14	-0.0537	-0.4725	0.8092
289.00	14	-0.0812	-0.2428	0.8267
290.00	14	0.0339	-0.1293	0.9075
291.00	14	0.0334	-0.1278	0.9098
292.00	14	0.0321	-0.1254	0.8655
293.00	14	0.0342	-0.1252	0.7020
294.00	14	0.0409	-0.1287	0.5395
295.00	14	0.0574	-0.1315	0.3524
296.00	14	0.0772	-0.1350	0.1485
297.00	14	0.1132	-0.1708	0.1389
298.00	14	0.1724	-0.2513	0.0780
299.00	14	0.1712	-0.2558	0.0761
300.00	15	-1.0167	0.4486	0.8251
301.00	15	-1.1458	0.0267	0.8385
302.00	15	-0.9621	-0.1140	0.8159
303.00	15	-0.7490	-0.2760	0.8295
304.00	15	-0.5358	-0.4238	0.7949
305.00	15	-0.3858	-0.5539	0.8218
306.00	15	-0.2164	-0.6699	0.8209
307.00	15	-0.0279	-0.6200	0.8309
308.00	15	-0.0520	-0.4767	0.8080
309.00	15	-0.0813	-0.2433	0.8273
310.00	15	0.0339	-0.1293	0.9076
311.00	15	0.0336	-0.1282	0.9098
312.00	15	0.0321	-0.1251	0.8485
313.00	15	0.0346	-0.1255	0.6858
314.00	15	0.0419	-0.1290	0.5268
315.00	15	0.0614	-0.1316	0.3076
316.00	15	0.0721	-0.1327	0.1944
317.00	15	0.1147	-0.1723	0.1385
318.00	15	0.1710	-0.2558	0.0761
319.00	15	0.1712	-0.2558	0.0761
320.00	16	-1.0148	0.4458	0.8252
321.00	16	-1.1499	0.0258	0.8387
322.00	16	-0.9624	-0.1134	0.8153
323.00	16	-0.7502	-0.2747	0.8300
324.00	16	-0.5378	-0.4235	0.7939
325.00	16	-0.3778	-0.5597	0.8230
326.00	16	-0.2190	-0.6668	0.8205
327.00	16	-0.0282	-0.6199	0.8304
328.00	16	-0.0523	-0.4761	0.8081
329.00	16	-0.0814	-0.2442	0.8285
330.00	16	0.0339	-0.1293	0.9065
331.00	16	0.0333	-0.1277	0.9097
332.00	16	0.0321	-0.1253	0.8587
333.00	16	0.0344	-0.1254	0.6899
334.00	16	0.0426	-0.1292	0.5184
335.00	16	0.0552	-0.1314	0.3770
336.00	16	0.0754	-0.1341	0.1626
337.00	16	0.1390	-0.1986	0.1323
338.00	16	0.1714	-0.2559	0.0762
339.00	16	0.1712	-0.2558	0.0761
340.00	17	-1.0174	0.4494	0.8251
341.00	17	-1.1476	0.0262	0.8387
342.00	17	-0.9615	-0.1153	0.8170
343.00	17	-0.7493	-0.2756	0.8297
344.00	17	-0.5355	-0.4238	0.7951
345.00	17	-0.3821	-0.5567	0.8223
346.00	17	-0.2190	-0.6668	0.8205
347.00	17	-0.0283	-0.6198	0.8301
348.00	17	-0.0520	-0.4767	0.8080
349.00	17	-0.0814	-0.2439	0.8280
350.00	17	0.0339	-0.1293	0.9075
351.00	17	0.0334	-0.1279	0.9098
352.00	17	0.0321	-0.1251	0.8512
353.00	17	0.0347	-0.1257	0.6734
354.00	17	0.0453	-0.1300	0.4847
355.00	17	0.0618	-0.1316	0.3035
356.00	17	0.0779	-0.1352	0.1461
357.00	17	0.1232	-0.1813	0.1361
358.00	17	0.1712	-0.2558	0.0761
359.00	17	0.1712	-0.2558	0.0761
360.00	18	-1.0066	0.4344	0.8257
361.00	18	-1.1521	0.0259	0.8384
362.00	18	-0.9623	-0.1137	0.8156
363.00	18	-0.7476	-0.2777	0.8286
364.00	18	-0.5368	-0.4237	0.7943
365.00	18	-0.3880	-0.5519	0.8215
366.00	18	-0.2252	-0.6593	0.8198
367.00	18	-0.0281	-0.6199	0.8306
368.00	18	-0.0518	-0.4772	0.8078
369.00	18	-0.0815	-0.2446	0.8291
370.00	18	0.0340	-0.1293	0.9072
371.00	18	0.0335	-0.1281	0.9099
372.00	18	0.0320	-0.1252	0.8537
373.00	18	0.0347	-0.1256	0.6775
374.00	18	0.0419	-0.1290	0.5268
375.00	18	0.0582	-0.1315	0.3441
376.00	18	0.0721	-0.1327	0.1944
377.00	18	0.1401	-0.2003	0.1318
378.00	18	0.1729	-0.2524	0.0792
379.00	18	0.1712	-0.2558	0.0761
380.00	19	-1.0060	0.4334	0.8257
381.00	19	-1.1470	0.0263	0.8386
382.00	19	-0.9624	-0.1134	0.8153
383.00	19	-0.7500	-0.2749	0.8300
384.00	19	-0.5401	-0.4230	0.7930
385.00	19	-0.3799	-0.5582	0.8226
386.00	19	-0.2164	-0.6699	0.8209
387.00	19	-0.0282	-0.6198	0.8303
388.00	19	-0.0531	-0.4741	0.8087
389.00	19	-0.0814	-0.2436	0.8276
390.00	19	0.0338	-0.1292	0.9079
391.00	19	0.0332	-0.1272	0.9086
392.00	19	0.0321	-0.1254	0.8677
393.00	19	0.0340	-0.1251	0.7101
394.00	19	0.0413	-0.1288	0.5353
395.00	19	0.0585	-0.1315	0.3401
396.00	19	0.0738	-0.1334	0.1779
397.00	19	0.1350	-0.1935	0.1334
398.00	19	0.1731	-0.2546	0.0767
399.00	19	0.1712	-0.2558	0.0761
400.00	20	-1.0167	0.4486	0.8251
401.00	20	-1.1521	0.0259	0.8384
402.00	20	-0.9623	-0.1137	0.8156
403.00	20	-0.7491	-0.2758	0.8296
404.00	20	-0.5378	-0.4235	0.7939
405.00	20	-0.3792	-0.5587	0.8227
406.00	20	-0.2207	-0.6647	0.8202
407.00	20	-0.0288	-0.6195	0.8290
408.00	20	-0.0517	-0.4777	0.8077
409.00	20	-0.0815	-0.2444	0.8288
410.00	20	0.0339	-0.1293	0.9071
411.00	20	0.0334	-0.1279	0.9098
412.00	20	0.0321	-0.1251	0.8459
413.00	20	0.0340	-0.1251	0.7061
414.00	20	0.0432	-0.1294	0.5100
415.00	20	0.0582	-0.1315	0.3441
416.00	20	0.0758	-0.1343	0.1596
417.00	20	0.1420	-0.2038	0.1306
418.00	20	0.1724	-0.2563	0.0760
419.00	20	0.1712	-0.2558	0.0761
420.00	21	-1.0115	0.4412	0.8255
421.00	21	-1.1521	0.0259	0.8384
422.00	21	-0.9628	-0.1126	0.8147
423.00	21	-0.7497	-0.2752	0.8298
424.00	21	-0.5363	-0.4237	0.7946
425.00	21	-0.3880	-0.5519	0.8215
426.00	21	-0.2190	-0.6668	0.8205
427.00	21	-0.0293	-0.6194	0.8281
428.00	21	-0.0517	-0.4777	0.8077
429.00	21	-0.0816	-0.2452	0.8301
430.00	21	0.0339	-0.1293	0.9078
431.00	21	0.0332	-0.1274	0.9091
432.00	21	0.0321	-0.1255	0.8698
433.00	21	0.0350	-0.1258	0.6652
434.00	21	0.0439	-0.1296	0.5015
435.00	21	0.0625	-0.1316	0.2955
436.00	21	0.0758	-0.1343	0.1596
437.00	21	0.1338	-0.1919	0.1338
438.00	21	0.1712	-0.2558	0.0761
439.00	21	0.1712	-0.2558	0.0761
440.00	22	-1.0154	0.4468	0.8252
441.00	22	-1.1482	0.0261	0.8387
442.00	22	-0.9628	-0.1126	0.8147
443.00	22	-0.7508	-0.2742	0.8301
444.00	22	-0.5372	-0.4236	0.7942
445.00	22	-0.3749	-0.5616	0.8234
446.00	22	-0.2143	-0.6722	0.8212
447.00	22	-0.0291	-0.6194	0.8285
448.00	22	-0.0517	-0.4779	0.8077
449.00	22	-0.0816	-0.2451	0.8300
450.00	22	0.0339	-0.1293	0.9075
451.00	22	0.0330	-0.1270	0.9074
452.00	22	0.0322	-0.1249	0.8318
453.00	22	0.0342	-0.1252	0.7020
454.00	22	0.0457	-0.1300	0.4805
455.00	22	0.0640	-0.1318	0.2796
456.00	22	0.0754	-0.1341	0.1626
457.00	22	0.1308	-0.1887	0.1345
458.00	22	0.1708	-0.2559	0.0764
459.00	22	0.1712	-0.2558	0.0761
460.00	23	-1.0108	0.4402	0.8255
461.00	23	-1.1485	0.0260	0.8387
462.00	23	-0.9622	-0.1138	0.8157
463.00	23	-0.7500	-0.2749	0.8300
464.00	23	-0.5375	-0.4236	0.7940
465.00	23	-0.3735	-0.5625	0.8236
466.00	23	-0.2207	-0.6647	0.8202
467.00	23	-0.0287	-0.6196	0.8292
468.00	23	-0.0514	-0.4787	0.8074
469.00	23	-0.0816	-0.2452	0.8301
470.00	23	0.0339	-0.1293	0.9078
471.00	23	0.0330	-0.1270	0.9074
472.00	23	0.0322	-0.1249	0.8288
473.00	23	0.0342	-0.1253	0.6980
474.00	23	0.0472	-0.1305	0.4638
475.00	23	0.0647	-0.1318	0.2718
476.00	23	0.0744	-0.1336	0.1717
477.00	23	0.1376	-0.1967	0.1327
478.00	23	0.1712	-0.2558	0.0761
479.00	23	0.1712	-0.2558	0.0761
480.00	24	-1.0066	0.4344	0.8257
481.00	24	-1.1536	0.0260	0.8379
482.00	24	-0.9619	-0.1144	0.8163
483.00	24	-0.7488	-0.2762	0.8295
484.00	24	-0.5366	-0.4237	0.7945
485.00	24	-0.3858	-0.5539	0.8218
486.00	24	-0.2202	-0.6654	0.8204
487.00	24	-0.0287	-0.6196	0.8292
488.00	24	-0.0528	-0.4748	0.8085
489.00	24	-0.0817	-0.2456	0.8311
490.00	24	0.0339	-0.1293	0.9078
491.00	24	0.0329	-0.1269	0.9069
492.00	24	0.0320	-0.1253	0.8610
493.00	24	0.0347	-0.1256	0.6775
494.00	24	0.0457	-0.1300	0.4805
495.00	24	0.0629	-0.1316	0.2916
496.00	24	0.0751	-0.1339	0.1655
497.00	24	0.1457	-0.2116	0.1257
498.00	24	0.1710	-0.2558	0.0761
499.00	24	0.1712	-0.2558	0.0761
500.00	25	-1.0122	0.4421	0.8255
501.00	25	-1.1509	0.0258	0.8385
502.00	25	-0.9623	-0.1137	0.8156
503.00	25	-0.7490	-0.2760	0.8295
504.00	25	-0.5347	-0.4237	0.7957
505.00	25	-0.3785	-0.5592	0.8229
506.00	25	-0.2170	-0.6691	0.8208
507.00	25	-0.0295	-0.6193	0.8277
508.00	25	-0.0517	-0.4779	0.8077
509.00	25	-0.0816	-0.2451	0.8300
510.00	25	0.0340	-0.1293	0.9071
511.00	25	0.0331	-0.1272	0.9084
512.00	25	0.0320	-0.1252	0.8537
513.00	25	0.0342	-0.1252	0.7020
514.00	25	0.0479	-0.1306	0.4554
515.00	25	0.0603	-0.1315	0.3197
516.00	25	0.0747	-0.1338	0.1686
517.00	25	0.1308	-0.1887	0.1345
518.00	25	0.1712	-0.2558	0.0761
519.00	25	0.1712	-0.2558	0.0761
520.00	26	-1.0005	0.4255	0.8258
521.00	26	-1.1539	0.0261	0.8378
522.00	26	-0.9619	-0.1144	0.8163
523.00	26	-0.7520	-0.2732	0.8303
524.00	26	-0.5363	-0.4237	0.7946
525.00	26	-0.3749	-0.5616	0.8234
526.00	26	-0.2114	-0.6755	0.8216
527.00	26	-0.0297	-0.6192	0.8273
528.00	26	-0.0516	-0.4782	0.8076
529.00	26	-0.0817	-0.2457	0.8313
530.00	26	0.0340	-0.1293	0.9073
531.00	26	0.0332	-0.1274	0.9091
532.00	26	0.0325	-0.1247	0.8100
533.00	26	0.0350	-0.1258	0.6652
534.00	26	0.0442	-0.1297	0.4973
535.00	26	0.0610	-0.1315	0.3117
536.00	26	0.0911	-0.1471	0.1452
537.00	26	0.1437	-0.2076	0.1291
538.00	26	0.1709	-0.2558	0.0761
539.00	26	0.1712	-0.2558	0.0761
540.00	27	-1.0094	0.4383	0.8255
541.00	27	-1.1518	0.0259	0.8384
542.00	27	-0.9628	-0.1126	0.8147
543.00	27	-0.7502	-0.2747	0.8300
544.00	27	-0.5363	-0.4237	0.7946
545.00	27	-0.3721	-0.5634	0.8238
546.00	27	-0.2091	-0.6781	0.8220
547.00	27	-0.0294	-0.6193	0.8279
548.00	27	-0.0512	-0.4791	0.8072
549.00	27	-0.0817	-0.2455	0.8309
550.00	27	0.0339	-0.1292	0.9078
551.00	27	0.0330	-0.1270	0.9074
552.00	27	0.0325	-0.1247	0.8100
553.00	27	0.0356	-0.1262	0.6444
554.00	27	0.0435	-0.1295	0.5058
555.00	27	0.0647	-0.1318	0.2718
556.00	27	0.0853	-0.1411	0.1450
557.00	27	0.1362	-0.1951	0.1331
558.00	27	0.1709	-0.2558	0.0761
559.00	27	0.1712	-0.2558	0.0761
560.00	28	-1.0005	0.4255	0.8258
561.00	28	-1.1515	0.0258	0.8384
562.00	28	-0.9634	-0.1116	0.8139
563.00	28	-0.7491	-0.2758	0.8296
564.00	28	-0.5341	-0.4235	0.7963
565.00	28	-0.3807	-0.5577	0.8225
566.00	28	-0.2091	-0.6781	0.8220
567.00	28	-0.0286	-0.6197	0.8295
568.00	28	-0.0512	-0.4792	0.8072
569.00	28	-0.0814	-0.2443	0.8286
570.00	28	0.0340	-0.1293	0.9072
571.00	28	0.0332	-0.1275	0.9093
572.00	28	0.0324	-0.1247	0.8133
573.00	28	0.0350	-0.1258	0.6652
574.00	28	0.0439	-0.1296	0.5015
575.00	28	0.0654	-0.1319	0.2639
576.00	28	0.0772	-0.1350	0.1485
577.00	28	0.1420	-0.2038	0.1306
578.00	28	0.1714	-0.2558	0.0761
579.00	28	0.1712	-0.2558	0.0761
580.00	29	-0.9998	0.4245	0.8258
581.00	29	-1.1504	0.0258	0.8387
582.00	29	-0.9634	-0.1116	0.8139
583.00	29	-0.7526	-0.2727	0.8304
584.00	29	-0.5339	-0.4234	0.7964
585.00	29	-0.3701	-0.5646	0.8242
586.00	29	-0.2143	-0.6722	0.8212
587.00	29	-0.0298	-0.6192	0.8271
588.00	29	-0.0510	-0.4798	0.8070
589.00	29	-0.0815	-0.2444	0.8288
590.00	29	0.0339	-0.1293	0.9078
591.00	29	0.0329	-0.1265	0.9031
592.00	29	0.0322	-0.1249	0.8258
593.00	29	0.0351	-0.1259	0.6610
594.00	29	0.0479	-0.1306	0.4554
595.00	29	0.0664	-0.1320	0.2524
596.00	29	0.0911	-0.1471	0.1452
597.00	29	0.1450	-0.2103	0.1270
598.00	29	0.1712	-0.2558	0.0761
599.00	29	0.1712	-0.2558	0.0761
600.00	30	-0.9998	0.4245	0.8258
601.00	30	-1.1501	0.0258	0.8387
602.00	30	-0.9634	-0.1115	0.8139
603.00	30	-0.7508	-0.2742	0.8301
604.00	30	-0.5331	-0.4229	0.7972
605.00	30	-0.3749	-0.5616	0.8234
606.00	30	-0.2121	-0.6747	0.8215
607.00	30	-0.0293	-0.6194	0.8281
608.00	30	-0.0511	-0.4794	0.8071
609.00	30	-0.0817	-0.2457	0.8313
610.00	30	0.0338	-0.1291	0.9084
611.00	30	0.0331	-0.1272	0.9084
612.00	30	0.0326	-0.1246	0.8001
613.00	30	0.0358	-0.1263	0.6403
614.00	30	0.0439	-0.1296	0.5015
615.00	30	0.0647	-0.1318	0.2718
616.00	30	0.0814	-0.1373	0.1449
617.00	30	0.1450	-0.2103	0.1270
618.00	30	0.1712	-0.2558	0.0761
619.00	30	0.1712	-0.2558	0.0761
620.00	31	-0.9970	0.4207	0.8258
621.00	31	-1.1521	0.0259	0.8384
622.00	31	-0.9626	-0.1131	0.8151
623.00	31	-0.7510	-0.2740	0.8302
624.00	31	-0.5353	-0.4238	0.7952
625.00	31	-0.3735	-0.5625	0.8236
626.00	31	-0.2143	-0.6722	0.8212
627.00	31	-0.0298	-0.6192	0.8271
628.00	31	-0.0515	-0.4784	0.8075
629.00	31	-0.0817	-0.2456	0.8311
630.00	31	0.0339	-0.1293	0.9078
631.00	31	0.0328	-0.1264	0.9024
632.00	31	0.0326	-0.1246	0.8001
633.00	31	0.0362	-0.1266	0.6277
634.00	31	0.0491	-0.1308	0.4430
635.00	31	0.0647	-0.1318	0.2718
636.00	31	0.0970	-0.1535	0.1439
637.00	31	0.1503	-0.2187	0.1125
638.00	31	0.1711	-0.2558	0.0761
639.00	31	0.1712	-0.2558	0.0761
640.00	32	-1.0060	0.4334	0.8257
641.00	32	-1.1518	0.0259	0.8384
642.00	32	-0.9630	-0.1122	0.8144
643.00	32	-0.7533	-0.2722	0.8304
644.00	32	-0.5344	-0.4236	0.7959
645.00	32	-0.3749	-0.5616	0.8234
646.00	32	-0.2076	-0.6798	0.8222
647.00	32	-0.0303	-0.6190	0.8261
648.00	32	-0.0510	-0.4798	0.8070
649.00	32	-0.0815	-0.2448	0.8294
650.00	32	0.0338	-0.1290	0.9087
651.00	32	0.0328	-0.1264	0.9015
652.00	32	0.0322	-0.1249	0.8288
653.00	32	0.0368	-0.1269	0.6110
654.00	32	0.0450	-0.1299	0.4889
655.00	32	0.0657	-0.1319	0.2601
656.00	32	0.0882	-0.1442	0.1452
657.00	32	0.1477	-0.2151	0.1201
658.00	32	0.1711	-0.2558	0.0761
659.00	32	0.1712	-0.2558	0.0761
660.00	33	-0.9991	0.4235	0.8258
661.00	33	-1.1533	0.0260	0.8379
662.00	33	-0.9633	-0.1117	0.8140
663.00	33	-0.7524	-0.2728	0.8304
664.00	33	-0.5335	-0.4232	0.7968
665.00	33	-0.3715	-0.5638	0.8240
666.00	33	-0.2136	-0.6730	0.8213
667.00	33	-0.0305	-0.6189	0.8257
668.00	33	-0.0510	-0.4798	0.8070
669.00	33	-0.0818	-0.2462	0.8324
670.00	33	0.0338	-0.1292	0.9081
671.00	33	0.0326	-0.1261	0.8950
672.00	33	0.0321	-0.1251	0.8432
673.00	33	0.0368	-0.1269	0.6151
674.00	33	0.0479	-0.1306	0.4554
675.00	33	0.0618	-0.1316	0.3035
676.00	33	0.0801	-0.1353	0.1449
677.00	33	0.1457	-0.2116	0.1257
678.00	33	0.1712	-0.2558	0.0761
679.00	33	0.1712	-0.2558	0.0761
680.00	34	-0.9944	0.4168	0.8256
681.00	34	-1.1555	0.0263	0.8369
682.00	34	-0.9626	-0.1131	0.8151
683.00	34	-0.7512	-0.2738	0.8302
684.00	34	-0.5347	-0.4237	0.7957
685.00	34	-0.3667	-0.5663	0.8247
686.00	34	-0.2129	-0.6738	0.8214
687.00	34	-0.0298	-0.6192	0.8271
688.00	34	-0.0516	-0.4780	0.8076
689.00	34	-0.0817	-0.2457	0.8313
690.00	34	0.0339	-0.1293	0.9078
691.00	34	0.0330	-0.1267	0.9055
692.00	34	0.0326	-0.1246	0.8034
693.00	34	0.0353	-0.1260	0.6569
694.00	34	0.0479	-0.1306	0.4554
695.00	34	0.0668	-0.1321	0.2486
696.00	34	0.0986	-0.1550	0.1435
697.00	34	0.1411	-0.2019	0.1313
698.00	34	0.1712	-0.2559	0.0761
699.00	34	0.1712	-0.2558	0.0761
700.00	35	-1.0053	0.4324	0.8257
701.00	35	-1.1539	0.0261	0.8378
702.00	35	-0.9634	-0.1115	0.8139
703.00	35	-0.7524	-0.2728	0.8304
704.00	35	-0.5342	-0.4236	0.7961
705.00	35	-0.3749	-0.5616	0.8234
706.00	35	-0.2107	-0.6764	0.8217
707.00	35	-0.0292	-0.6194	0.8283
708.00	35	-0.0515	-0.4784	0.8075
709.00	35	-0.0817	-0.2454	0.8307
710.00	35	0.0337	-0.1287	0.9092
711.00	35	0.0328	-0.1264	0.9024
712.00	35	0.0323	-0.1248	0.8196
713.00	35	0.0365	-0.1268	0.6194
714.00	35	0.0507	-0.1310	0.4264
715.00	35	0.0647	-0.1318	0.2718
716.00	35	0.0954	-0.1519	0.1442
717.00	35	0.1444	-0.2090	0.1281
718.00	35	0.1711	-0.2558	0.0761
719.00	35	0.1712	-0.2558	0.0761
720.00	36	-1.0046	0.4314	0.8257
721.00	36	-1.1552	0.0263	0.8370
722.00	36	-0.9636	-0.1112	0.8137
723.00	36	-0.7540	-0.2717	0.8305
724.00	36	-0.5331	-0.4229	0.7972
725.00	36	-0.3763	-0.5607	0.8232
726.00	36	-0.2076	-0.6798	0.8222
727.00	36	-0.0303	-0.6190	0.8261
728.00	36	-0.0509	-0.4801	0.8069
729.00	36	-0.0818	-0.2461	0.8322
730.00	36	0.0339	-0.1292	0.9080
731.00	36	0.0329	-0.1266	0.9044
732.00	36	0.0328	-0.1246	0.7862
733.00	36	0.0361	-0.1265	0.6319
734.00	36	0.0513	-0.1311	0.4182
735.00	36	0.0683	-0.1321	0.2335
736.00	36	0.0863	-0.1421	0.1451
737.00	36	0.1470	-0.2139	0.1222
738.00	36	0.1712	-0.2558	0.0761
739.00	36	0.1712	-0.2558	0.0761
740.00	37	-0.9957	0.4187	0.8257
741.00	37	-1.1552	0.0263	0.8370
742.00	37	-0.9627	-0.1128	0.8148
743.00	37	-0.7535	-0.2720	0.8305
744.00	37	-0.5338	-0.4234	0.7966
745.00	37	-0.3674	-0.5660	0.8246
746.00	37	-0.1998	-0.6886	0.8230
747.00	37	-0.0300	-0.6191	0.8267
748.00	37	-0.0511	-0.4796	0.8071
749.00	37	-0.0818	-0.2460	0.8320
750.00	37	0.0336	-0.1286	0.9094
751.00	37	0.0325	-0.1262	0.8981
752.00	37	0.0322	-0.1249	0.8288
753.00	37	0.0355	-0.1262	0.6485
754.00	37	0.0491	-0.1308	0.4430
755.00	37	0.0640	-0.1318	0.2796
756.00	37	0.0842	-0.1400	0.1449
757.00	37	0.1457	-0.2116	0.1257
758.00	37	0.1712	-0.2558	0.0761
759.00	37	0.1712	-0.2558	0.0761
760.00	38	-0.9944	0.4168	0.8256
761.00	38	-1.1563	0.0265	0.8364
762.00	38	-0.9641	-0.1104	0.8132
763.00	38	-0.7538	-0.2719	0.8304
764.00	38	-0.5330	-0.4228	0.7973
765.00	38	-0.3701	-0.5646	0.8242
766.00	38	-0.2114	-0.6755	0.8216
767.00	38	-0.0306	-0.6189	0.8253
768.00	38	-0.0507	-0.4807	0.8066
769.00	38	-0.0820	-0.2468	0.8334
770.00	38	0.0338	-0.1292	0.9081
771.00	38	0.0326	-0.1263	0.9000
772.00	38	0.0323	-0.1248	0.8227
773.00	38	0.0379	-0.1275	0.5899
774.00	38	0.0479	-0.1306	0.4554
775.00	38	0.0640	-0.1318	0.2796
776.00	38	0.0986	-0.1550	0.1435
777.00	38	0.1603	-0.2304	0.0976
778.00	38	0.1712	-0.2558	0.0761
779.00	38	0.1712	-0.2558	0.0761
780.00	39	-0.9911	0.4121	0.8256
781.00	39	-1.1560	0.0264	0.8366
782.00	39	-0.9640	-0.1105	0.8133
783.00	39	-0.7516	-0.2735	0.8303
784.00	39	-0.5322	-0.4220	0.7982
785.00	39	-0.3721	-0.5634	0.8238
786.00	39	-0.2061	-0.6816	0.8223
787.00	39	-0.0307	-0.6188	0.8251
788.00	39	-0.0516	-0.4782	0.8076
789.00	39	-0.0817	-0.2457	0.8313
790.00	39	0.0338	-0.1291	0.9083
791.00	39	0.0326	-0.1263	0.9000
792.00	39	0.0331	-0.1246	0.7682
793.00	39	0.0353	-0.1260	0.6569
794.00	39	0.0487	-0.1307	0.4472
795.00	39	0.0696	-0.1322	0.2189
796.00	39	0.0863	-0.1421	0.1451
797.00	39	0.1463	-0.2127	0.1241
798.00	39	0.1712	-0.2558	0.0761
799.00	39	0.1712	-0.2558	0.0761
800.00	40	-0.9977	0.4216	0.8258
801.00	40	-1.1576	0.0265	0.8352
802.00	40	-0.9628	-0.1126	0.8147
803.00	40	-0.7533	-0.2722	0.8304
804.00	40	-0.5338	-0.4234	0.7966
805.00	40	-0.3721	-0.5634	0.8238
806.00	40	-0.2053	-0.6825	0.8224
807.00	40	-0.0297	-0.6192	0.8273
808.00	40	-0.0508	-0.4803	0.8068
809.00	40	-0.0819	-0.2465	0.8329
810.00	40	0.0338	-0.1289	0.9089
811.00	40	0.0329	-0.1266	0.9044
812.00	40	0.0327	-0.1246	0.7932
813.00	40	0.0368	-0.1269	0.6110
814.00	40	0.0521	-0.1312	0.4099
815.00	40	0.0693	-0.1322	0.2226
816.00	40	0.1014	-0.1581	0.1427
817.00	40	0.1696	-0.2370	0.0832
818.00	40	0.1711	-0.2558	0.0761
819.00	40	0.1712	-0.2558	0.0761
820.00	41	-1.0026	0.4284	0.8259
821.00	41	-1.1570	0.0266	0.8358
822.00	41	-0.9640	-0.1105	0.8133
823.00	41	-0.7518	-0.2733	0.8303
824.00	41	-0.5331	-0.4229	0.7972
825.00	41	-0.3721	-0.5634	0.8238
826.00	41	-0.1983	-0.6904	0.8231
827.00	41	-0.0305	-0.6189	0.8255
828.00	41	-0.0508	-0.4803	0.8068
829.00	41	-0.0819	-0.2464	0.8327
830.00	41	0.0338	-0.1291	0.9081
831.00	41	0.0328	-0.1264	0.9024
832.00	41	0.0325	-0.1247	0.8068
833.00	41	0.0371	-0.1271	0.6068
834.00	41	0.0518	-0.1311	0.4140
835.00	41	0.0657	-0.1319	0.2601
836.00	41	0.0921	-0.1480	0.1450
837.00	41	0.1484	-0.2163	0.1178
838.00	41	0.1711	-0.2558	0.0761
839.00	41	0.1712	-0.2558	0.0761
840.00	42	-1.0011	0.4265	0.8258
841.00	42	-1.1552	0.0263	0.8370
842.00	42	-0.9636	-0.1112	0.8137
843.00	42	-0.7522	-0.2730	0.8304
844.00	42	-0.5330	-0.4228	0.7973
845.00	42	-0.3614	-0.5685	0.8256
846.00	42	-0.2068	-0.6807	0.8223
847.00	42	-0.0310	-0.6188	0.8247
848.00	42	-0.0508	-0.4805	0.8067
849.00	42	-0.0821	-0.2472	0.8340
850.00	42	0.0338	-0.1290	0.9086
851.00	42	0.0326	-0.1263	0.8990
852.00	42	0.0327	-0.1246	0.7932
853.00	42	0.0365	-0.1268	0.6194
854.00	42	0.0541	-0.1313	0.3892
855.00	42	0.0647	-0.1318	0.2718
856.00	42	0.0986	-0.1550	0.1435
857.00	42	0.1548	-0.2249	0.1037
858.00	42	0.1712	-0.2558	0.0761
859.00	42	0.1712	-0.2558	0.0761
860.00	43	-0.9905	0.4112	0.8256
861.00	43	-1.1555	0.0263	0.8369
862.00	43	-0.9644	-0.1100	0.8131
863.00	43	-0.7522	-0.2730	0.8304
864.00	43	-0.5322	-0.4219	0.7983
865.00	43	-0.3608	-0.5687	0.8257
866.00	43	-0.2014	-0.6869	0.8229
867.00	43	-0.0307	-0.6188	0.8251
868.00	43	-0.0504	-0.4821	0.8059
869.00	43	-0.0817	-0.2457	0.8313
870.00	43	0.0338	-0.1290	0.9087
871.00	43	0.0328	-0.1264	0.9015
872.00	43	0.0327	-0.1246	0.7932
873.00	43	0.0368	-0.1269	0.6151
874.00	43	0.0536	-0.1313	0.3934
875.00	43	0.0654	-0.1319	0.2639
876.00	43	0.1104	-0.1676	0.1398
877.00	43	0.1724	-0.2513	0.0780
878.00	43	0.1711	-0.2558	0.0761
879.00	43	0.1712	-0.2558	0.0761
880.00	44	-0.9970	0.4207	0.8258
881.00	44	-1.1549	0.0262	0.8372
882.00	44	-0.9644	-0.1100	0.8131
883.00	44	-0.7555	-0.2709	0.8304
884.00	44	-0.5322	-0.4219	0.7983
885.00	44	-0.3660	-0.5666	0.8248
886.00	44	-0.1998	-0.6886	0.8230
887.00	44	-0.0315	-0.6186	0.8237
888.00	44	-0.0510	-0.4798	0.8070
889.00	44	-0.0820	-0.2468	0.8334
890.00	44	0.0338	-0.1290	0.9087
891.00	44	0.0325	-0.1261	0.8961
892.00	44	0.0332	-0.1246	0.7570
893.00	44	0.0359	-0.1264	0.6361
894.00	44	0.0499	-0.1309	0.4347
895.00	44	0.0696	-0.1322	0.2189
896.00	44	0.1044	-0.1613	0.1418
897.00	44	0.1548	-0.2249	0.1037
898.00	44	0.1712	-0.2558	0.0761
899.00	44	0.1712	-0.2558	0.0761
900.00	45	-0.9970	0.4207	0.8258
901.00	45	-1.1580	0.0263	0.8347
902.00	45	-0.9643	-0.1101	0.8131
903.00	45	-0.7552	-0.2710	0.8305
904.00	45	-0.5318	-0.4212	0.7988
905.00	45	-0.3701	-0.5646	0.8242
906.00	45	-0.1998	-0.6886	0.8230
907.00	45	-0.0302	-0.6190	0.8263
908.00	45	-0.0509	-0.4801	0.8069
909.00	45	-0.0819	-0.2463	0.8325
910.00	45	0.0336	-0.1283	0.9098
911.00	45	0.0327	-0.1264	0.9008
912.00	45	0.0330	-0.1246	0.7755
913.00	45	0.0365	-0.1268	0.6194
914.00	45	0.0556	-0.1314	0.3728
915.00	45	0.0714	-0.1325	0.2012
916.00	45	0.1175	-0.1753	0.1377
917.00	45	0.1548	-0.2249	0.1037
918.00	45	0.1712	-0.2558	0.0761
919.00	45	0.1712	-0.2558	0.0761
920.00	46	-0.9991	0.4235	0.8258
921.00	46	-1.1574	0.0265	0.8353
922.00	46	-0.9633	-0.1117	0.8140
923.00	46	-0.7529	-0.2725	0.8304
924.00	46	-0.5335	-0.4232	0.7968
925.00	46	-0.3641	-0.5674	0.8251
926.00	46	-0.1960	-0.6930	0.8232
927.00	46	-0.0308	-0.6188	0.8249
928.00	46	-0.0504	-0.4821	0.8059
929.00	46	-0.0822	-0.2478	0.8349
930.00	46	0.0338	-0.1290	0.9085
931.00	46	0.0326	-0.1263	0.9000
932.00	46	0.0328	-0.1246	0.7827
933.00	46	0.0364	-0.1267	0.6235
934.00	46	0.0556	-0.1314	0.3728
935.00	46	0.0676	-0.1321	0.2410
936.00	46	0.1161	-0.1738	0.1381
937.00	46	0.1724	-0.2513	0.0780
938.00	46	0.1711	-0.2558	0.0761
939.00	46	0.1712	-0.2558	0.0761
940.00	47	-0.9924	0.4140	0.8257
941.00	47	-1.1560	0.0264	0.8366
942.00	47	-0.9634	-0.1115	0.8139
943.00	47	-0.7531	-0.2723	0.8304
944.00	47	-0.5319	-0.4215	0.7986
945.00	47	-0.3582	-0.5697	0.8262
946.00	47	-0.1936	-0.6956	0.8234
947.00	47	-0.0308	-0.6188	0.8249
948.00	47	-0.0503	-0.4824	0.8058
949.00	47	-0.0820	-0.2469	0.8335
950.00	47	0.0337	-0.1287	0.9092
951.00	47	0.0325	-0.1262	0.8981
952.00	47	0.0331	-0.1246	0.7682
953.00	47	0.0371	-0.1271	0.6068
954.00	47	0.0521	-0.1312	0.4099
955.00	47	0.0668	-0.1321	0.2486
956.00	47	0.0986	-0.1550	0.1435
957.00	47	0.1724	-0.2513	0.0780
958.00	47	0.1712	-0.2558	0.0761
959.00	47	0.1712	-0.2558	0.0761
960.00	48	-0.9886	0.4084	0.8257
961.00	48	-1.1568	0.0266	0.8360
962.00	48	-0.9634	-0.1115	0.8139
963.00	48	-0.7529	-0.2725	0.8304
964.00	48	-0.5328	-0.4226	0.7976
965.00	48	-0.3614	-0.5685	0.8256
966.00	48	-0.1991	-0.6895	0.8231
967.00	48	-0.0317	-0.6186	0.8234
968.00	48	-0.0504	-0.4820	0.8060
969.00	48	-0.0821	-0.2472	0.8340
970.00	48	0.0334	-0.1280	0.9100
971.00	48	0.0321	-0.1255	0.8738
972.00	48	0.0331	-0.1246	0.7682
973.00	48	0.0396	-0.1283	0.5605
974.00	48	0.0536	-0.1313	0.3934
975.00	48	0.0672	-0.1321	0.2448
976.00	48	0.1203	-0.1783	0.1368
977.00	48	0.1721	-0.2510	0.0790
978.00	48	0.1712	-0.2558	0.0761
979.00	48	0.1712	-0.2558	0.0761
980.00	49	-0.9905	0.4112	0.8256
981.00	49	-1.1552	0.0263	0.8370
982.00	49	-0.9646	-0.1097	0.8129
983.00	49	-0.7562	-0.2705	0.8304
984.00	49	-0.5322	-0.4220	0.7982
985.00	49	-0.3575	-0.5699	0.8263
986.00	49	-0.1914	-0.6980	0.8235
987.00	49	-0.0321	-0.6185	0.8226
988.00	49	-0.0504	-0.4821	0.8059
989.00	49	-0.0820	-0.2469	0.8335
990.00	49	0.0334	-0.1279	0.9098
991.00	49	0.0326	-0.1261	0.8950
992.00	49	0.0335	-0.1247	0.7417
993.00	49	0.0393	-0.1282	0.5648
994.00	49	0.0559	-0.1314	0.3688
995.00	49	0.0724	-0.1328	0.1910
996.00	49	0.1089	-0.1661	0.1403
997.00	49	0.1631	-0.2327	0.0942
998.00	49	0.1711	-0.2558	0.0761
999.00	49	0.1712	-0.2558	0.0761
1000.00	50	-0.9957	0.4187	0.8257
1001.00	50	-1.1572	0.0265	0.8355
1002.00	50	-0.9638	-0.1109	0.8135
1003.00	50	-0.7535	-0.2720	0.8305
1004.00	50	-0.5318	-0.4214	0.7987
1005.00	50	-0.3641	-0.5674	0.8251
1006.00	50	-0.1998	-0.6886	0.8230
1007.00	50	-0.0319	-0.6185	0.8230
1008.00	50	-0.0503	-0.4830	0.8055
1009.00	50	-0.0820	-0.2470	0.8337
1010.00	50	0.0335	-0.1281	0.9099
1011.00	50	0.0323	-0.1259	0.8887
1012.00	50	0.0330	-0.1246	0.7791
1013.00	50	0.0386	-0.1278	0.5773
1014.00	50	0.0574	-0.1315	0.3524
1015.00	50	0.0700	-0.1322	0.2153
1016.00	50	0.1059	-0.1629	0.1413
1017.00	50	0.1653	-0.2341	0.0906
1018.00	50	0.1712	-0.2558	0.0761
1019.00	50	0.1712	-0.2558	0.0761
1020.00	51	-0.9924	0.4140	0.8257
1021.00	51	-1.1576	0.0265	0.8352
1022.00	51	-0.9648	-0.1093	0.8129
1023.00	51	-0.7562	-0.2705	0.8304
1024.00	51	-0.5316	-0.4209	0.7990
1025.00	51	-0.3563	-0.5703	0.8265
1026.00	51	-0.2006	-0.6878	0.8229
1027.00	51	-0.0318	-0.6185	0.8232
1028.00	51	-0.0504	-0.4821	0.8059
1029.00	51	-0.0819	-0.2467	0.8332
1030.00	51	0.0335	-0.1279	0.9099
1031.00	51	0.0325	-0.1260	0.8914
1032.00	51	0.0334	-0.1247	0.7456
1033.00	51	0.0393	-0.1282	0.5648
1034.00	51	0.0578	-0.1315	0.3482
1035.00	51	0.0686	-0.1321	0.2299
1036.00	51	0.1147	-0.1723	0.1385
1037.00	51	0.1548	-0.2249	0.1037
1038.00	51	0.1711	-0.2558	0.0761
1039.00	51	0.1712	-0.2558	0.0761
1040.00	52	-0.9911	0.4121	0.8256
1041.00	52	-1.1576	0.0265	0.8352
1042.00	52	-0.9639	-0.1107	0.8134
1043.00	52	-0.7584	-0.2695	0.8300
1044.00	52	-0.5314	-0.4205	0.7993
1045.00	52	-0.3563	-0.5703	0.8265
1046.00	52	-0.1960	-0.6930	0.8232
1047.00	52	-0.0323	-0.6185	0.8223
1048.00	52	-0.0504	-0.4818	0.8061
1049.00	52	-0.0820	-0.2468	0.8334
1050.00	52	0.0337	-0.1287	0.9092
1051.00	52	0.0322	-0.1257	0.8827
1052.00	52	0.0328	-0.1246	0.7827
1053.00	52	0.0379	-0.1275	0.5899
1054.00	52	0.0513	-0.1311	0.4182
1055.00	52	0.0738	-0.1334	0.1779
1056.00	52	0.1118	-0.1692	0.1394
1057.00	52	0.1729	-0.2524	0.0792
1058.00	52	0.1712	-0.2558	0.0761
1059.00	52	0.1712	-0.2558	0.0761
1060.00	53	-0.9850	0.4030	0.8258
1061.00	53	-1.1580	0.0263	0.8347
1062.00	53	-0.9644	-0.1100	0.8131
1063.00	53	-0.7574	-0.2699	0.8302
1064.00	53	-0.5314	-0.4203	0.7994
1065.00	53	-0.3634	-0.5677	0.8253
1066.00	53	-0.1991	-0.6895	0.8231
1067.00	53	-0.0311	-0.6187	0.8245
1068.00	53	-0.0503	-0.4826	0.8057
1069.00	53	-0.0820	-0.2468	0.8334
1070.00	53	0.0338	-0.1287	0.9092
1071.00	53	0.0321	-0.1255	0.8738
1072.00	53	0.0334	-0.1247	0.7456
1073.00	53	0.0419	-0.1290	0.5268
1074.00	53	0.0589	-0.1315	0.3359
1075.00	53	0.0703	-0.1323	0.2118
1076.00	53	0.1059	-0.1629	0.1413
1077.00	53	0.1712	-0.2501	0.0782
1078.00	53	0.1712	-0.2558	0.0761
1079.00	53	0.1712	-0.2558	0.0761
1080.00	54	-0.9918	0.4130	0.8257
1081.00	54	-1.1568	0.0266	0.8360
1082.00	54	-0.9640	-0.1105	0.8133
1083.00	54	-0.7572	-0.2700	0.8303
1084.00	54	-0.5321	-0.4217	0.7984
1085.00	54	-0.3647	-0.5672	0.8250
1086.00	54	-0.1884	-0.7013	0.8238
1087.00	54	-0.0319	-0.6185	0.8230
1088.00	54	-0.0504	-0.4820	0.8060
1089.00	54	-0.0822	-0.2479	0.8350
1090.00	54	0.0332	-0.1276	0.9096
1091.00	54	0.0322	-0.1257	0.8827
1092.00	54	0.0339	-0.1250	0.7141
1093.00	54	0.0375	-0.1273	0.5984
1094.00	54	0.0529	-0.1313	0.4016
1095.00	54	0.0741	-0.1335	0.1748
1096.00	54	0.1104	-0.1676	0.1398
1097.00	54	0.1799	-0.2539	0.0772
1098.00	54	0.1711	-0.2558	0.0761
1099.00	54	0.1712	-0.2558	0.0761
1100.00	55	-0.9886	0.4084	0.8257
1101.00	55	-1.1589	0.0245	0.8326
1102.00	55	-0.9643	-0.1101	0.8131
1103.00	55	-0.7586	-0.2694	0.8299
1104.00	55	-0.5318	-0.4214	0.7987
1105.00	55	-0.3539	-0.5712	0.8269
1106.00	55	-0.1862	-0.7036	0.8240
1107.00	55	-0.0318	-0.6185	0.8232
1108.00	55	-0.0503	-0.4830	0.8055
1109.00	55	-0.0820	-0.2468	0.8334
1110.00	55	0.0333	-0.1275	0.9095
1111.00	55	0.0322	-0.1257	0.8827
1112.00	55	0.0334	-0.1247	0.7378
1113.00	55	0.0396	-0.1283	0.5605
1114.00	55	0.0524	-0.1312	0.4058
1115.00	55	0.0717	-0.1326	0.1978
1116.00	55	0.1147	-0.1723	0.1385
1117.00	55	0.1731	-0.2546	0.0767
1118.00	55	0.1712	-0.2558	0.0761
1119.00	55	0.1712	-0.2558	0.0761
1120.00	56	-0.9868	0.4057	0.8257
1121.00	56	-1.1589	0.0247	0.8328
1122.00	56	-0.9644	-0.1100	0.8131
1123.00	56	-0.7586	-0.2694	0.8299
1124.00	56	-0.5312	-0.4200	0.7995
1125.00	56	-0.3563	-0.5703	0.8265
1126.00	56	-0.1855	-0.7044	0.8241
1127.00	56	-0.0324	-0.6185	0.8219
1128.00	56	-0.0504	-0.4823	0.8059
1129.00	56	-0.0822	-0.2476	0.8346
1130.00	56	0.0335	-0.1279	0.9099
1131.00	56	0.0323	-0.1258	0.8843
1132.00	56	0.0336	-0.1248	0.7300
1133.00	56	0.0413	-0.1288	0.5353
1134.00	56	0.0578	-0.1315	0.3482
1135.00	56	0.0724	-0.1328	0.1910
1136.00	56	0.1175	-0.1753	0.1377
1137.00	56	0.1731	-0.2546	0.0767
1138.00	56	0.1712	-0.2558	0.0761
1139.00	56	0.1712	-0.2558	0.0761
1140.00	57	-0.9880	0.4075	0.8257
1141.00	57	-1.1589	0.0247	0.8328
1142.00	57	-0.9642	-0.1103	0.8132
1143.00	57	-0.7557	-0.2708	0.8304
1144.00	57	-0.5322	-0.4219	0.7983
1145.00	57	-0.3534	-0.5714	0.8271
1146.00	57	-0.1936	-0.6956	0.8234
1147.00	57	-0.0321	-0.6185	0.8226
1148.00	57	-0.0504	-0.4823	0.8059
1149.00	57	-0.0822	-0.2479	0.8350
1150.00	57	0.0335	-0.1281	0.9099
1151.00	57	0.0321	-0.1255	0.8698
1152.00	57	0.0344	-0.1253	0.6939
1153.00	57	0.0415	-0.1289	0.5311
1154.00	57	0.0564	-0.1315	0.3646
1155.00	57	0.0707	-0.1324	0.2082
1156.00	57	0.1074	-0.1645	0.1408
1157.00	57	0.1729	-0.2530	0.0787
1158.00	57	0.1712	-0.2558	0.0761
1159.00	57	0.1712	-0.2558	0.0761
1160.00	58	-0.9821	0.3987	0.8259
1161.00	58	-1.1587	0.0255	0.8336
1162.00	58	-0.9649	-0.1091	0.8128
1163.00	58	-0.7572	-0.2700	0.8303
1164.00	58	-0.5312	-0.4199	0.7996
1165.00	58	-0.3557	-0.5705	0.8266
1166.00	58	-0.1855	-0.7044	0.8241
1167.00	58	-0.0328	-0.6182	0.8207
1168.00	58	-0.0502	-0.4839	0.8051
1169.00	58	-0.0826	-0.2488	0.8367
1170.00	58	0.0332	-0.1274	0.9091
1171.00	58	0.0321	-0.1255	0.8718
1172.00	58	0.0332	-0.1246	0.7608
1173.00	58	0.0402	-0.1284	0.5521
1174.00	58	0.0578	-0.1315	0.3482
1175.00	58	0.0717	-0.1326	0.1978
1176.00	58	0.1262	-0.1843	0.1354
1177.00	58	0.1716	-0.2569	0.0763
1178.00	58	0.1712	-0.2558	0.0761
1179.00	58	0.1712	-0.2558	0.0761
1180.00	59	-0.9856	0.4039	0.8258
1181.00	59	-1.1589	0.0245	0.8326
1182.00	59	-0.9654	-0.1084	0.8128
1183.00	59	-0.7581	-0.2696	0.8301
1184.00	59	-0.5319	-0.4215	0.7986
1185.00	59	-0.3569	-0.5701	0.8264
1186.00	59	-0.1899	-0.6996	0.8237
1187.00	59	-0.0315	-0.6186	0.8237
1188.00	59	-0.0502	-0.4835	0.8052
1189.00	59	-0.0825	-0.2485	0.8362
1190.00	59	0.0335	-0.1279	0.9099
1191.00	59	0.0321	-0.1255	0.8738
1192.00	59	0.0332	-0.1246	0.7570
1193.00	59	0.0442	-0.1297	0.4973
1194.00	59	0.0582	-0.1315	0.3441
1195.00	59	0.0728	-0.1329	0.1877
1196.00	59	0.1189	-0.1768	0.1373
1197.00	59	0.1714	-0.2559	0.0762
1198.00	59	0.1712	-0.2558	0.0761
1199.00	59	0.1712	-0.2558	0.0761
1200.00	60	-0.9844	0.4021	0.8258
1201.00	60	-1.1588	0.0251	0.8332
1202.00	60	-0.9650	-0.1090	0.8128
1203.00	60	-0.7586	-0.2694	0.8299
1204.00	60	-0.5312	-0.4200	0.7995
1205.00	60	-0.3522	-0.5718	0.8273
1206.00	60	-0.1855	-0.7044	0.8241
1207.00	60	-0.0323	-0.6185	0.8221
1208.00	60	-0.0503	-0.4844	0.8048
1209.00	60	-0.0826	-0.2488	0.8367
1210.00	60	0.0334	-0.1279	0.9098
1211.00	60	0.0321	-0.1253	0.8587
1212.00	60	0.0334	-0.1247	0.7456
1213.00	60	0.0396	-0.1283	0.5605
1214.00	60	0.0607	-0.1315	0.3156
1215.00	60	0.0734	-0.1332	0.1811
1216.00	60	0.1376	-0.1967	0.1327
1217.00	60	0.1729	-0.2524	0.0792
1218.00	60	0.1711	-0.2558	0.0761
1219.00	60	0.1712	-0.2558	0.0761
1220.00	61	-0.9880	0.4075	0.8257
1221.00	61	-1.1588	0.0231	0.8316
1222.00	61	-0.9655	-0.1083	0.8128
1223.00	61	-0.7564	-0.2704	0.8304
1224.00	61	-0.5311	-0.4196	0.7998
1225.00	61	-0.3601	-0.5690	0.8258
1226.00	61	-0.1899	-0.6996	0.8237
1227.00	61	-0.0322	-0.6185	0.8224
1228.00	61	-0.0502	-0.4835	0.8052
1229.00	61	-0.0824	-0.2483	0.8358
1230.00	61	0.0335	-0.1281	0.9099
1231.00	61	0.0321	-0.1252	0.8562
1232.00	61	0.0339	-0.1250	0.7141
1233.00	61	0.0422	-0.1291	0.5226
1234.00	61	0.0571	-0.1315	0.3564
1235.00	61	0.0772	-0.1350	0.1485
1236.00	61	0.1277	-0.1858	0.1351
1237.00	61	0.1727	-0.2520	0.0793
1238.00	61	0.1711	-0.2558	0.0761
1239.00	61	0.1712	-0.2558	0.0761
1240.00	62	-0.9868	0.4057	0.8257
1241.00	62	-1.1585	0.0225	0.8313
1242.00	62	-0.9654	-0.1085	0.8128
1243.00	62	-0.7607	-0.2685	0.8292
1244.00	62	-0.5318	-0.4212	0.7988
1245.00	62	-0.3528	-0.5716	0.8272
1246.00	62	-0.1876	-0.7021	0.8239
1247.00	62	-0.0318	-0.6185	0.8232
1248.00	62	-0.0504	-0.4821	0.8059
1249.00	62	-0.0823	-0.2481	0.8355
1250.00	62	0.0332	-0.1274	0.9091
1251.00	62	0.0322	-0.1256	0.8775
1252.00	62	0.0334	-0.1247	0.7456
1253.00	62	0.0442	-0.1297	0.4973
1254.00	62	0.0552	-0.1314	0.3770
1255.00	62	0.0814	-0.1373	0.1449
1256.00	62	0.1147	-0.1723	0.1385
1257.00	62	0.1710	-0.2558	0.0761
1258.00	62	0.1712	-0.2558	0.0761
1259.00	62	0.1712	-0.2558	0.0761
1260.00	63	-0.9838	0.4013	0.8258
1261.00	63	-1.1590	0.0241	0.8323
1262.00	63	-0.9655	-0.1083	0.8128
1263.00	63	-0.7581	-0.2696	0.8301
1264.00	63	-0.5310	-0.4187	0.8002
1265.00	63	-0.3569	-0.5701	0.8264
1266.00	63	-0.1813	-0.7091	0.8245
1267.00	63	-0.0327	-0.6179	0.8204
1268.00	63	-0.0503	-0.4831	0.8055
1269.00	63	-0.0823	-0.2480	0.8351
1270.00	63	0.0334	-0.1280	0.9100
1271.00	63	0.0321	-0.1250	0.8404
1272.00	63	0.0340	-0.1251	0.7061
1273.00	63	0.0415	-0.1289	0.5311
1274.00	63	0.0596	-0.1315	0.3277
1275.00	63	0.0751	-0.1339	0.1655
1276.00	63	0.1308	-0.1887	0.1345
1277.00	63	0.1727	-0.2520	0.0793
1278.00	63	0.1711	-0.2558	0.0761
1279.00	63	0.1712	-0.2558	0.0761
1280.00	64	-0.9815	0.3979	0.8259
1281.00	64	-1.1586	0.0228	0.8315
1282.00	64	-0.9655	-0.1083	0.8128
1283.00	64	-0.7584	-0.2695	0.8300
1284.00	64	-0.5314	-0.4205	0.7993
1285.00	64	-0.3511	-0.5721	0.8276
1286.00	64	-0.1855	-0.7044	0.8241
1287.00	64	-0.0327	-0.6179	0.8204
1288.00	64	-0.0503	-0.4848	0.8045
1289.00	64	-0.0824	-0.2482	0.8356
1290.00	64	0.0334	-0.1278	0.9098
1291.00	64	0.0322	-0.1249	0.8347
1292.00	64	0.0344	-0.1254	0.6899
1293.00	64	0.0450	-0.1299	0.4889
1294.00	64	0.0625	-0.1316	0.2955
1295.00	64	0.0830	-0.1387	0.1449
1296.00	64	0.1232	-0.1813	0.1361
1297.00	64	0.1729	-0.2530	0.0787
1298.00	64	0.1712	-0.2558	0.0761
1299.00	64	0.1712	-0.2558	0.0761
1300.00	65	-0.9792	0.3948	0.8261
1301.00	65	-1.1582	0.0218	0.8310
1302.00	65	-0.9659	-0.1078	0.8129
1303.00	65	-0.7591	-0.2692	0.8298
1304.00	65	-0.5311	-0.4194	0.7998
1305.00	65	-0.3545	-0.5710	0.8268
1306.00	65	-0.1799	-0.7106	0.8246
1307.00	65	-0.0327	-0.6184	0.8214
1308.00	65	-0.0504	-0.4850	0.8044
1309.00	65	-0.0823	-0.2480	0.8353
1310.00	65	0.0331	-0.1273	0.9089
1311.00	65	0.0321	-0.1251	0.8512
1312.00	65	0.0337	-0.1249	0.7261
1313.00	65	0.0435	-0.1295	0.5058
1314.00	65	0.0582	-0.1315	0.3441
1315.00	65	0.0738	-0.1334	0.1779
1316.00	65	0.1420	-0.2038	0.1306
1317.00	65	0.1712	-0.2558	0.0761
1318.00	65	0.1712	-0.2558	0.0761
1319.00	65	0.1712	-0.2558	0.0761
1320.00	66	-0.9850	0.4030	0.8258
1321.00	66	-1.1586	0.0256	0.8337
1322.00	66	-0.9651	-0.1089	0.8128
1323.00	66	-0.7579	-0.2697	0.8301
1324.00	66	-0.5314	-0.4203	0.7994
1325.00	66	-0.3545	-0.5710	0.8268
1326.00	66	-0.1792	-0.7113	0.8247
1327.00	66	-0.0326	-0.6177	0.8201
1328.00	66	-0.0503	-0.4840	0.8050
1329.00	66	-0.0823	-0.2480	0.8351
1330.00	66	0.0331	-0.1273	0.9089
1331.00	66	0.0321	-0.1251	0.8512
1332.00	66	0.0350	-0.1258	0.6652
1333.00	66	0.0419	-0.1290	0.5268
1334.00	66	0.0574	-0.1315	0.3524
1335.00	66	0.0853	-0.1411	0.1450
1336.00	66	0.1338	-0.1919	0.1338
1337.00	66	0.1712	-0.2558	0.0761
1338.00	66	0.1712	-0.2558	0.0761
1339.00	66	0.1712	-0.2558	0.0761
1340.00	67	-0.9856	0.4039	0.8258
1341.00	67	-1.1589	0.0234	0.8318
1342.00	67	-0.9656	-0.1082	0.8128
1343.00	67	-0.7616	-0.2680	0.8286
1344.00	67	-0.5314	-0.4203	0.7994
1345.00	67	-0.3528	-0.5716	0.8272
1346.00	67	-0.1869	-0.7028	0.8239
1347.00	67	-0.0327	-0.6179	0.8204
1348.00	67	-0.0504	-0.4851	0.8043
1349.00	67	-0.0824	-0.2482	0.8356
1350.00	67	0.0332	-0.1275	0.9093
1351.00	67	0.0321	-0.1251	0.8512
1352.00	67	0.0342	-0.1252	0.7020
1353.00	67	0.0453	-0.1300	0.4847
1354.00	67	0.0596	-0.1315	0.3277
1355.00	67	0.0779	-0.1352	0.1461
1356.00	67	0.1401	-0.2003	0.1318
1357.00	67	0.1712	-0.2558	0.0761
1358.00	67	0.1712	-0.2558	0.0761
1359.00	67	0.1712	-0.2558	0.0761
1360.00	68	-0.9827	0.3995	0.8259
1361.00	68	-1.1587	0.0255	0.8336
1362.00	68	-0.9652	-0.1087	0.8128
1363.00	68	-0.7598	-0.2689	0.8296
1364.00	68	-0.5309	-0.4178	0.8006
1365.00	68	-0.3465	-0.5736	0.8289
1366.00	68	-0.1792	-0.7113	0.8247
1367.00	68	-0.0324	-0.6185	0.8219
1368.00	68	-0.0503	-0.4844	0.8048
1369.00	68	-0.0824	-0.2483	0.8358
1370.00	68	0.0333	-0.1277	0.9097
1371.00	68	0.0321	-0.1255	0.8698
1372.00	68	0.0344	-0.1253	0.6939
1373.00	68	0.0428	-0.1293	0.5142
1374.00	68	0.0635	-0.1317	0.2837
1375.00	68	0.0772	-0.1350	0.1485
1376.00	68	0.1362	-0.1951	0.1331
1377.00	68	0.1712	-0.2558	0.0761
1378.00	68	0.1711	-0.2558	0.0761
1379.00	68	0.1712	-0.2558	0.0761
1380.00	69	-0.9844	0.4021	0.8258
1381.00	69	-1.1589	0.0234	0.8318
1382.00	69	-0.9663	-0.1073	0.8130
1383.00	69	-0.7609	-0.2684	0.8291
1384.00	69	-0.5309	-0.4178	0.8006
1385.00	69	-0.3481	-0.5731	0.8284
1386.00	69	-0.1799	-0.7106	0.8246
1387.00	69	-0.0325	-0.6175	0.8199
1388.00	69	-0.0503	-0.4849	0.8044
1389.00	69	-0.0826	-0.2487	0.8365
1390.00	69	0.0331	-0.1273	0.9089
1391.00	69	0.0320	-0.1252	0.8537
1392.00	69	0.0344	-0.1254	0.6899
1393.00	69	0.0479	-0.1306	0.4554
1394.00	69	0.0625	-0.1316	0.2955
1395.00	69	0.0842	-0.1400	0.1449
1396.00	69	0.1323	-0.1903	0.1341
1397.00	69	0.1712	-0.2558	0.0761
1398.00	69	0.1712	-0.2558	0.0761
1399.00	69	0.1712	-0.2558	0.0761
1400.00	70	-0.9827	0.3995	0.8259
1401.00	70	-1.1590	0.0239	0.8322
1402.00	70	-0.9661	-0.1075	0.8129
1403.00	70	-0.7609	-0.2684	0.8291
1404.00	70	-0.5309	-0.4178	0.8006
1405.00	70	-0.3481	-0.5731	0.8284
1406.00	70	-0.1869	-0.7028	0.8239
1407.00	70	-0.0323	-0.6172	0.8196
1408.00	70	-0.0502	-0.4835	0.8052
1409.00	70	-0.0825	-0.2484	0.8361
1410.00	70	0.0332	-0.1272	0.9086
1411.00	70	0.0321	-0.1252	0.8562
1412.00	70	0.0351	-0.1259	0.6610
1413.00	70	0.0428	-0.1293	0.5142
1414.00	70	0.0593	-0.1315	0.3318
1415.00	70	0.0758	-0.1343	0.1596
1416.00	70	0.1292	-0.1872	0.1348
1417.00	70	0.1712	-0.2558	0.0761
1418.00	70	0.1711	-0.2558	0.0761
1419.00	70	0.1712	-0.2558	0.0761
1420.00	71	-0.9753	0.3898	0.8263
1421.00	71	-1.1589	0.0237	0.8321
1422.00	71	-0.9654	-0.1085	0.8128
1423.00	71	-0.7604	-0.2686	0.8293
1424.00	71	-0.5312	-0.4199	0.7996
1425.00	71	-0.3490	-0.5729	0.8281
1426.00	71	-0.1778	-0.7129	0.8248
1427.00	71	-0.0328	-0.6183	0.8211
1428.00	71	-0.0502	-0.4837	0.8052
1429.00	71	-0.0827	-0.2490	0.8372
1430.00	71	0.0328	-0.1266	0.9037
1431.00	71	0.0322	-0.1249	0.8288
1432.00	71	0.0353	-0.1260	0.6569
1433.00	71	0.0435	-0.1295	0.5058
1434.00	71	0.0625	-0.1316	0.2955
1435.00	71	0.0779	-0.1352	0.1461
1436.00	71	0.1277	-0.1858	0.1351
1437.00	71	0.1711	-0.2558	0.0761
1438.00	71	0.1712	-0.2558	0.0761
1439.00	71	0.1712	-0.2558	0.0761
1440.00	72	-0.9775	0.3926	0.8262
1441.00	72	-1.1572	0.0202	0.8304
1442.00	72	-0.9658	-0.1080	0.8128
1443.00	72	-0.7593	-0.2691	0.8297
1444.00	72	-0.5311	-0.4194	0.7998
1445.00	72	-0.3485	-0.5730	0.8282
1446.00	72	-0.1785	-0.7121	0.8247
1447.00	72	-0.0326	-0.6184	0.8216
1448.00	72	-0.0503	-0.4844	0.8048
1449.00	72	-0.0829	-0.2497	0.8391
1450.00	72	0.0330	-0.1268	0.9065
1451.00	72	0.0325	-0.1247	0.8100
1452.00	72	0.0344	-0.1254	0.6899
1453.00	72	0.0426	-0.1292	0.5184
1454.00	72	0.0640	-0.1318	0.2796
1455.00	72	0.0842	-0.1400	0.1449
1456.00	72	0.1429	-0.2058	0.1299
1457.00	72	0.1712	-0.2558	0.0761
1458.00	72	0.1712	-0.2558	0.0761
1459.00	72	0.1712	-0.2558	0.0761
1460.00	73	-0.9742	0.3883	0.8264
1461.00	73	-1.1564	0.0188	0.8300
1462.00	73	-0.9660	-0.1077	0.8129
1463.00	73	-0.7600	-0.2688	0.8295
1464.00	73	-0.5310	-0.4190	0.8000
1465.00	73	-0.3495	-0.5727	0.8279
1466.00	73	-0.1848	-0.7052	0.8242
1467.00	73	-0.0320	-0.6168	0.8194
1468.00	73	-0.0505	-0.4858	0.8038
1469.00	73	-0.0829	-0.2494	0.8384
1470.00	73	0.0329	-0.1266	0.9044
1471.00	73	0.0324	-0.1247	0.8165
1472.00	73	0.0346	-0.1255	0.6858
1473.00	73	0.0491	-0.1308	0.4430
1474.00	73	0.0650	-0.1318	0.2679
1475.00	73	0.0873	-0.1431	0.1452
1476.00	73	0.1450	-0.2103	0.1270
1477.00	73	0.1712	-0.2558	0.0761
1478.00	73	0.1712	-0.2558	0.0761
1479.00	73	0.1712	-0.2558	0.0761
1480.00	74	-0.9775	0.3926	0.8262
1481.00	74	-1.1569	0.0197	0.8303
1482.00	74	-0.9658	-0.1080	0.8128
1483.00	74	-0.7598	-0.2689	0.8296
1484.00	74	-0.5309	-0.4185	0.8003
1485.00	74	-0.3469	-0.5735	0.8288
1486.00	74	-0.1792	-0.7113	0.8247
1487.00	74	-0.0307	-0.6151	0.8185
1488.00	74	-0.0503	-0.4848	0.8045
1489.00	74	-0.0826	-0.2488	0.8367
1490.00	74	0.0327	-0.1264	0.9008
1491.00	74	0.0324	-0.1247	0.8165
1492.00	74	0.0346	-0.1255	0.6817
1493.00	74	0.0487	-0.1307	0.4472
1494.00	74	0.0610	-0.1315	0.3117
1495.00	74	0.0901	-0.1461	0.1453
1496.00	74	0.1401	-0.2003	0.1318
1497.00	74	0.1709	-0.2558	0.0761
1498.00	74	0.1712	-0.2558	0.0761
1499.00	74	0.1712	-0.2558	0.0761
1500.00	75	-0.9753	0.3898	0.8263
1501.00	75	-1.1586	0.0228	0.8315
1502.00	75	-0.9665	-0.1070	0.8131
1503.00	75	-0.7611	-0.2683	0.8290
1504.00	75	-0.5310	-0.4190	0.8000
1505.00	75	-0.3465	-0.5736	0.8289
1506.00	75	-0.1819	-0.7083	0.8245
1507.00	75	-0.0320	-0.6168	0.8194
1508.00	75	-0.0503	-0.4848	0.8045
1509.00	75	-0.0826	-0.2488	0.8369
1510.00	75	0.0331	-0.1273	0.9089
1511.00	75	0.0323	-0.1248	0.8196
1512.00	75	0.0353	-0.1260	0.6569
1513.00	75	0.0483	-0.1307	0.4513
1514.00	75	0.0643	-0.1318	0.2757
1515.00	75	0.0853	-0.1411	0.1450
1516.00	75	0.1463	-0.2127	0.1241
1517.00	75	0.1711	-0.2558	0.0761
1518.00	75	0.1712	-0.2558	0.0761
1519.00	75	0.1712	-0.2558	0.0761
1520.00	76	-0.9700	0.3829	0.8269
1521.00	76	-1.1578	0.0210	0.8308
1522.00	76	-0.9668	-0.1066	0.8132
1523.00	76	-0.7607	-0.2685	0.8292
1524.00	76	-0.5309	-0.4182	0.8004
1525.00	76	-0.3452	-0.5739	0.8295
1526.00	76	-0.1778	-0.7129	0.8248
1527.00	76	-0.0304	-0.6147	0.8183
1528.00	76	-0.0503	-0.4844	0.8048
1529.00	76	-0.0830	-0.2498	0.8395
1530.00	76	0.0329	-0.1268	0.9060
1531.00	76	0.0321	-0.1251	0.8459
1532.00	76	0.0344	-0.1254	0.6899
1533.00	76	0.0439	-0.1296	0.5015
1534.00	76	0.0654	-0.1319	0.2639
1535.00	76	0.0921	-0.1480	0.1450
1536.00	76	0.1390	-0.1986	0.1323
1537.00	76	0.1712	-0.2558	0.0761
1538.00	76	0.1712	-0.2558	0.0761
1539.00	76	0.1712	-0.2558	0.0761
1540.00	77	-0.9758	0.3905	0.8263
1541.00	77	-1.1541	0.0156	0.8292
1542.00	77	-0.9670	-0.1064	0.8133
1543.00	77	-0.7600	-0.2688	0.8295
1544.00	77	-0.5309	-0.4178	0.8006
1545.00	77	-0.3442	-0.5742	0.8299
1546.00	77	-0.1719	-0.7195	0.8253
1547.00	77	-0.0325	-0.6175	0.8199
1548.00	77	-0.0504	-0.4850	0.8044
1549.00	77	-0.0829	-0.2494	0.8382
1550.00	77	0.0327	-0.1264	0.9008
1551.00	77	0.0321	-0.1249	0.8377
1552.00	77	0.0364	-0.1267	0.6235
1553.00	77	0.0487	-0.1307	0.4472
1554.00	77	0.0661	-0.1319	0.2562
1555.00	77	0.0901	-0.1461	0.1453
1556.00	77	0.1401	-0.2003	0.1318
1557.00	77	0.1712	-0.2558	0.0761
1558.00	77	0.1712	-0.2558	0.0761
1559.00	77	0.1712	-0.2558	0.0761
1560.00	78	-0.9753	0.3898	0.8263
1561.00	78	-1.1538	0.0151	0.8292
1562.00	78	-0.9668	-0.1066	0.8132
1563.00	78	-0.7612	-0.2682	0.8289
1564.00	78	-0.5310	-0.4169	0.8010
1565.00	78	-0.3439	-0.5743	0.8301
1566.00	78	-0.1826	-0.7076	0.8244
1567.00	78	-0.0311	-0.6156	0.8187
1568.00	78	-0.0503	-0.4844	0.8048
1569.00	78	-0.0828	-0.2492	0.8377
1570.00	78	0.0325	-0.1262	0.8981
1571.00	78	0.0322	-0.1249	0.8258
1572.00	78	0.0364	-0.1267	0.6235
1573.00	78	0.0507	-0.1310	0.4264
1574.00	78	0.0610	-0.1315	0.3117
1575.00	78	0.1000	-0.1566	0.1431
1576.00	78	0.1503	-0.2187	0.1125
1577.00	78	0.1712	-0.2558	0.0761
1578.00	78	0.1712	-0.2558	0.0761
1579.00	78	0.1712	-0.2558	0.0761
1580.00	79	-0.9780	0.3934	0.8262
1581.00	79	-1.1550	0.0168	0.8295
1582.00	79	-0.9668	-0.1066	0.8132
1583.00	79	-0.7623	-0.2676	0.8281
1584.00	79	-0.5309	-0.4175	0.8008
1585.00	79	-0.3442	-0.5742	0.8299
1586.00	79	-0.1778	-0.7129	0.8248
1587.00	79	-0.0296	-0.6137	0.8181
1588.00	79	-0.0504	-0.4851	0.8043
1589.00	79	-0.0829	-0.2496	0.8389
1590.00	79	0.0327	-0.1264	0.9008
1591.00	79	0.0323	-0.1248	0.8196
1592.00	79	0.0355	-0.1262	0.6485
1593.00	79	0.0472	-0.1305	0.4638
1594.00	79	0.0664	-0.1320	0.2524
1595.00	79	0.0986	-0.1550	0.1435
1596.00	79	0.1390	-0.1986	0.1323
1597.00	79	0.1712	-0.2558	0.0761
1598.00	79	0.1712	-0.2558	0.0761
1599.00	79	0.1712	-0.2558	0.0761
