0.00	0	0.0930	0.5865	0.3658
1.00	0	0.0629	0.5523	0.8114
2.00	0	0.0527	0.5490	0.8257
3.00	0	0.0403	0.5367	0.8391
4.00	0	0.0182	0.3395	0.8370
5.00	0	0.0285	0.3427	0.8408
6.00	0	0.0118	0.1656	0.8232
7.00	0	-0.0009	0.1766	0.8556
8.00	0	-0.0441	-0.0086	0.8695
9.00	0	-0.0650	0.0136	0.8918
10.00	0	-0.0569	0.0111	0.8672
11.00	0	-0.0560	0.0113	0.8263
12.00	0	-0.0559	0.0126	0.7509
13.00	0	-0.0557	0.0137	0.7009
14.00	0	-0.0550	0.0158	0.6225
15.00	0	-0.0532	0.0181	0.5457
16.00	0	-0.0505	0.0213	0.4655
17.00	0	-0.0480	0.0250	0.3956
18.00	0	-0.0438	0.0325	0.3027
19.00	0	-0.0256	0.0535	0.1464
20.00	1	0.0955	0.5862	0.4348
21.00	1	0.0632	0.5521	0.8118
22.00	1	0.0522	0.5487	0.8258
23.00	1	0.0403	0.5367	0.8391
24.00	1	0.0181	0.3390	0.8370
25.00	1	0.0281	0.3440	0.8404
26.00	1	0.0118	0.1656	0.8232
27.00	1	-0.0009	0.1766	0.8556
28.00	1	-0.0441	-0.0086	0.8695
29.00	1	-0.0650	0.0136	0.8918
30.00	1	-0.0564	0.0113	0.8557
31.00	1	-0.0560	0.0113	0.8263
32.00	1	-0.0558	0.0122	0.7689
33.00	1	-0.0557	0.0137	0.7009
34.00	1	-0.0545	0.0166	0.5970
35.00	1	-0.0532	0.0181	0.5457
36.00	1	-0.0492	0.0231	0.4323
37.00	1	-0.0480	0.0250	0.3956
38.00	1	-0.0442	0.0318	0.3106
39.00	1	-0.0256	0.0535	0.1464
40.00	2	0.0930	0.5865	0.3658
41.00	2	0.0632	0.5521	0.8118
42.00	2	0.0523	0.5487	0.8258
43.00	2	0.0387	0.5292	0.8394
44.00	2	0.0182	0.3395	0.8370
45.00	2	0.0290	0.3409	0.8412
46.00	2	0.0122	0.1651	0.8233
47.00	2	-0.0010	0.1766	0.8556
48.00	2	-0.0453	-0.0083	0.8709
49.00	2	-0.0650	0.0136	0.8918
50.00	2	-0.0564	0.0113	0.8535
51.00	2	-0.0560	0.0113	0.8263
52.00	2	-0.0558	0.0124	0.7582
53.00	2	-0.0554	0.0148	0.6601
54.00	2	-0.0547	0.0163	0.6055
55.00	2	-0.0532	0.0181	0.5457
56.00	2	-0.0507	0.0211	0.4697
57.00	2	-0.0480	0.0250	0.3956
58.00	2	-0.0434	0.0335	0.2910
59.00	2	-0.0256	0.0535	0.1464
60.00	3	0.0930	0.5865	0.3658
61.00	3	0.0632	0.5521	0.8118
62.00	3	0.0519	0.5485	0.8258
63.00	3	0.0403	0.5367	0.8391
64.00	3	0.0181	0.3391	0.8370
65.00	3	0.0283	0.3433	0.8407
66.00	3	0.0120	0.1653	0.8232
67.00	3	-0.0009	0.1766	0.8556
68.00	3	-0.0441	-0.0086	0.8695
69.00	3	-0.0649	0.0135	0.8921
70.00	3	-0.0562	0.0113	0.8468
71.00	3	-0.0560	0.0113	0.8263
72.00	3	-0.0559	0.0127	0.7472
73.00	3	-0.0557	0.0137	0.7009
74.00	3	-0.0544	0.0167	0.5928
75.00	3	-0.0529	0.0184	0.5371
76.00	3	-0.0502	0.0217	0.4572
77.00	3	-0.0461	0.0281	0.3548
78.00	3	-0.0445	0.0312	0.3186
79.00	3	-0.0256	0.0535	0.1464
80.00	4	0.0957	0.5861	0.4416
81.00	4	0.0632	0.5521	0.8117
82.00	4	0.0527	0.5490	0.8257
83.00	4	0.0392	0.5325	0.8393
84.00	4	0.0186	0.3405	0.8373
85.00	4	0.0282	0.3438	0.8405
86.00	4	0.0120	0.1653	0.8232
87.00	4	-0.0012	0.1755	0.8557
88.00	4	-0.0454	-0.0082	0.8711
89.00	4	-0.0650	0.0136	0.8918
90.00	4	-0.0563	0.0113	0.8491
91.00	4	-0.0560	0.0114	0.8148
92.00	4	-0.0558	0.0129	0.7397
93.00	4	-0.0557	0.0138	0.6969
94.00	4	-0.0537	0.0174	0.5670
95.00	4	-0.0527	0.0187	0.5286
96.00	4	-0.0492	0.0231	0.4323
97.00	4	-0.0480	0.0250	0.3956
98.00	4	-0.0445	0.0312	0.3186
99.00	4	-0.0256	0.0535	0.1464
100.00	5	0.0952	0.5863	0.4280
101.00	5	0.0630	0.5522	0.8115
102.00	5	0.0524	0.5488	0.8257
103.00	5	0.0403	0.5367	0.8391
104.00	5	0.0186	0.3405	0.8373
105.00	5	0.0277	0.3444	0.8403
106.00	5	0.0132	0.1642	0.8236
107.00	5	-0.0009	0.1766	0.8556
108.00	5	-0.0462	-0.0078	0.8722
109.00	5	-0.0638	0.0132	0.8934
110.00	5	-0.0563	0.0113	0.8514
111.00	5	-0.0559	0.0115	0.8056
112.00	5	-0.0559	0.0127	0.7472
113.00	5	-0.0557	0.0137	0.7009
114.00	5	-0.0549	0.0159	0.6183
115.00	5	-0.0528	0.0185	0.5329
116.00	5	-0.0500	0.0219	0.4530
117.00	5	-0.0470	0.0266	0.3750
118.00	5	-0.0426	0.0352	0.2716
119.00	5	-0.0256	0.0535	0.1464
120.00	6	0.0943	0.5864	0.4006
121.00	6	0.0627	0.5524	0.8111
122.00	6	0.0514	0.5481	0.8260
123.00	6	0.0403	0.5367	0.8391
124.00	6	0.0184	0.3398	0.8371
125.00	6	0.0286	0.3424	0.8409
126.00	6	0.0129	0.1644	0.8235
127.00	6	-0.0010	0.1766	0.8556
128.00	6	-0.0446	-0.0086	0.8700
129.00	6	-0.0650	0.0136	0.8918
130.00	6	-0.0569	0.0111	0.8672
131.00	6	-0.0560	0.0113	0.8263
132.00	6	-0.0558	0.0122	0.7689
133.00	6	-0.0557	0.0138	0.6969
134.00	6	-0.0540	0.0171	0.5798
135.00	6	-0.0524	0.0190	0.5202
136.00	6	-0.0490	0.0234	0.4203
137.00	6	-0.0472	0.0263	0.3791
138.00	6	-0.0440	0.0322	0.3067
139.00	6	-0.0256	0.0535	0.1464
140.00	7	0.0934	0.5865	0.3727
141.00	7	0.0625	0.5527	0.8107
142.00	7	0.0527	0.5490	0.8257
143.00	7	0.0398	0.5350	0.8392
144.00	7	0.0186	0.3405	0.8373
145.00	7	0.0288	0.3417	0.8410
146.00	7	0.0134	0.1640	0.8237
147.00	7	-0.0010	0.1764	0.8556
148.00	7	-0.0465	-0.0076	0.8727
149.00	7	-0.0646	0.0134	0.8924
150.00	7	-0.0561	0.0113	0.8318
151.00	7	-0.0560	0.0115	0.8087
152.00	7	-0.0558	0.0122	0.7689
153.00	7	-0.0554	0.0149	0.6559
154.00	7	-0.0550	0.0158	0.6225
155.00	7	-0.0517	0.0199	0.4990
156.00	7	-0.0494	0.0228	0.4364
157.00	7	-0.0480	0.0250	0.3956
158.00	7	-0.0445	0.0312	0.3186
159.00	7	-0.0256	0.0535	0.1464
160.00	8	0.0957	0.5861	0.4416
161.00	8	0.0629	0.5523	0.8113
162.00	8	0.0525	0.5488	0.8257
163.00	8	0.0394	0.5338	0.8392
164.00	8	0.0184	0.3398	0.8371
165.00	8	0.0283	0.3433	0.8407
166.00	8	0.0126	0.1647	0.8234
167.00	8	-0.0010	0.1766	0.8556
168.00	8	-0.0466	-0.0074	0.8729
169.00	8	-0.0650	0.0136	0.8918
170.00	8	-0.0567	0.0112	0.8579
171.00	8	-0.0560	0.0114	0.8177
172.00	8	-0.0559	0.0127	0.7472
173.00	8	-0.0556	0.0143	0.6806
174.00	8	-0.0537	0.0176	0.5627
175.00	8	-0.0522	0.0193	0.5117
176.00	8	-0.0500	0.0219	0.4530
177.00	8	-0.0451	0.0299	0.3345
178.00	8	-0.0434	0.0335	0.2910
179.00	8	-0.0256	0.0535	0.1464
180.00	9	0.0975	0.5853	0.4882
181.00	9	0.0626	0.5526	0.8108
182.00	9	0.0513	0.5481	0.8260
183.00	9	0.0388	0.5300	0.8393
184.00	9	0.0182	0.3394	0.8370
185.00	9	0.0290	0.3409	0.8412
186.00	9	0.0125	0.1648	0.8234
187.00	9	-0.0010	0.1765	0.8556
188.00	9	-0.0462	-0.0078	0.8722
189.00	9	-0.0636	0.0131	0.8936
190.00	9	-0.0561	0.0113	0.8344
191.00	9	-0.0560	0.0114	0.8148
192.00	9	-0.0558	0.0134	0.7128
193.00	9	-0.0555	0.0145	0.6725
194.00	9	-0.0544	0.0167	0.5928
195.00	9	-0.0515	0.0202	0.4907
196.00	9	-0.0480	0.0250	0.3956
197.00	9	-0.0456	0.0290	0.3426
198.00	9	-0.0432	0.0339	0.2871
199.00	9	-0.0256	0.0535	0.1464
200.00	10	0.0972	0.5854	0.4816
201.00	10	0.0630	0.5522	0.8114
202.00	10	0.0515	0.5482	0.8259
203.00	10	0.0393	0.5332	0.8392
204.00	10	0.0184	0.3400	0.8371
205.00	10	0.0292	0.3395	0.8414
206.00	10	0.0137	0.1637	0.8239
207.00	10	-0.0013	0.1741	0.8557
208.00	10	-0.0467	-0.0073	0.8731
209.00	10	-0.0645	0.0133	0.8927
210.00	10	-0.0569	0.0111	0.8672
211.00	10	-0.0559	0.0122	0.7725
212.00	10	-0.0559	0.0127	0.7472
213.00	10	-0.0552	0.0153	0.6434
214.00	10	-0.0542	0.0169	0.5840
215.00	10	-0.0529	0.0184	0.5371
216.00	10	-0.0484	0.0243	0.4077
217.00	10	-0.0468	0.0269	0.3709
218.00	10	-0.0442	0.0318	0.3106
219.00	10	-0.0256	0.0535	0.1464
220.00	11	0.0980	0.5850	0.5011
221.00	11	0.0628	0.5524	0.8112
222.00	11	0.0510	0.5479	0.8261
223.00	11	0.0396	0.5344	0.8392
224.00	11	0.0182	0.3395	0.8370
225.00	11	0.0292	0.3359	0.8420
226.00	11	0.0137	0.1637	0.8239
227.00	11	-0.0013	0.1745	0.8557
228.00	11	-0.0462	-0.0078	0.8722
229.00	11	-0.0644	0.0133	0.8928
230.00	11	-0.0561	0.0113	0.8370
231.00	11	-0.0559	0.0118	0.7929
232.00	11	-0.0559	0.0127	0.7472
233.00	11	-0.0555	0.0145	0.6684
234.00	11	-0.0547	0.0163	0.6055
235.00	11	-0.0513	0.0204	0.4864
236.00	11	-0.0500	0.0219	0.4530
237.00	11	-0.0447	0.0309	0.3226
238.00	11	-0.0432	0.0339	0.2871
239.00	11	-0.0256	0.0535	0.1464
240.00	12	0.0970	0.5855	0.4750
241.00	12	0.0624	0.5529	0.8105
242.00	12	0.0511	0.5479	0.8261
243.00	12	0.0373	0.5191	0.8396
244.00	12	0.0177	0.3382	0.8373
245.00	12	0.0289	0.3413	0.8411
246.00	12	0.0124	0.1649	0.8233
247.00	12	-0.0013	0.1753	0.8557
248.00	12	-0.0458	-0.0080	0.8717
249.00	12	-0.0641	0.0132	0.8931
250.00	12	-0.0567	0.0112	0.8579
251.00	12	-0.0559	0.0116	0.7993
252.00	12	-0.0558	0.0129	0.7359
253.00	12	-0.0554	0.0148	0.6601
254.00	12	-0.0545	0.0166	0.5970
255.00	12	-0.0513	0.0204	0.4864
256.00	12	-0.0502	0.0217	0.4572
257.00	12	-0.0445	0.0312	0.3186
258.00	12	-0.0434	0.0335	0.2910
259.00	12	-0.0256	0.0535	0.1464
260.00	13	0.0962	0.5861	0.4482
261.00	13	0.0629	0.5523	0.8114
262.00	13	0.0513	0.5481	0.8260
263.00	13	0.0382	0.5266	0.8395
264.00	13	0.0183	0.3397	0.8371
265.00	13	0.0283	0.3433	0.8407
266.00	13	0.0132	0.1642	0.8236
267.00	13	-0.0013	0.1747	0.8557
268.00	13	-0.0467	-0.0073	0.8731
269.00	13	-0.0633	0.0130	0.8938
270.00	13	-0.0564	0.0113	0.8557
271.00	13	-0.0559	0.0116	0.7993
272.00	13	-0.0558	0.0129	0.7397
273.00	13	-0.0550	0.0157	0.6265
274.00	13	-0.0544	0.0167	0.5928
275.00	13	-0.0515	0.0202	0.4907
276.00	13	-0.0495	0.0226	0.4406
277.00	13	-0.0450	0.0302	0.3305
278.00	13	-0.0416	0.0372	0.2488
279.00	13	-0.0256	0.0535	0.1464
280.00	14	0.0986	0.5846	0.5202
281.00	14	0.0623	0.5529	0.8104
282.00	14	0.0517	0.5483	0.8258
283.00	14	0.0380	0.5246	0.8395
284.00	14	0.0183	0.3397	0.8371
285.00	14	0.0284	0.3430	0.8407
286.00	14	0.0136	0.1638	0.8239
287.00	14	-0.0017	0.1715	0.8558
288.00	14	-0.0460	-0.0079	0.8718
289.00	14	-0.0645	0.0133	0.8927
290.00	14	-0.0567	0.0112	0.8579
291.00	14	-0.0560	0.0115	0.8118
292.00	14	-0.0556	0.0142	0.6847
293.00	14	-0.0553	0.0150	0.6518
294.00	14	-0.0539	0.0173	0.5713
295.00	14	-0.0513	0.0204	0.4864
296.00	14	-0.0475	0.0257	0.3872
297.00	14	-0.0456	0.0290	0.3426
298.00	14	-0.0427	0.0349	0.2754
299.00	14	-0.0256	0.0535	0.1464
300.00	15	0.0957	0.5861	0.4416
301.00	15	0.0622	0.5531	0.8103
302.00	15	0.0518	0.5484	0.8258
303.00	15	0.0377	0.5212	0.8395
304.00	15	0.0179	0.3386	0.8371
305.00	15	0.0292	0.3379	0.8417
306.00	15	0.0144	0.1633	0.8243
307.00	15	-0.0015	0.1731	0.8558
308.00	15	-0.0467	-0.0073	0.8731
309.00	15	-0.0624	0.0128	0.8943
310.00	15	-0.0560	0.0115	0.8087
311.00	15	-0.0558	0.0122	0.7689
312.00	15	-0.0557	0.0138	0.6969
313.00	15	-0.0554	0.0147	0.6642
314.00	15	-0.0542	0.0168	0.5883
315.00	15	-0.0519	0.0197	0.5033
316.00	15	-0.0481	0.0248	0.3997
317.00	15	-0.0448	0.0305	0.3265
318.00	15	-0.0409	0.0385	0.2342
319.00	15	-0.0256	0.0535	0.1464
320.00	16	0.0957	0.5861	0.4416
321.00	16	0.0627	0.5525	0.8110
322.00	16	0.0517	0.5483	0.8258
323.00	16	0.0378	0.5236	0.8395
324.00	16	0.0175	0.3379	0.8376
325.00	16	0.0292	0.3327	0.8424
326.00	16	0.0127	0.1646	0.8234
327.00	16	-0.0012	0.1757	0.8557
328.00	16	-0.0457	-0.0081	0.8715
329.00	16	-0.0628	0.0129	0.8941
330.00	16	-0.0561	0.0113	0.8318
331.00	16	-0.0559	0.0127	0.7435
332.00	16	-0.0559	0.0127	0.7435
333.00	16	-0.0553	0.0150	0.6518
334.00	16	-0.0522	0.0192	0.5159
335.00	16	-0.0511	0.0206	0.4822
336.00	16	-0.0484	0.0243	0.4077
337.00	16	-0.0451	0.0299	0.3345
338.00	16	-0.0405	0.0392	0.2237
339.00	16	-0.0256	0.0535	0.1464
340.00	17	0.0964	0.5858	0.4550
341.00	17	0.0623	0.5530	0.8104
342.00	17	0.0515	0.5482	0.8259
343.00	17	0.0371	0.5179	0.8396
344.00	17	0.0181	0.3393	0.8370
345.00	17	0.0288	0.3417	0.8410
346.00	17	0.0141	0.1635	0.8242
347.00	17	-0.0013	0.1747	0.8557
348.00	17	-0.0465	-0.0076	0.8727
349.00	17	-0.0644	0.0133	0.8928
350.00	17	-0.0561	0.0113	0.8344
351.00	17	-0.0559	0.0117	0.7961
352.00	17	-0.0558	0.0133	0.7206
353.00	17	-0.0552	0.0153	0.6434
354.00	17	-0.0527	0.0187	0.5286
355.00	17	-0.0511	0.0206	0.4822
356.00	17	-0.0475	0.0257	0.3872
357.00	17	-0.0434	0.0335	0.2910
358.00	17	-0.0430	0.0342	0.2832
359.00	17	-0.0256	0.0535	0.1464
360.00	18	0.0972	0.5854	0.4816
361.00	18	0.0621	0.5532	0.8103
362.00	18	0.0519	0.5485	0.8258
363.00	18	0.0375	0.5201	0.8395
364.00	18	0.0174	0.3378	0.8377
365.00	18	0.0292	0.3327	0.8424
366.00	18	0.0134	0.1640	0.8237
367.00	18	-0.0013	0.1753	0.8557
368.00	18	-0.0467	-0.0073	0.8731
369.00	18	-0.0625	0.0128	0.8943
370.00	18	-0.0562	0.0113	0.8395
371.00	18	-0.0559	0.0127	0.7472
372.00	18	-0.0556	0.0142	0.6847
373.00	18	-0.0550	0.0156	0.6308
374.00	18	-0.0532	0.0181	0.5457
375.00	18	-0.0517	0.0199	0.4990
376.00	18	-0.0464	0.0276	0.3590
377.00	18	-0.0464	0.0276	0.3590
378.00	18	-0.0403	0.0396	0.2201
379.00	18	-0.0256	0.0535	0.1464
380.00	19	0.0957	0.5861	0.4416
381.00	19	0.0621	0.5532	0.8103
382.00	19	0.0512	0.5480	0.8260
383.00	19	0.0360	0.5121	0.8398
384.00	19	0.0177	0.3383	0.8372
385.00	19	0.0291	0.3400	0.8413
386.00	19	0.0142	0.1634	0.8242
387.00	19	-0.0020	0.1700	0.8559
388.00	19	-0.0476	-0.0065	0.8747
389.00	19	-0.0637	0.0131	0.8935
390.00	19	-0.0563	0.0113	0.8491
391.00	19	-0.0559	0.0122	0.7725
392.00	19	-0.0554	0.0148	0.6601
393.00	19	-0.0547	0.0163	0.6055
394.00	19	-0.0532	0.0181	0.5457
395.00	19	-0.0505	0.0213	0.4655
396.00	19	-0.0485	0.0241	0.4118
397.00	19	-0.0458	0.0287	0.3466
398.00	19	-0.0409	0.0385	0.2342
399.00	19	-0.0256	0.0535	0.1464
400.00	20	0.0980	0.5850	0.5011
401.00	20	0.0620	0.5535	0.8103
402.00	20	0.0508	0.5478	0.8263
403.00	20	0.0360	0.5121	0.8398
404.00	20	0.0174	0.3377	0.8378
405.00	20	0.0292	0.3379	0.8417
406.00	20	0.0146	0.1632	0.8245
407.00	20	-0.0015	0.1731	0.8558
408.00	20	-0.0478	-0.0063	0.8752
409.00	20	-0.0637	0.0131	0.8935
410.00	20	-0.0560	0.0114	0.8177
411.00	20	-0.0559	0.0118	0.7895
412.00	20	-0.0558	0.0132	0.7245
413.00	20	-0.0550	0.0157	0.6265
414.00	20	-0.0525	0.0188	0.5244
415.00	20	-0.0507	0.0211	0.4697
416.00	20	-0.0483	0.0245	0.4038
417.00	20	-0.0429	0.0345	0.2793
418.00	20	-0.0407	0.0389	0.2306
419.00	20	-0.0256	0.0535	0.1464
420.00	21	0.0970	0.5855	0.4750
421.00	21	0.0621	0.5532	0.8103
422.00	21	0.0514	0.5481	0.8260
423.00	21	0.0377	0.5212	0.8395
424.00	21	0.0173	0.3377	0.8378
425.00	21	0.0290	0.3409	0.8412
426.00	21	0.0142	0.1634	0.8242
427.00	21	-0.0023	0.1676	0.8561
428.00	21	-0.0465	-0.0076	0.8727
429.00	21	-0.0620	0.0127	0.8945
430.00	21	-0.0562	0.0113	0.8395
431.00	21	-0.0558	0.0129	0.7397
432.00	21	-0.0557	0.0134	0.7167
433.00	21	-0.0554	0.0149	0.6559
434.00	21	-0.0534	0.0178	0.5542
435.00	21	-0.0494	0.0228	0.4364
436.00	21	-0.0460	0.0284	0.3507
437.00	21	-0.0450	0.0302	0.3305
438.00	21	-0.0427	0.0349	0.2754
439.00	21	-0.0256	0.0535	0.1464
440.00	22	0.1022	0.5823	0.6030
441.00	22	0.0617	0.5538	0.8105
442.00	22	0.0512	0.5480	0.8260
443.00	22	0.0377	0.5212	0.8395
444.00	22	0.0173	0.3377	0.8378
445.00	22	0.0293	0.3366	0.8419
446.00	22	0.0139	0.1636	0.8240
447.00	22	-0.0021	0.1689	0.8560
448.00	22	-0.0478	-0.0063	0.8752
449.00	22	-0.0638	0.0132	0.8934
450.00	22	-0.0560	0.0113	0.8290
451.00	22	-0.0558	0.0130	0.7321
452.00	22	-0.0558	0.0132	0.7245
453.00	22	-0.0542	0.0168	0.5883
454.00	22	-0.0524	0.0190	0.5202
455.00	22	-0.0497	0.0224	0.4447
456.00	22	-0.0483	0.0245	0.4038
457.00	22	-0.0432	0.0339	0.2871
458.00	22	-0.0416	0.0372	0.2488
459.00	22	-0.0256	0.0535	0.1464
460.00	23	0.1032	0.5807	0.6396
461.00	23	0.0624	0.5527	0.8106
462.00	23	0.0507	0.5477	0.8264
463.00	23	0.0381	0.5256	0.8394
464.00	23	0.0175	0.3379	0.8376
465.00	23	0.0292	0.3310	0.8427
466.00	23	0.0134	0.1640	0.8237
467.00	23	-0.0018	0.1710	0.8559
468.00	23	-0.0475	-0.0067	0.8744
469.00	23	-0.0636	0.0131	0.8936
470.00	23	-0.0559	0.0119	0.7862
471.00	23	-0.0559	0.0127	0.7435
472.00	23	-0.0554	0.0147	0.6642
473.00	23	-0.0542	0.0169	0.5840
474.00	23	-0.0527	0.0187	0.5286
475.00	23	-0.0513	0.0204	0.4864
476.00	23	-0.0477	0.0254	0.3913
477.00	23	-0.0456	0.0290	0.3426
478.00	23	-0.0407	0.0389	0.2272
479.00	23	-0.0256	0.0535	0.1464
480.00	24	0.0980	0.5850	0.5011
481.00	24	0.0622	0.5531	0.8103
482.00	24	0.0507	0.5477	0.8264
483.00	24	0.0352	0.5071	0.8399
484.00	24	0.0178	0.3384	0.8372
485.00	24	0.0291	0.3291	0.8429
486.00	24	0.0136	0.1638	0.8239
487.00	24	-0.0015	0.1728	0.8558
488.00	24	-0.0480	-0.0061	0.8754
489.00	24	-0.0633	0.0130	0.8938
490.00	24	-0.0559	0.0116	0.7993
491.00	24	-0.0558	0.0122	0.7689
492.00	24	-0.0556	0.0144	0.6766
493.00	24	-0.0537	0.0176	0.5627
494.00	24	-0.0531	0.0182	0.5414
495.00	24	-0.0484	0.0243	0.4077
496.00	24	-0.0461	0.0281	0.3548
497.00	24	-0.0429	0.0345	0.2793
498.00	24	-0.0412	0.0379	0.2414
499.00	24	-0.0256	0.0535	0.1464
500.00	25	0.0984	0.5849	0.5139
501.00	25	0.0617	0.5539	0.8105
502.00	25	0.0512	0.5480	0.8260
503.00	25	0.0368	0.5168	0.8396
504.00	25	0.0172	0.3376	0.8381
505.00	25	0.0292	0.3319	0.8426
506.00	25	0.0137	0.1637	0.8239
507.00	25	-0.0015	0.1731	0.8558
508.00	25	-0.0471	-0.0070	0.8738
509.00	25	-0.0628	0.0129	0.8941
510.00	25	-0.0560	0.0115	0.8118
511.00	25	-0.0558	0.0125	0.7545
512.00	25	-0.0555	0.0145	0.6725
513.00	25	-0.0537	0.0176	0.5627
514.00	25	-0.0535	0.0177	0.5585
515.00	25	-0.0495	0.0226	0.4406
516.00	25	-0.0467	0.0270	0.3670
517.00	25	-0.0440	0.0322	0.3067
518.00	25	-0.0421	0.0363	0.2601
519.00	25	-0.0256	0.0535	0.1464
520.00	26	0.1036	0.5799	0.6542
521.00	26	0.0617	0.5539	0.8105
522.00	26	0.0502	0.5474	0.8268
523.00	26	0.0366	0.5157	0.8396
524.00	26	0.0178	0.3384	0.8372
525.00	26	0.0289	0.3239	0.8434
526.00	26	0.0155	0.1629	0.8252
527.00	26	-0.0020	0.1694	0.8560
528.00	26	-0.0470	-0.0071	0.8736
529.00	26	-0.0610	0.0124	0.8951
530.00	26	-0.0560	0.0113	0.8263
531.00	26	-0.0558	0.0130	0.7321
532.00	26	-0.0556	0.0144	0.6766
533.00	26	-0.0551	0.0155	0.6350
534.00	26	-0.0522	0.0193	0.5117
535.00	26	-0.0502	0.0217	0.4572
536.00	26	-0.0450	0.0302	0.3305
537.00	26	-0.0426	0.0352	0.2716
538.00	26	-0.0419	0.0366	0.2563
539.00	26	-0.0256	0.0535	0.1464
540.00	27	0.0980	0.5850	0.5011
541.00	27	0.0618	0.5536	0.8104
542.00	27	0.0504	0.5475	0.8266
543.00	27	0.0350	0.5059	0.8399
544.00	27	0.0176	0.3380	0.8374
545.00	27	0.0292	0.3300	0.8428
546.00	27	0.0150	0.1630	0.8248
547.00	27	-0.0018	0.1710	0.8559
548.00	27	-0.0488	-0.0053	0.8770
549.00	27	-0.0629	0.0129	0.8940
550.00	27	-0.0559	0.0117	0.7961
551.00	27	-0.0559	0.0123	0.7654
552.00	27	-0.0553	0.0151	0.6476
553.00	27	-0.0547	0.0162	0.6098
554.00	27	-0.0519	0.0197	0.5033
555.00	27	-0.0508	0.0210	0.4739
556.00	27	-0.0477	0.0254	0.3913
557.00	27	-0.0443	0.0315	0.3146
558.00	27	-0.0402	0.0399	0.2167
559.00	27	-0.0256	0.0535	0.1464
560.00	28	0.1027	0.5817	0.6191
561.00	28	0.0621	0.5534	0.8103
562.00	28	0.0510	0.5479	0.8261
563.00	28	0.0366	0.5157	0.8396
564.00	28	0.0177	0.3383	0.8373
565.00	28	0.0293	0.3366	0.8419
566.00	28	0.0137	0.1637	0.8239
567.00	28	-0.0023	0.1676	0.8561
568.00	28	-0.0480	-0.0061	0.8754
569.00	28	-0.0618	0.0126	0.8947
570.00	28	-0.0560	0.0114	0.8148
571.00	28	-0.0558	0.0134	0.7128
572.00	28	-0.0551	0.0154	0.6392
573.00	28	-0.0542	0.0169	0.5840
574.00	28	-0.0509	0.0208	0.4781
575.00	28	-0.0500	0.0219	0.4530
576.00	28	-0.0466	0.0274	0.3630
577.00	28	-0.0443	0.0315	0.3146
578.00	28	-0.0394	0.0411	0.2030
579.00	28	-0.0256	0.0535	0.1464
580.00	29	0.1031	0.5800	0.6589
581.00	29	0.0622	0.5531	0.8103
582.00	29	0.0504	0.5475	0.8266
583.00	29	0.0338	0.4980	0.8405
584.00	29	0.0172	0.3376	0.8381
585.00	29	0.0291	0.3281	0.8430
586.00	29	0.0157	0.1628	0.8254
587.00	29	-0.0033	0.1621	0.8563
588.00	29	-0.0471	-0.0070	0.8738
589.00	29	-0.0615	0.0125	0.8948
590.00	29	-0.0559	0.0115	0.8056
591.00	29	-0.0559	0.0126	0.7509
592.00	29	-0.0557	0.0138	0.6969
593.00	29	-0.0550	0.0158	0.6225
594.00	29	-0.0517	0.0199	0.4990
595.00	29	-0.0494	0.0228	0.4364
596.00	29	-0.0468	0.0269	0.3709
597.00	29	-0.0419	0.0366	0.2563
598.00	29	-0.0407	0.0389	0.2272
599.00	29	-0.0256	0.0535	0.1464
600.00	30	0.1036	0.5799	0.6542
601.00	30	0.0623	0.5530	0.8104
602.00	30	0.0499	0.5471	0.8270
603.00	30	0.0336	0.4996	0.8402
604.00	30	0.0173	0.3377	0.8379
605.00	30	0.0285	0.3170	0.8440
606.00	30	0.0153	0.1629	0.8251
607.00	30	-0.0021	0.1689	0.8560
608.00	30	-0.0486	-0.0055	0.8767
609.00	30	-0.0625	0.0128	0.8943
610.00	30	-0.0560	0.0115	0.8118
611.00	30	-0.0557	0.0137	0.7009
612.00	30	-0.0551	0.0154	0.6392
613.00	30	-0.0549	0.0160	0.6140
614.00	30	-0.0511	0.0206	0.4822
615.00	30	-0.0490	0.0234	0.4203
616.00	30	-0.0470	0.0266	0.3750
617.00	30	-0.0442	0.0318	0.3106
618.00	30	-0.0402	0.0399	0.2167
619.00	30	-0.0256	0.0535	0.1464
620.00	31	0.0984	0.5849	0.5139
621.00	31	0.0617	0.5539	0.8105
622.00	31	0.0508	0.5478	0.8263
623.00	31	0.0344	0.5034	0.8400
624.00	31	0.0175	0.3379	0.8376
625.00	31	0.0293	0.3344	0.8422
626.00	31	0.0162	0.1628	0.8260
627.00	31	-0.0024	0.1669	0.8561
628.00	31	-0.0471	-0.0070	0.8738
629.00	31	-0.0613	0.0125	0.8950
630.00	31	-0.0559	0.0115	0.8056
631.00	31	-0.0558	0.0130	0.7321
632.00	31	-0.0555	0.0145	0.6684
633.00	31	-0.0547	0.0163	0.6055
634.00	31	-0.0525	0.0188	0.5244
635.00	31	-0.0500	0.0219	0.4530
636.00	31	-0.0445	0.0312	0.3186
637.00	31	-0.0427	0.0349	0.2754
638.00	31	-0.0389	0.0417	0.1963
639.00	31	-0.0256	0.0535	0.1464
640.00	32	0.1027	0.5817	0.6191
641.00	32	0.0621	0.5533	0.8103
642.00	32	0.0500	0.5472	0.8269
643.00	32	0.0336	0.4967	0.8406
644.00	32	0.0172	0.3375	0.8382
645.00	32	0.0286	0.3182	0.8439
646.00	32	0.0157	0.1628	0.8254
647.00	32	-0.0033	0.1621	0.8563
648.00	32	-0.0475	-0.0067	0.8744
649.00	32	-0.0620	0.0127	0.8945
650.00	32	-0.0559	0.0122	0.7725
651.00	32	-0.0557	0.0138	0.6969
652.00	32	-0.0552	0.0153	0.6434
653.00	32	-0.0533	0.0180	0.5499
654.00	32	-0.0515	0.0202	0.4907
655.00	32	-0.0500	0.0219	0.4530
656.00	32	-0.0470	0.0266	0.3750
657.00	32	-0.0419	0.0366	0.2563
658.00	32	-0.0374	0.0434	0.1777
659.00	32	-0.0256	0.0535	0.1464
660.00	33	0.1032	0.5807	0.6396
661.00	33	0.0617	0.5538	0.8105
662.00	33	0.0496	0.5470	0.8273
663.00	33	0.0354	0.5084	0.8399
664.00	33	0.0171	0.3375	0.8382
665.00	33	0.0292	0.3310	0.8427
666.00	33	0.0157	0.1628	0.8254
667.00	33	-0.0019	0.1705	0.8559
668.00	33	-0.0490	-0.0050	0.8775
669.00	33	-0.0603	0.0123	0.8955
670.00	33	-0.0558	0.0122	0.7689
671.00	33	-0.0559	0.0127	0.7435
672.00	33	-0.0555	0.0145	0.6684
673.00	33	-0.0542	0.0169	0.5840
674.00	33	-0.0498	0.0222	0.4489
675.00	33	-0.0473	0.0260	0.3832
676.00	33	-0.0450	0.0302	0.3305
677.00	33	-0.0421	0.0363	0.2601
678.00	33	-0.0386	0.0423	0.1928
679.00	33	-0.0256	0.0535	0.1464
680.00	34	0.1042	0.5782	0.6856
681.00	34	0.0616	0.5542	0.8108
682.00	34	0.0502	0.5474	0.8268
683.00	34	0.0366	0.5157	0.8396
684.00	34	0.0168	0.3372	0.8388
685.00	34	0.0289	0.3239	0.8434
686.00	34	0.0158	0.1628	0.8255
687.00	34	-0.0036	0.1603	0.8565
688.00	34	-0.0475	-0.0067	0.8744
689.00	34	-0.0604	0.0123	0.8954
690.00	34	-0.0558	0.0122	0.7689
691.00	34	-0.0555	0.0145	0.6725
692.00	34	-0.0555	0.0145	0.6725
693.00	34	-0.0540	0.0172	0.5755
694.00	34	-0.0495	0.0226	0.4406
695.00	34	-0.0473	0.0260	0.3832
696.00	34	-0.0443	0.0315	0.3146
697.00	34	-0.0414	0.0376	0.2451
698.00	34	-0.0403	0.0396	0.2201
699.00	34	-0.0256	0.0535	0.1464
700.00	35	0.1042	0.5782	0.6856
701.00	35	0.0615	0.5546	0.8113
702.00	35	0.0505	0.5476	0.8265
703.00	35	0.0334	0.4954	0.8406
704.00	35	0.0173	0.3377	0.8378
705.00	35	0.0284	0.3158	0.8441
706.00	35	0.0163	0.1628	0.8261
707.00	35	-0.0020	0.1700	0.8559
708.00	35	-0.0486	-0.0055	0.8767
709.00	35	-0.0619	0.0126	0.8946
710.00	35	-0.0558	0.0122	0.7689
711.00	35	-0.0557	0.0139	0.6928
712.00	35	-0.0550	0.0156	0.6308
713.00	35	-0.0540	0.0172	0.5755
714.00	35	-0.0517	0.0199	0.4990
715.00	35	-0.0492	0.0232	0.4244
716.00	35	-0.0451	0.0299	0.3345
717.00	35	-0.0427	0.0349	0.2754
718.00	35	-0.0403	0.0396	0.2201
719.00	35	-0.0256	0.0535	0.1464
720.00	36	0.1029	0.5815	0.6243
721.00	36	0.0620	0.5535	0.8103
722.00	36	0.0504	0.5475	0.8266
723.00	36	0.0338	0.4980	0.8405
724.00	36	0.0172	0.3376	0.8381
725.00	36	0.0280	0.3109	0.8445
726.00	36	0.0150	0.1630	0.8248
727.00	36	-0.0030	0.1638	0.8563
728.00	36	-0.0488	-0.0053	0.8770
729.00	36	-0.0608	0.0124	0.8952
730.00	36	-0.0559	0.0121	0.7760
731.00	36	-0.0555	0.0145	0.6684
732.00	36	-0.0555	0.0145	0.6684
733.00	36	-0.0529	0.0184	0.5371
734.00	36	-0.0494	0.0228	0.4364
735.00	36	-0.0475	0.0257	0.3872
736.00	36	-0.0445	0.0312	0.3186
737.00	36	-0.0417	0.0369	0.2525
738.00	36	-0.0389	0.0417	0.1963
739.00	36	-0.0256	0.0535	0.1464
740.00	37	0.1042	0.5777	0.6939
741.00	37	0.0615	0.5544	0.8110
742.00	37	0.0494	0.5469	0.8275
743.00	37	0.0324	0.4872	0.8412
744.00	37	0.0172	0.3375	0.8382
745.00	37	0.0283	0.3146	0.8442
746.00	37	0.0152	0.1629	0.8250
747.00	37	-0.0031	0.1630	0.8563
748.00	37	-0.0486	-0.0055	0.8767
749.00	37	-0.0604	0.0123	0.8954
750.00	37	-0.0558	0.0130	0.7321
751.00	37	-0.0556	0.0142	0.6847
752.00	37	-0.0554	0.0149	0.6559
753.00	37	-0.0533	0.0180	0.5499
754.00	37	-0.0520	0.0195	0.5075
755.00	37	-0.0483	0.0245	0.4038
756.00	37	-0.0451	0.0299	0.3345
757.00	37	-0.0403	0.0396	0.2201
758.00	37	-0.0389	0.0417	0.1963
759.00	37	-0.0256	0.0535	0.1464
760.00	38	0.1040	0.5787	0.6770
761.00	38	0.0615	0.5546	0.8113
762.00	38	0.0500	0.5473	0.8269
763.00	38	0.0341	0.5021	0.8400
764.00	38	0.0172	0.3376	0.8381
765.00	38	0.0291	0.3271	0.8431
766.00	38	0.0164	0.1628	0.8262
767.00	38	-0.0042	0.1563	0.8566
768.00	38	-0.0490	-0.0050	0.8775
769.00	38	-0.0619	0.0126	0.8946
770.00	38	-0.0559	0.0121	0.7760
771.00	38	-0.0556	0.0141	0.6887
772.00	38	-0.0549	0.0159	0.6183
773.00	38	-0.0537	0.0174	0.5670
774.00	38	-0.0492	0.0232	0.4244
775.00	38	-0.0485	0.0241	0.4118
776.00	38	-0.0445	0.0312	0.3186
777.00	38	-0.0411	0.0382	0.2378
778.00	38	-0.0349	0.0460	0.1556
779.00	38	-0.0256	0.0535	0.1464
780.00	39	0.1043	0.5774	0.6979
781.00	39	0.0616	0.5543	0.8109
782.00	39	0.0500	0.5473	0.8269
783.00	39	0.0356	0.5096	0.8398
784.00	39	0.0169	0.3373	0.8387
785.00	39	0.0289	0.3239	0.8434
786.00	39	0.0160	0.1628	0.8258
787.00	39	-0.0024	0.1669	0.8561
788.00	39	-0.0504	-0.0031	0.8798
789.00	39	-0.0607	0.0124	0.8953
790.00	39	-0.0558	0.0124	0.7582
791.00	39	-0.0558	0.0133	0.7206
792.00	39	-0.0542	0.0168	0.5883
793.00	39	-0.0531	0.0182	0.5414
794.00	39	-0.0498	0.0222	0.4489
795.00	39	-0.0472	0.0263	0.3791
796.00	39	-0.0442	0.0318	0.3106
797.00	39	-0.0409	0.0385	0.2342
798.00	39	-0.0391	0.0415	0.1997
799.00	39	-0.0256	0.0535	0.1464
800.00	40	0.1043	0.5774	0.6979
801.00	40	0.0617	0.5539	0.8105
802.00	40	0.0493	0.5468	0.8276
803.00	40	0.0339	0.5009	0.8401
804.00	40	0.0168	0.3372	0.8388
805.00	40	0.0283	0.3134	0.8442
806.00	40	0.0160	0.1628	0.8258
807.00	40	-0.0028	0.1647	0.8563
808.00	40	-0.0489	-0.0052	0.8772
809.00	40	-0.0605	0.0123	0.8953
810.00	40	-0.0559	0.0121	0.7760
811.00	40	-0.0558	0.0133	0.7206
812.00	40	-0.0547	0.0162	0.6098
813.00	40	-0.0517	0.0199	0.4990
814.00	40	-0.0502	0.0217	0.4572
815.00	40	-0.0473	0.0260	0.3832
816.00	40	-0.0445	0.0312	0.3186
817.00	40	-0.0396	0.0408	0.2064
818.00	40	-0.0394	0.0411	0.2030
819.00	40	-0.0256	0.0535	0.1464
820.00	41	0.1043	0.5772	0.7019
821.00	41	0.0616	0.5543	0.8109
822.00	41	0.0492	0.5468	0.8276
823.00	41	0.0332	0.4940	0.8408
824.00	41	0.0169	0.3372	0.8388
825.00	41	0.0286	0.3194	0.8438
826.00	41	0.0169	0.1629	0.8272
827.00	41	-0.0030	0.1638	0.8563
828.00	41	-0.0489	-0.0052	0.8772
829.00	41	-0.0599	0.0122	0.8958
830.00	41	-0.0559	0.0121	0.7760
831.00	41	-0.0554	0.0148	0.6601
832.00	41	-0.0553	0.0151	0.6476
833.00	41	-0.0529	0.0184	0.5371
834.00	41	-0.0509	0.0208	0.4781
835.00	41	-0.0470	0.0266	0.3750
836.00	41	-0.0450	0.0302	0.3305
837.00	41	-0.0412	0.0379	0.2414
838.00	41	-0.0341	0.0469	0.1507
839.00	41	-0.0256	0.0535	0.1464
840.00	42	0.1038	0.5796	0.6635
841.00	42	0.0616	0.5540	0.8106
842.00	42	0.0487	0.5465	0.8281
843.00	42	0.0317	0.4819	0.8415
844.00	42	0.0170	0.3374	0.8384
845.00	42	0.0290	0.3250	0.8433
846.00	42	0.0162	0.1628	0.8260
847.00	42	-0.0051	0.1508	0.8568
848.00	42	-0.0498	-0.0039	0.8790
849.00	42	-0.0603	0.0123	0.8955
850.00	42	-0.0558	0.0129	0.7359
851.00	42	-0.0557	0.0136	0.7049
852.00	42	-0.0542	0.0169	0.5840
853.00	42	-0.0524	0.0190	0.5202
854.00	42	-0.0490	0.0234	0.4203
855.00	42	-0.0460	0.0284	0.3507
856.00	42	-0.0454	0.0294	0.3386
857.00	42	-0.0411	0.0382	0.2378
858.00	42	-0.0380	0.0428	0.1838
859.00	42	-0.0256	0.0535	0.1464
860.00	43	0.1034	0.5805	0.6445
861.00	43	0.0614	0.5552	0.8120
862.00	43	0.0490	0.5467	0.8278
863.00	43	0.0330	0.4927	0.8409
864.00	43	0.0170	0.3373	0.8386
865.00	43	0.0286	0.3182	0.8439
866.00	43	0.0165	0.1628	0.8265
867.00	43	-0.0036	0.1603	0.8565
868.00	43	-0.0493	-0.0047	0.8780
869.00	43	-0.0596	0.0121	0.8959
870.00	43	-0.0558	0.0124	0.7618
871.00	43	-0.0558	0.0134	0.7128
872.00	43	-0.0546	0.0164	0.6013
873.00	43	-0.0532	0.0181	0.5457
874.00	43	-0.0485	0.0241	0.4118
875.00	43	-0.0464	0.0276	0.3590
876.00	43	-0.0448	0.0305	0.3265
877.00	43	-0.0398	0.0405	0.2098
878.00	43	-0.0359	0.0450	0.1633
879.00	43	-0.0256	0.0535	0.1464
880.00	44	0.1031	0.5800	0.6589
881.00	44	0.0615	0.5549	0.8116
882.00	44	0.0495	0.5469	0.8274
883.00	44	0.0314	0.4791	0.8417
884.00	44	0.0169	0.3372	0.8388
885.00	44	0.0289	0.3228	0.8435
886.00	44	0.0170	0.1630	0.8279
887.00	44	-0.0034	0.1612	0.8564
888.00	44	-0.0498	-0.0039	0.8790
889.00	44	-0.0603	0.0123	0.8955
890.00	44	-0.0558	0.0129	0.7397
891.00	44	-0.0557	0.0135	0.7088
892.00	44	-0.0549	0.0159	0.6183
893.00	44	-0.0519	0.0197	0.5033
894.00	44	-0.0492	0.0232	0.4244
895.00	44	-0.0466	0.0274	0.3630
896.00	44	-0.0450	0.0302	0.3305
897.00	44	-0.0398	0.0405	0.2098
898.00	44	-0.0385	0.0422	0.1901
899.00	44	-0.0256	0.0535	0.1464
900.00	45	0.1039	0.5789	0.6726
901.00	45	0.0615	0.5549	0.8116
902.00	45	0.0489	0.5467	0.8279
903.00	45	0.0329	0.4913	0.8409
904.00	45	0.0168	0.3372	0.8389
905.00	45	0.0270	0.2994	0.8451
906.00	45	0.0159	0.1628	0.8256
907.00	45	-0.0036	0.1603	0.8565
908.00	45	-0.0509	-0.0022	0.8807
909.00	45	-0.0597	0.0121	0.8959
910.00	45	-0.0559	0.0123	0.7654
911.00	45	-0.0554	0.0149	0.6559
912.00	45	-0.0550	0.0157	0.6265
913.00	45	-0.0515	0.0202	0.4907
914.00	45	-0.0485	0.0241	0.4118
915.00	45	-0.0472	0.0263	0.3791
916.00	45	-0.0430	0.0342	0.2832
917.00	45	-0.0386	0.0423	0.1928
918.00	45	-0.0368	0.0441	0.1717
919.00	45	-0.0256	0.0535	0.1464
920.00	46	0.1044	0.5769	0.7057
921.00	46	0.0614	0.5553	0.8122
922.00	46	0.0486	0.5465	0.8282
923.00	46	0.0311	0.4764	0.8419
924.00	46	0.0167	0.3371	0.8392
925.00	46	0.0272	0.3020	0.8450
926.00	46	0.0172	0.1632	0.8284
927.00	46	-0.0068	0.1415	0.8572
928.00	46	-0.0497	-0.0041	0.8787
929.00	46	-0.0592	0.0120	0.8960
930.00	46	-0.0558	0.0124	0.7618
931.00	46	-0.0551	0.0154	0.6392
932.00	46	-0.0550	0.0158	0.6225
933.00	46	-0.0533	0.0180	0.5499
934.00	46	-0.0497	0.0224	0.4447
935.00	46	-0.0472	0.0263	0.3791
936.00	46	-0.0432	0.0339	0.2871
937.00	46	-0.0409	0.0385	0.2342
938.00	46	-0.0380	0.0428	0.1838
939.00	46	-0.0256	0.0535	0.1464
940.00	47	0.1041	0.5754	0.7273
941.00	47	0.0614	0.5556	0.8127
942.00	47	0.0496	0.5470	0.8273
943.00	47	0.0314	0.4791	0.8417
944.00	47	0.0167	0.3371	0.8392
945.00	47	0.0267	0.2968	0.8452
946.00	47	0.0163	0.1628	0.8261
947.00	47	-0.0068	0.1415	0.8572
948.00	47	-0.0514	-0.0013	0.8813
949.00	47	-0.0593	0.0120	0.8960
950.00	47	-0.0558	0.0130	0.7321
951.00	47	-0.0557	0.0138	0.6969
952.00	47	-0.0550	0.0158	0.6225
953.00	47	-0.0527	0.0187	0.5286
954.00	47	-0.0492	0.0232	0.4283
955.00	47	-0.0477	0.0254	0.3913
956.00	47	-0.0425	0.0355	0.2679
957.00	47	-0.0386	0.0423	0.1928
958.00	47	-0.0352	0.0457	0.1581
959.00	47	-0.0256	0.0535	0.1464
960.00	48	0.1043	0.5774	0.6979
961.00	48	0.0614	0.5552	0.8120
962.00	48	0.0487	0.5465	0.8281
963.00	48	0.0334	0.4954	0.8406
964.00	48	0.0167	0.3371	0.8392
965.00	48	0.0270	0.2994	0.8451
966.00	48	0.0161	0.1628	0.8259
967.00	48	-0.0064	0.1439	0.8571
968.00	48	-0.0502	-0.0033	0.8796
969.00	48	-0.0598	0.0121	0.8958
970.00	48	-0.0558	0.0129	0.7359
971.00	48	-0.0555	0.0145	0.6684
972.00	48	-0.0542	0.0169	0.5840
973.00	48	-0.0531	0.0182	0.5414
974.00	48	-0.0492	0.0231	0.4323
975.00	48	-0.0458	0.0287	0.3466
976.00	48	-0.0417	0.0369	0.2525
977.00	48	-0.0407	0.0389	0.2306
978.00	48	-0.0377	0.0431	0.1807
979.00	48	-0.0256	0.0535	0.1464
980.00	49	0.1042	0.5777	0.6939
981.00	49	0.0615	0.5544	0.8110
982.00	49	0.0494	0.5469	0.8274
983.00	49	0.0334	0.4954	0.8406
984.00	49	0.0167	0.3371	0.8391
985.00	49	0.0271	0.3007	0.8451
986.00	49	0.0167	0.1628	0.8268
987.00	49	-0.0072	0.1390	0.8573
988.00	49	-0.0495	-0.0045	0.8782
989.00	49	-0.0602	0.0123	0.8955
990.00	49	-0.0557	0.0138	0.6969
991.00	49	-0.0549	0.0159	0.6183
992.00	49	-0.0532	0.0181	0.5457
993.00	49	-0.0507	0.0211	0.4697
994.00	49	-0.0472	0.0263	0.3791
995.00	49	-0.0464	0.0276	0.3590
996.00	49	-0.0435	0.0332	0.2949
997.00	49	-0.0398	0.0405	0.2098
998.00	49	-0.0329	0.0477	0.1475
999.00	49	-0.0256	0.0535	0.1464
1000.00	50	0.1044	0.5766	0.7095
1001.00	50	0.0615	0.5546	0.8113
1002.00	50	0.0487	0.5465	0.8281
1003.00	50	0.0305	0.4711	0.8423
1004.00	50	0.0168	0.3372	0.8388
1005.00	50	0.0280	0.3109	0.8445
1006.00	50	0.0172	0.1633	0.8289
1007.00	50	-0.0039	0.1583	0.8565
1008.00	50	-0.0513	-0.0015	0.8811
1009.00	50	-0.0601	0.0122	0.8956
1010.00	50	-0.0558	0.0134	0.7128
1011.00	50	-0.0549	0.0160	0.6140
1012.00	50	-0.0531	0.0182	0.5414
1013.00	50	-0.0519	0.0197	0.5033
1014.00	50	-0.0483	0.0245	0.4038
1015.00	50	-0.0464	0.0276	0.3590
1016.00	50	-0.0426	0.0352	0.2716
1017.00	50	-0.0394	0.0411	0.2030
1018.00	50	-0.0362	0.0447	0.1661
1019.00	50	-0.0256	0.0535	0.1464
1020.00	51	0.1043	0.5761	0.7168
1021.00	51	0.0614	0.5558	0.8132
1022.00	51	0.0484	0.5464	0.8284
1023.00	51	0.0320	0.4846	0.8414
1024.00	51	0.0168	0.3372	0.8388
1025.00	51	0.0276	0.3059	0.8447
1026.00	51	0.0167	0.1628	0.8268
1027.00	51	-0.0051	0.1508	0.8568
1028.00	51	-0.0518	-0.0006	0.8817
1029.00	51	-0.0593	0.0120	0.8960
1030.00	51	-0.0558	0.0129	0.7397
1031.00	51	-0.0555	0.0145	0.6725
1032.00	51	-0.0531	0.0182	0.5414
1033.00	51	-0.0509	0.0208	0.4781
1034.00	51	-0.0480	0.0250	0.3956
1035.00	51	-0.0437	0.0328	0.2988
1036.00	51	-0.0426	0.0352	0.2716
1037.00	51	-0.0403	0.0396	0.2201
1038.00	51	-0.0359	0.0450	0.1633
1039.00	51	-0.0256	0.0535	0.1464
1040.00	52	0.1042	0.5777	0.6939
1041.00	52	0.0615	0.5548	0.8115
1042.00	52	0.0484	0.5464	0.8284
1043.00	52	0.0304	0.4669	0.8424
1044.00	52	0.0168	0.3372	0.8389
1045.00	52	0.0281	0.3122	0.8443
1046.00	52	0.0172	0.1632	0.8284
1047.00	52	-0.0046	0.1542	0.8567
1048.00	52	-0.0505	-0.0029	0.8801
1049.00	52	-0.0602	0.0123	0.8955
1050.00	52	-0.0559	0.0127	0.7435
1051.00	52	-0.0553	0.0151	0.6476
1052.00	52	-0.0527	0.0187	0.5286
1053.00	52	-0.0498	0.0222	0.4489
1054.00	52	-0.0492	0.0231	0.4323
1055.00	52	-0.0450	0.0302	0.3305
1056.00	52	-0.0434	0.0335	0.2910
1057.00	52	-0.0398	0.0405	0.2098
1058.00	52	-0.0329	0.0477	0.1475
1059.00	52	-0.0256	0.0535	0.1464
1060.00	53	0.1044	0.5769	0.7057
1061.00	53	0.0614	0.5553	0.8122
1062.00	53	0.0481	0.5461	0.8287
1063.00	53	0.0329	0.4913	0.8409
1064.00	53	0.0167	0.3369	0.8394
1065.00	53	0.0262	0.2916	0.8454
1066.00	53	0.0169	0.1629	0.8274
1067.00	53	-0.0066	0.1427	0.8571
1068.00	53	-0.0511	-0.0018	0.8810
1069.00	53	-0.0593	0.0120	0.8960
1070.00	53	-0.0559	0.0127	0.7435
1071.00	53	-0.0553	0.0151	0.6476
1072.00	53	-0.0537	0.0174	0.5670
1073.00	53	-0.0503	0.0215	0.4613
1074.00	53	-0.0467	0.0270	0.3670
1075.00	53	-0.0460	0.0284	0.3507
1076.00	53	-0.0417	0.0369	0.2525
1077.00	53	-0.0374	0.0434	0.1777
1078.00	53	-0.0340	0.0496	0.1540
1079.00	53	-0.0256	0.0535	0.1464
1080.00	54	0.1041	0.5739	0.7432
1081.00	54	0.0615	0.5548	0.8115
1082.00	54	0.0488	0.5466	0.8280
1083.00	54	0.0324	0.4872	0.8412
1084.00	54	0.0167	0.3371	0.8389
1085.00	54	0.0272	0.3020	0.8450
1086.00	54	0.0172	0.1633	0.8289
1087.00	54	-0.0068	0.1415	0.8572
1088.00	54	-0.0525	0.0007	0.8823
1089.00	54	-0.0588	0.0119	0.8958
1090.00	54	-0.0557	0.0135	0.7088
1091.00	54	-0.0542	0.0168	0.5883
1092.00	54	-0.0540	0.0172	0.5755
1093.00	54	-0.0517	0.0199	0.4990
1094.00	54	-0.0483	0.0245	0.4038
1095.00	54	-0.0460	0.0284	0.3507
1096.00	54	-0.0430	0.0342	0.2832
1097.00	54	-0.0396	0.0408	0.2064
1098.00	54	-0.0341	0.0469	0.1507
1099.00	54	-0.0256	0.0535	0.1464
1100.00	55	0.1041	0.5754	0.7273
1101.00	55	0.0614	0.5552	0.8120
1102.00	55	0.0486	0.5465	0.8282
1103.00	55	0.0310	0.4751	0.8420
1104.00	55	0.0167	0.3369	0.8394
1105.00	55	0.0258	0.2863	0.8456
1106.00	55	0.0171	0.1631	0.8280
1107.00	55	-0.0064	0.1439	0.8571
1108.00	55	-0.0528	0.0011	0.8825
1109.00	55	-0.0584	0.0117	0.8946
1110.00	55	-0.0555	0.0145	0.6725
1111.00	55	-0.0547	0.0162	0.6098
1112.00	55	-0.0542	0.0168	0.5883
1113.00	55	-0.0511	0.0206	0.4822
1114.00	55	-0.0483	0.0245	0.4038
1115.00	55	-0.0461	0.0281	0.3548
1116.00	55	-0.0402	0.0399	0.2167
1117.00	55	-0.0386	0.0423	0.1928
1118.00	55	-0.0329	0.0477	0.1475
1119.00	55	-0.0256	0.0535	0.1464
1120.00	56	0.1036	0.5723	0.7598
1121.00	56	0.0615	0.5564	0.8143
1122.00	56	0.0481	0.5460	0.8288
1123.00	56	0.0308	0.4737	0.8421
1124.00	56	0.0167	0.3370	0.8392
1125.00	56	0.0258	0.2863	0.8456
1126.00	56	0.0171	0.1631	0.8282
1127.00	56	-0.0072	0.1390	0.8573
1128.00	56	-0.0510	-0.0020	0.8808
1129.00	56	-0.0598	0.0121	0.8958
1130.00	56	-0.0557	0.0136	0.7049
1131.00	56	-0.0547	0.0162	0.6098
1132.00	56	-0.0522	0.0193	0.5117
1133.00	56	-0.0503	0.0215	0.4613
1134.00	56	-0.0485	0.0241	0.4118
1135.00	56	-0.0440	0.0322	0.3067
1136.00	56	-0.0414	0.0376	0.2451
1137.00	56	-0.0398	0.0405	0.2098
1138.00	56	-0.0339	0.0473	0.1485
1139.00	56	-0.0256	0.0535	0.1464
1140.00	57	0.1043	0.5761	0.7168
1141.00	57	0.0614	0.5559	0.8133
1142.00	57	0.0479	0.5459	0.8289
1143.00	57	0.0305	0.4682	0.8423
1144.00	57	0.0167	0.3369	0.8394
1145.00	57	0.0264	0.2942	0.8453
1146.00	57	0.0172	0.1633	0.8289
1147.00	57	-0.0064	0.1439	0.8571
1148.00	57	-0.0530	0.0016	0.8827
1149.00	57	-0.0595	0.0121	0.8959
1150.00	57	-0.0556	0.0144	0.6766
1151.00	57	-0.0542	0.0169	0.5840
1152.00	57	-0.0524	0.0190	0.5202
1153.00	57	-0.0492	0.0232	0.4283
1154.00	57	-0.0475	0.0257	0.3872
1155.00	57	-0.0450	0.0302	0.3305
1156.00	57	-0.0414	0.0376	0.2451
1157.00	57	-0.0356	0.0453	0.1607
1158.00	57	-0.0341	0.0495	0.1536
1159.00	57	-0.0256	0.0535	0.1464
1160.00	58	0.1041	0.5751	0.7306
1161.00	58	0.0614	0.5552	0.8120
1162.00	58	0.0481	0.5460	0.8288
1163.00	58	0.0293	0.4606	0.8430
1164.00	58	0.0167	0.3369	0.8394
1165.00	58	0.0254	0.2837	0.8457
1166.00	58	0.0172	0.1635	0.8297
1167.00	58	-0.0058	0.1474	0.8570
1168.00	58	-0.0514	-0.0013	0.8813
1169.00	58	-0.0587	0.0118	0.8956
1170.00	58	-0.0557	0.0135	0.7088
1171.00	58	-0.0547	0.0162	0.6098
1172.00	58	-0.0537	0.0176	0.5627
1173.00	58	-0.0497	0.0224	0.4447
1174.00	58	-0.0461	0.0281	0.3548
1175.00	58	-0.0451	0.0299	0.3345
1176.00	58	-0.0407	0.0389	0.2272
1177.00	58	-0.0365	0.0444	0.1688
1178.00	58	-0.0332	0.0482	0.1499
1179.00	58	-0.0256	0.0535	0.1464
1180.00	59	0.1041	0.5751	0.7306
1181.00	59	0.0614	0.5554	0.8123
1182.00	59	0.0481	0.5462	0.8286
1183.00	59	0.0310	0.4751	0.8420
1184.00	59	0.0167	0.3369	0.8394
1185.00	59	0.0274	0.3033	0.8449
1186.00	59	0.0169	0.1629	0.8274
1187.00	59	-0.0094	0.1266	0.8578
1188.00	59	-0.0516	-0.0010	0.8815
1189.00	59	-0.0588	0.0119	0.8958
1190.00	59	-0.0557	0.0139	0.6928
1191.00	59	-0.0550	0.0156	0.6308
1192.00	59	-0.0516	0.0200	0.4948
1193.00	59	-0.0494	0.0228	0.4364
1194.00	59	-0.0484	0.0243	0.4077
1195.00	59	-0.0432	0.0339	0.2871
1196.00	59	-0.0400	0.0402	0.2132
1197.00	59	-0.0396	0.0408	0.2064
1198.00	59	-0.0334	0.0504	0.1541
1199.00	59	-0.0256	0.0535	0.1464
1200.00	60	0.1037	0.5726	0.7572
1201.00	60	0.0616	0.5565	0.8146
1202.00	60	0.0480	0.5460	0.8289
1203.00	60	0.0294	0.4619	0.8430
1204.00	60	0.0167	0.3371	0.8392
1205.00	60	0.0248	0.2787	0.8457
1206.00	60	0.0170	0.1629	0.8276
1207.00	60	-0.0060	0.1462	0.8570
1208.00	60	-0.0524	0.0005	0.8822
1209.00	60	-0.0594	0.0120	0.8960
1210.00	60	-0.0555	0.0145	0.6725
1211.00	60	-0.0539	0.0173	0.5713
1212.00	60	-0.0516	0.0200	0.4948
1213.00	60	-0.0497	0.0224	0.4447
1214.00	60	-0.0454	0.0294	0.3386
1215.00	60	-0.0430	0.0342	0.2832
1216.00	60	-0.0403	0.0396	0.2201
1217.00	60	-0.0352	0.0457	0.1581
1218.00	60	-0.0336	0.0502	0.1543
1219.00	60	-0.0256	0.0535	0.1464
1220.00	61	0.1032	0.5714	0.7672
1221.00	61	0.0615	0.5563	0.8142
1222.00	61	0.0479	0.5459	0.8289
1223.00	61	0.0304	0.4669	0.8424
1224.00	61	0.0167	0.3369	0.8394
1225.00	61	0.0272	0.3020	0.8450
1226.00	61	0.0172	0.1632	0.8287
1227.00	61	-0.0074	0.1378	0.8573
1228.00	61	-0.0533	0.0021	0.8829
1229.00	61	-0.0580	0.0116	0.8924
1230.00	61	-0.0557	0.0139	0.6928
1231.00	61	-0.0537	0.0176	0.5627
1232.00	61	-0.0528	0.0185	0.5329
1233.00	61	-0.0502	0.0217	0.4572
1234.00	61	-0.0454	0.0294	0.3386
1235.00	61	-0.0423	0.0359	0.2639
1236.00	61	-0.0391	0.0415	0.1997
1237.00	61	-0.0385	0.0422	0.1901
1238.00	61	-0.0329	0.0477	0.1475
1239.00	61	-0.0256	0.0535	0.1464
1240.00	62	0.1029	0.5709	0.7717
1241.00	62	0.0614	0.5560	0.8136
1242.00	62	0.0474	0.5457	0.8297
1243.00	62	0.0292	0.4580	0.8432
1244.00	62	0.0167	0.3370	0.8393
1245.00	62	0.0264	0.2942	0.8453
1246.00	62	0.0173	0.1634	0.8293
1247.00	62	-0.0079	0.1353	0.8574
1248.00	62	-0.0534	0.0023	0.8829
1249.00	62	-0.0588	0.0119	0.8958
1250.00	62	-0.0556	0.0141	0.6887
1251.00	62	-0.0540	0.0171	0.5798
1252.00	62	-0.0524	0.0190	0.5202
1253.00	62	-0.0508	0.0210	0.4739
1254.00	62	-0.0467	0.0270	0.3670
1255.00	62	-0.0423	0.0359	0.2639
1256.00	62	-0.0407	0.0389	0.2272
1257.00	62	-0.0331	0.0477	0.1469
1258.00	62	-0.0333	0.0485	0.1507
1259.00	62	-0.0256	0.0535	0.1464
1260.00	63	0.1024	0.5701	0.7781
1261.00	63	0.0614	0.5563	0.8140
1262.00	63	0.0475	0.5457	0.8296
1263.00	63	0.0292	0.4580	0.8432
1264.00	63	0.0168	0.3368	0.8395
1265.00	63	0.0258	0.2890	0.8457
1266.00	63	0.0172	0.1637	0.8305
1267.00	63	-0.0099	0.1241	0.8578
1268.00	63	-0.0534	0.0023	0.8829
1269.00	63	-0.0592	0.0120	0.8960
1270.00	63	-0.0557	0.0138	0.6969
1271.00	63	-0.0535	0.0177	0.5585
1272.00	63	-0.0533	0.0180	0.5499
1273.00	63	-0.0509	0.0208	0.4781
1274.00	63	-0.0475	0.0257	0.3872
1275.00	63	-0.0447	0.0309	0.3226
1276.00	63	-0.0396	0.0408	0.2064
1277.00	63	-0.0380	0.0428	0.1838
1278.00	63	-0.0326	0.0511	0.1523
1279.00	63	-0.0256	0.0535	0.1464
1280.00	64	0.1036	0.5723	0.7598
1281.00	64	0.0616	0.5566	0.8147
1282.00	64	0.0478	0.5459	0.8291
1283.00	64	0.0311	0.4764	0.8419
1284.00	64	0.0167	0.3370	0.8393
1285.00	64	0.0266	0.2955	0.8453
1286.00	64	0.0172	0.1637	0.8305
1287.00	64	-0.0092	0.1278	0.8577
1288.00	64	-0.0532	0.0018	0.8828
1289.00	64	-0.0590	0.0119	0.8959
1290.00	64	-0.0550	0.0157	0.6265
1291.00	64	-0.0540	0.0172	0.5755
1292.00	64	-0.0513	0.0204	0.4864
1293.00	64	-0.0492	0.0232	0.4283
1294.00	64	-0.0467	0.0270	0.3670
1295.00	64	-0.0421	0.0363	0.2601
1296.00	64	-0.0382	0.0425	0.1869
1297.00	64	-0.0382	0.0425	0.1869
1298.00	64	-0.0331	0.0506	0.1537
1299.00	64	-0.0256	0.0535	0.1464
1300.00	65	0.1037	0.5726	0.7572
1301.00	65	0.0616	0.5565	0.8146
1302.00	65	0.0477	0.5458	0.8292
1303.00	65	0.0306	0.4725	0.8422
1304.00	65	0.0168	0.3368	0.8395
1305.00	65	0.0257	0.2877	0.8457
1306.00	65	0.0172	0.1634	0.8295
1307.00	65	-0.0068	0.1415	0.8572
1308.00	65	-0.0530	0.0016	0.8827
1309.00	65	-0.0586	0.0118	0.8953
1310.00	65	-0.0556	0.0143	0.6806
1311.00	65	-0.0533	0.0180	0.5499
1312.00	65	-0.0513	0.0204	0.4864
1313.00	65	-0.0495	0.0226	0.4406
1314.00	65	-0.0461	0.0281	0.3548
1315.00	65	-0.0442	0.0318	0.3106
1316.00	65	-0.0396	0.0408	0.2064
1317.00	65	-0.0344	0.0466	0.1530
1318.00	65	-0.0336	0.0502	0.1543
1319.00	65	-0.0256	0.0535	0.1464
1320.00	66	0.1020	0.5696	0.7820
1321.00	66	0.0615	0.5564	0.8143
1322.00	66	0.0475	0.5457	0.8296
1323.00	66	0.0289	0.4554	0.8433
1324.00	66	0.0170	0.3367	0.8394
1325.00	66	0.0254	0.2837	0.8457
1326.00	66	0.0172	0.1636	0.8301
1327.00	66	-0.0074	0.1378	0.8573
1328.00	66	-0.0518	-0.0006	0.8817
1329.00	66	-0.0585	0.0117	0.8948
1330.00	66	-0.0552	0.0153	0.6434
1331.00	66	-0.0540	0.0172	0.5755
1332.00	66	-0.0529	0.0184	0.5371
1333.00	66	-0.0477	0.0254	0.3913
1334.00	66	-0.0475	0.0257	0.3872
1335.00	66	-0.0425	0.0355	0.2679
1336.00	66	-0.0380	0.0428	0.1838
1337.00	66	-0.0349	0.0460	0.1556
1338.00	66	-0.0322	0.0516	0.1502
1339.00	66	-0.0256	0.0535	0.1464
1340.00	67	0.1032	0.5714	0.7672
1341.00	67	0.0614	0.5561	0.8138
1342.00	67	0.0478	0.5459	0.8291
1343.00	67	0.0294	0.4619	0.8430
1344.00	67	0.0169	0.3368	0.8395
1345.00	67	0.0258	0.2890	0.8457
1346.00	67	0.0172	0.1635	0.8297
1347.00	67	-0.0112	0.1167	0.8582
1348.00	67	-0.0536	0.0025	0.8830
1349.00	67	-0.0579	0.0115	0.8914
1350.00	67	-0.0556	0.0143	0.6806
1351.00	67	-0.0539	0.0173	0.5713
1352.00	67	-0.0524	0.0190	0.5202
1353.00	67	-0.0492	0.0231	0.4323
1354.00	67	-0.0442	0.0318	0.3106
1355.00	67	-0.0425	0.0355	0.2679
1356.00	67	-0.0407	0.0389	0.2306
1357.00	67	-0.0349	0.0460	0.1556
1358.00	67	-0.0339	0.0498	0.1543
1359.00	67	-0.0256	0.0535	0.1464
1360.00	68	0.1036	0.5723	0.7598
1361.00	68	0.0607	0.5573	0.8164
1362.00	68	0.0474	0.5457	0.8297
1363.00	68	0.0302	0.4656	0.8424
1364.00	68	0.0170	0.3367	0.8394
1365.00	68	0.0257	0.2877	0.8457
1366.00	68	0.0172	0.1637	0.8305
1367.00	68	-0.0094	0.1266	0.8578
1368.00	68	-0.0521	-0.0001	0.8820
1369.00	68	-0.0576	0.0115	0.8880
1370.00	68	-0.0549	0.0159	0.6183
1371.00	68	-0.0542	0.0168	0.5883
1372.00	68	-0.0502	0.0217	0.4572
1373.00	68	-0.0483	0.0245	0.4038
1374.00	68	-0.0467	0.0270	0.3670
1375.00	68	-0.0416	0.0372	0.2488
1376.00	68	-0.0407	0.0389	0.2272
1377.00	68	-0.0352	0.0457	0.1581
1378.00	68	-0.0334	0.0504	0.1541
1379.00	68	-0.0256	0.0535	0.1464
1380.00	69	0.1037	0.5726	0.7572
1381.00	69	0.0616	0.5566	0.8148
1382.00	69	0.0477	0.5458	0.8292
1383.00	69	0.0305	0.4682	0.8423
1384.00	69	0.0167	0.3370	0.8393
1385.00	69	0.0256	0.2850	0.8457
1386.00	69	0.0169	0.1641	0.8320
1387.00	69	-0.0112	0.1167	0.8582
1388.00	69	-0.0541	0.0034	0.8832
1389.00	69	-0.0577	0.0115	0.8895
1390.00	69	-0.0547	0.0163	0.6055
1391.00	69	-0.0542	0.0168	0.5883
1392.00	69	-0.0525	0.0188	0.5244
1393.00	69	-0.0494	0.0228	0.4364
1394.00	69	-0.0437	0.0328	0.2988
1395.00	69	-0.0409	0.0385	0.2342
1396.00	69	-0.0386	0.0423	0.1928
1397.00	69	-0.0338	0.0490	0.1524
1398.00	69	-0.0323	0.0513	0.1513
1399.00	69	-0.0256	0.0535	0.1464
1400.00	70	0.1032	0.5714	0.7672
1401.00	70	0.0615	0.5565	0.8144
1402.00	70	0.0473	0.5456	0.8299
1403.00	70	0.0285	0.4515	0.8436
1404.00	70	0.0168	0.3369	0.8395
1405.00	70	0.0248	0.2787	0.8457
1406.00	70	0.0169	0.1641	0.8320
1407.00	70	-0.0092	0.1278	0.8577
1408.00	70	-0.0525	0.0007	0.8823
1409.00	70	-0.0582	0.0116	0.8937
1410.00	70	-0.0549	0.0160	0.6140
1411.00	70	-0.0525	0.0188	0.5244
1412.00	70	-0.0524	0.0190	0.5202
1413.00	70	-0.0472	0.0263	0.3791
1414.00	70	-0.0440	0.0322	0.3067
1415.00	70	-0.0414	0.0376	0.2451
1416.00	70	-0.0400	0.0402	0.2132
1417.00	70	-0.0329	0.0479	0.1482
1418.00	70	-0.0341	0.0495	0.1536
1419.00	70	-0.0256	0.0535	0.1464
1420.00	71	0.1007	0.5682	0.7922
1421.00	71	0.0614	0.5575	0.8163
1422.00	71	0.0470	0.5456	0.8302
1423.00	71	0.0285	0.4515	0.8436
1424.00	71	0.0170	0.3367	0.8394
1425.00	71	0.0247	0.2774	0.8457
1426.00	71	0.0166	0.1644	0.8330
1427.00	71	-0.0108	0.1192	0.8580
1428.00	71	-0.0546	0.0043	0.8834
1429.00	71	-0.0585	0.0118	0.8951
1430.00	71	-0.0549	0.0159	0.6183
1431.00	71	-0.0522	0.0192	0.5159
1432.00	71	-0.0522	0.0192	0.5159
1433.00	71	-0.0492	0.0231	0.4323
1434.00	71	-0.0443	0.0315	0.3146
1435.00	71	-0.0429	0.0345	0.2793
1436.00	71	-0.0374	0.0434	0.1777
1437.00	71	-0.0349	0.0460	0.1556
1438.00	71	-0.0326	0.0511	0.1523
1439.00	71	-0.0256	0.0535	0.1464
1440.00	72	0.1026	0.5704	0.7761
1441.00	72	0.0614	0.5562	0.8139
1442.00	72	0.0471	0.5456	0.8300
1443.00	72	0.0285	0.4515	0.8436
1444.00	72	0.0172	0.3366	0.8393
1445.00	72	0.0249	0.2800	0.8458
1446.00	72	0.0172	0.1635	0.8297
1447.00	72	-0.0105	0.1204	0.8580
1448.00	72	-0.0538	0.0030	0.8832
1449.00	72	-0.0576	0.0115	0.8880
1450.00	72	-0.0549	0.0160	0.6140
1451.00	72	-0.0522	0.0193	0.5117
1452.00	72	-0.0503	0.0215	0.4613
1453.00	72	-0.0480	0.0250	0.3956
1454.00	72	-0.0443	0.0315	0.3146
1455.00	72	-0.0403	0.0396	0.2201
1456.00	72	-0.0402	0.0399	0.2167
1457.00	72	-0.0341	0.0469	0.1507
1458.00	72	-0.0326	0.0511	0.1523
1459.00	72	-0.0256	0.0535	0.1464
1460.00	73	0.1014	0.5689	0.7874
1461.00	73	0.0614	0.5575	0.8163
1462.00	73	0.0476	0.5458	0.8293
1463.00	73	0.0292	0.4580	0.8432
1464.00	73	0.0173	0.3366	0.8392
1465.00	73	0.0231	0.2626	0.8454
1466.00	73	0.0172	0.1636	0.8303
1467.00	73	-0.0130	0.1082	0.8584
1468.00	73	-0.0548	0.0045	0.8834
1469.00	73	-0.0577	0.0115	0.8895
1470.00	73	-0.0552	0.0153	0.6434
1471.00	73	-0.0527	0.0187	0.5286
1472.00	73	-0.0522	0.0193	0.5117
1473.00	73	-0.0472	0.0263	0.3791
1474.00	73	-0.0432	0.0339	0.2871
1475.00	73	-0.0416	0.0372	0.2488
1476.00	73	-0.0374	0.0434	0.1777
1477.00	73	-0.0330	0.0481	0.1491
1478.00	73	-0.0278	0.0528	0.1472
1479.00	73	-0.0256	0.0535	0.1464
1480.00	74	0.1029	0.5709	0.7717
1481.00	74	0.0615	0.5563	0.8142
1482.00	74	0.0474	0.5457	0.8298
1483.00	74	0.0292	0.4580	0.8432
1484.00	74	0.0169	0.3368	0.8395
1485.00	74	0.0241	0.2724	0.8457
1486.00	74	0.0168	0.1642	0.8326
1487.00	74	-0.0120	0.1130	0.8583
1488.00	74	-0.0528	0.0011	0.8825
1489.00	74	-0.0582	0.0117	0.8940
1490.00	74	-0.0547	0.0162	0.6098
1491.00	74	-0.0522	0.0193	0.5117
1492.00	74	-0.0515	0.0202	0.4907
1493.00	74	-0.0481	0.0248	0.3997
1494.00	74	-0.0429	0.0345	0.2793
1495.00	74	-0.0426	0.0352	0.2716
1496.00	74	-0.0368	0.0441	0.1717
1497.00	74	-0.0356	0.0453	0.1607
1498.00	74	-0.0331	0.0506	0.1537
1499.00	74	-0.0256	0.0535	0.1464
1500.00	75	0.1012	0.5686	0.7891
1501.00	75	0.0614	0.5574	0.8162
1502.00	75	0.0470	0.5456	0.8303
1503.00	75	0.0285	0.4515	0.8436
1504.00	75	0.0168	0.3368	0.8395
1505.00	75	0.0248	0.2787	0.8457
1506.00	75	0.0170	0.1640	0.8316
1507.00	75	-0.0122	0.1118	0.8583
1508.00	75	-0.0532	0.0018	0.8828
1509.00	75	-0.0577	0.0115	0.8888
1510.00	75	-0.0542	0.0168	0.5883
1511.00	75	-0.0540	0.0172	0.5755
1512.00	75	-0.0517	0.0199	0.4990
1513.00	75	-0.0490	0.0234	0.4203
1514.00	75	-0.0460	0.0284	0.3507
1515.00	75	-0.0421	0.0363	0.2601
1516.00	75	-0.0391	0.0415	0.1997
1517.00	75	-0.0337	0.0500	0.1544
1518.00	75	-0.0320	0.0519	0.1489
1519.00	75	-0.0256	0.0535	0.1464
1520.00	76	0.1012	0.5686	0.7891
1521.00	76	0.0614	0.5573	0.8160
1522.00	76	0.0469	0.5455	0.8304
1523.00	76	0.0276	0.4366	0.8444
1524.00	76	0.0168	0.3368	0.8395
1525.00	76	0.0238	0.2687	0.8456
1526.00	76	0.0164	0.1646	0.8338
1527.00	76	-0.0105	0.1204	0.8580
1528.00	76	-0.0549	0.0047	0.8834
1529.00	76	-0.0576	0.0114	0.8872
1530.00	76	-0.0540	0.0172	0.5755
1531.00	76	-0.0531	0.0182	0.5414
1532.00	76	-0.0509	0.0208	0.4781
1533.00	76	-0.0460	0.0284	0.3507
1534.00	76	-0.0447	0.0309	0.3226
1535.00	76	-0.0396	0.0408	0.2064
1536.00	76	-0.0344	0.0466	0.1530
1537.00	76	-0.0340	0.0496	0.1540
1538.00	76	-0.0326	0.0511	0.1523
1539.00	76	-0.0256	0.0535	0.1464
1540.00	77	0.1000	0.5675	0.7965
1541.00	77	0.0617	0.5577	0.8172
1542.00	77	0.0471	0.5456	0.8300
1543.00	77	0.0290	0.4567	0.8432
1544.00	77	0.0171	0.3366	0.8393
1545.00	77	0.0235	0.2663	0.8455
1546.00	77	0.0162	0.1647	0.8343
1547.00	77	-0.0096	0.1253	0.8578
1548.00	77	-0.0541	0.0034	0.8832
1549.00	77	-0.0573	0.0113	0.8814
1550.00	77	-0.0544	0.0167	0.5928
1551.00	77	-0.0525	0.0188	0.5244
1552.00	77	-0.0490	0.0234	0.4203
1553.00	77	-0.0480	0.0250	0.3956
1554.00	77	-0.0430	0.0342	0.2832
1555.00	77	-0.0414	0.0376	0.2451
1556.00	77	-0.0344	0.0466	0.1530
1557.00	77	-0.0329	0.0477	0.1475
1558.00	77	-0.0283	0.0525	0.1471
1559.00	77	-0.0256	0.0535	0.1464
1560.00	78	0.0996	0.5671	0.7992
1561.00	78	0.0615	0.5576	0.8167
1562.00	78	0.0474	0.5457	0.8298
1563.00	78	0.0280	0.4440	0.8441
1564.00	78	0.0170	0.3367	0.8394
1565.00	78	0.0226	0.2565	0.8448
1566.00	78	0.0162	0.1647	0.8343
1567.00	78	-0.0099	0.1241	0.8578
1568.00	78	-0.0544	0.0039	0.8833
1569.00	78	-0.0574	0.0113	0.8835
1570.00	78	-0.0551	0.0154	0.6392
1571.00	78	-0.0532	0.0181	0.5457
1572.00	78	-0.0500	0.0219	0.4530
1573.00	78	-0.0458	0.0287	0.3466
1574.00	78	-0.0427	0.0349	0.2754
1575.00	78	-0.0407	0.0389	0.2272
1576.00	78	-0.0352	0.0457	0.1581
1577.00	78	-0.0341	0.0495	0.1536
1578.00	78	-0.0311	0.0519	0.1467
1579.00	78	-0.0256	0.0535	0.1464
1580.00	79	0.1028	0.5706	0.7739
1581.00	79	0.0617	0.5577	0.8170
1582.00	79	0.0471	0.5456	0.8301
1583.00	79	0.0288	0.4541	0.8434
1584.00	79	0.0172	0.3366	0.8392
1585.00	79	0.0243	0.2737	0.8457
1586.00	79	0.0156	0.1651	0.8359
1587.00	79	-0.0141	0.1022	0.8586
1588.00	79	-0.0546	0.0043	0.8834
1589.00	79	-0.0580	0.0116	0.8924
1590.00	79	-0.0539	0.0173	0.5713
1591.00	79	-0.0524	0.0190	0.5202
1592.00	79	-0.0490	0.0234	0.4203
1593.00	79	-0.0485	0.0241	0.4118
1594.00	79	-0.0430	0.0342	0.2832
1595.00	79	-0.0412	0.0379	0.2414
1596.00	79	-0.0341	0.0469	0.1507
1597.00	79	-0.0331	0.0506	0.1537
1598.00	79	-0.0322	0.0516	0.1502
1599.00	79	-0.0256	0.0535	0.1464
